Time,Interval (mins),Complete,Phase C-A Min Volts,Phase C-A Avg Volts,Phase C-A Max Volts,Phase A Min Amps,Phase A Avg Amps,Phase A Max Amps,Phase C-A Voltage THD,Phase A Harmonic Current (A),Phase C-A V-Harmonic 2nd,Phase C-A V-Harmonic 3rd,Phase C-A V-Harmonic 4th,Phase C-A V-Harmonic 5th,Phase C-A V-Harmonic 6th,Phase C-A V-Harmonic 7th,Phase C-A V-Harmonic 8th,Phase C-A V-Harmonic 9th,Phase C-A V-Harmonic 10th,Phase C-A V-Harmonic 11th,Phase C-A V-Harmonic 12th,Phase C-A V-Harmonic 13th,Phase C-A V-Harmonic 14th,Phase C-A V-Harmonic 15th,Phase C-A V-Harmonic 16th,Phase C-A V-Harmonic 17th,Phase C-A V-Harmonic 18th,Phase C-A V-Harmonic 19th,Phase C-A V-Harmonic 20th,Phase C-A V-Harmonic 21st,Phase C-A V-Harmonic 22nd,Phase C-A V-Harmonic 23rd,Phase C-A V-Harmonic 24th,Phase C-A V-Harmonic 25th,Phase A I-Harmonic 2nd (A),Phase A I-Harmonic 3rd (A),Phase A I-Harmonic 4th (A),Phase A I-Harmonic 5th (A),Phase A I-Harmonic 6th (A),Phase A I-Harmonic 7th (A),Phase A I-Harmonic 8th (A),Phase A I-Harmonic 9th (A),Phase A I-Harmonic 10th (A),Phase A I-Harmonic 11th (A),Phase A I-Harmonic 12th (A),Phase A I-Harmonic 13th (A),Phase A I-Harmonic 14th (A),Phase A I-Harmonic 15th (A),Phase A I-Harmonic 16th (A),Phase A I-Harmonic 17th (A),Phase A I-Harmonic 18th (A),Phase A I-Harmonic 19th (A),Phase A I-Harmonic 20th (A),Phase A I-Harmonic 21st (A),Phase A I-Harmonic 22nd (A),Phase A I-Harmonic 23rd (A),Phase A I-Harmonic 24th (A),Phase A I-Harmonic 25th (A),Phase B-C Min Volts,Phase B-C Avg Volts,Phase B-C Max Volts,Phase B Min Amps,Phase B Avg Amps,Phase B Max Amps,Phase B-C Voltage THD,Phase B Harmonic Current (A),Phase B-C V-Harmonic 2nd,Phase B-C V-Harmonic 3rd,Phase B-C V-Harmonic 4th,Phase B-C V-Harmonic 5th,Phase B-C V-Harmonic 6th,Phase B-C V-Harmonic 7th,Phase B-C V-Harmonic 8th,Phase B-C V-Harmonic 9th,Phase B-C V-Harmonic 10th,Phase B-C V-Harmonic 11th,Phase B-C V-Harmonic 12th,Phase B-C V-Harmonic 13th,Phase B-C V-Harmonic 14th,Phase B-C V-Harmonic 15th,Phase B-C V-Harmonic 16th,Phase B-C V-Harmonic 17th,Phase B-C V-Harmonic 18th,Phase B-C V-Harmonic 19th,Phase B-C V-Harmonic 20th,Phase B-C V-Harmonic 21st,Phase B-C V-Harmonic 22nd,Phase B-C V-Harmonic 23rd,Phase B-C V-Harmonic 24th,Phase B-C V-Harmonic 25th,Phase B I-Harmonic 2nd (A),Phase B I-Harmonic 3rd (A),Phase B I-Harmonic 4th (A),Phase B I-Harmonic 5th (A),Phase B I-Harmonic 6th (A),Phase B I-Harmonic 7th (A),Phase B I-Harmonic 8th (A),Phase B I-Harmonic 9th (A),Phase B I-Harmonic 10th (A),Phase B I-Harmonic 11th (A),Phase B I-Harmonic 12th (A),Phase B I-Harmonic 13th (A),Phase B I-Harmonic 14th (A),Phase B I-Harmonic 15th (A),Phase B I-Harmonic 16th (A),Phase B I-Harmonic 17th (A),Phase B I-Harmonic 18th (A),Phase B I-Harmonic 19th (A),Phase B I-Harmonic 20th (A),Phase B I-Harmonic 21st (A),Phase B I-Harmonic 22nd (A),Phase B I-Harmonic 23rd (A),Phase B I-Harmonic 24th (A),Phase B I-Harmonic 25th (A),Phase A-B Min Volts,Phase A-B Avg Volts,Phase A-B Max Volts,Phase C Min Amps,Phase C Avg Amps,Phase C Max Amps,Phase A-B Voltage THD,Phase C Harmonic Current (A),Phase A-B V-Harmonic 2nd,Phase A-B V-Harmonic 3rd,Phase A-B V-Harmonic 4th,Phase A-B V-Harmonic 5th,Phase A-B V-Harmonic 6th,Phase A-B V-Harmonic 7th,Phase A-B V-Harmonic 8th,Phase A-B V-Harmonic 9th,Phase A-B V-Harmonic 10th,Phase A-B V-Harmonic 11th,Phase A-B V-Harmonic 12th,Phase A-B V-Harmonic 13th,Phase A-B V-Harmonic 14th,Phase A-B V-Harmonic 15th,Phase A-B V-Harmonic 16th,Phase A-B V-Harmonic 17th,Phase A-B V-Harmonic 18th,Phase A-B V-Harmonic 19th,Phase A-B V-Harmonic 20th,Phase A-B V-Harmonic 21st,Phase A-B V-Harmonic 22nd,Phase A-B V-Harmonic 23rd,Phase A-B V-Harmonic 24th,Phase A-B V-Harmonic 25th,Phase C I-Harmonic 2nd (A),Phase C I-Harmonic 3rd (A),Phase C I-Harmonic 4th (A),Phase C I-Harmonic 5th (A),Phase C I-Harmonic 6th (A),Phase C I-Harmonic 7th (A),Phase C I-Harmonic 8th (A),Phase C I-Harmonic 9th (A),Phase C I-Harmonic 10th (A),Phase C I-Harmonic 11th (A),Phase C I-Harmonic 12th (A),Phase C I-Harmonic 13th (A),Phase C I-Harmonic 14th (A),Phase C I-Harmonic 15th (A),Phase C I-Harmonic 16th (A),Phase C I-Harmonic 17th (A),Phase C I-Harmonic 18th (A),Phase C I-Harmonic 19th (A),Phase C I-Harmonic 20th (A),Phase C I-Harmonic 21st (A),Phase C I-Harmonic 22nd (A),Phase C I-Harmonic 23rd (A),Phase C I-Harmonic 24th (A),Phase C I-Harmonic 25th (A),Total Apparent Power (VA),Total PF (Lagging is +),Total Real Power (W),Total Reactive Power (VAR),Min Frequency (Hz),Avg Frequency (Hz),Max Frequency (Hz)
24-Jul-2018 09:40:00,10.000,Y,115.78,116.86,117.36,3.52,8.80,15.38,2.27%,2.02,0.12%,1.29%,0.04%,1.62%,0.03%,0.63%,0.02%,0.56%,0.02%,0.04%,0.02%,0.12%,0.01%,0.30%,0.01%,0.10%,0.01%,0.04%,0.01%,0.15%,0.01%,0.03%,0.01%,0.03%,0.02,1.43,0.01,0.78,0.01,0.70,0.01,0.65,0.01,0.44,0.01,0.33,0.01,0.30,0.01,0.22,0.01,0.14,0.01,0.13,0.01,0.09,0.00,0.07,115.86,116.86,117.38,0.35,0.67,1.28,2.25%,0.31,0.12%,1.26%,0.05%,1.72%,0.04%,0.53%,0.02%,0.41%,0.03%,0.10%,0.01%,0.12%,0.01%,0.18%,0.01%,0.05%,0.01%,0.05%,0.01%,0.07%,0.01%,0.03%,0.01%,0.05%,0.01,0.23,0.01,0.16,0.01,0.10,0.01,0.05,0.00,0.01,0.00,0.03,0.00,0.03,0.00,0.02,0.00,0.00,0.00,0.01,0.00,0.01,0.00,0.01,231.62,232.94,233.64,0.00,0.00,0.00,2.25%,0.00,0.12%,1.27%,0.04%,1.67%,0.03%,0.58%,0.02%,0.49%,0.02%,0.03%,0.01%,0.09%,0.01%,0.23%,0.01%,0.06%,0.01%,0.01%,0.01%,0.11%,0.01%,0.01%,0.01%,0.02%,0.00,0.00,0.00,0.00,0.00,0.00,0.00,0.00,0.00,0.00,0.00,0.00,0.00,0.00,0.00,0.00,0.00,0.00,0.00,0.00,0.00,0.00,0.00,0.00,1104,-0.938,1056,-60,59.93,60.00,60.05
24-Jul-2018 09:50:00,10.000,Y,116.14,117.58,118.16,3.51,4.67,16.59,2.25%,1.98,0.13%,1.29%,0.05%,1.57%,0.03%,0.62%,0.03%,0.59%,0.02%,0.06%,0.02%,0.11%,0.01%,0.31%,0.01%,0.12%,0.01%,0.04%,0.01%,0.15%,0.01%,0.04%,0.01%,0.03%,0.02,1.40,0.01,0.76,0.01,0.68,0.01,0.66,0.01,0.44,0.01,0.31,0.01,0.29,0.01,0.22,0.01,0.14,0.01,0.12,0.01,0.09,0.01,0.07,116.08,117.24,117.96,0.34,0.42,0.48,2.25%,0.23,0.13%,1.26%,0.05%,1.71%,0.04%,0.52%,0.03%,0.44%,0.03%,0.09%,0.02%,0.11%,0.01%,0.19%,0.01%,0.06%,0.01%,0.06%,0.01%,0.08%,0.01%,0.03%,0.01%,0.05%,0.01,0.19,0.01,0.10,0.01,0.08,0.01,0.04,0.00,0.02,0.00,0.02,0.00,0.02,0.00,0.02,0.00,0.01,0.00,0.00,0.00,0.01,0.00,0.01,232.08,234.02,234.78,0.00,0.00,0.00,2.24%,0.00,0.13%,1.27%,0.05%,1.64%,0.03%,0.57%,0.02%,0.51%,0.03%,0.04%,0.02%,0.07%,0.01%,0.25%,0.01%,0.08%,0.01%,0.02%,0.01%,0.11%,0.01%,0.02%,0.01%,0.03%,0.00,0.00,0.00,0.00,0.00,0.00,0.00,0.00,0.00,0.00,0.00,0.00,0.00,0.00,0.00,0.00,0.00,0.00,0.00,0.00,0.00,0.00,0.00,0.00,600,0.894,528,24,59.95,60.00,60.05
24-Jul-2018 10:00:00,10.000,Y,115.42,117.22,117.98,3.51,4.36,16.63,2.30%,2.04,0.12%,1.35%,0.04%,1.58%,0.03%,0.66%,0.02%,0.59%,0.02%,0.06%,0.02%,0.13%,0.01%,0.33%,0.01%,0.12%,0.01%,0.04%,0.01%,0.16%,0.01%,0.03%,0.01%,0.04%,0.02,1.45,0.01,0.77,0.01,0.70,0.01,0.69,0.01,0.47,0.01,0.33,0.01,0.31,0.01,0.23,0.01,0.15,0.01,0.13,0.01,0.10,0.01,0.08,116.28,117.28,117.72,0.34,0.42,0.48,2.29%,0.23,0.12%,1.29%,0.05%,1.72%,0.03%,0.57%,0.03%,0.43%,0.03%,0.10%,0.01%,0.12%,0.01%,0.19%,0.01%,0.06%,0.02%,0.06%,0.01%,0.10%,0.01%,0.02%,0.01%,0.06%,0.01,0.19,0.01,0.10,0.01,0.08,0.01,0.04,0.00,0.02,0.00,0.02,0.00,0.02,0.00,0.02,0.00,0.01,0.00,0.00,0.00,0.01,0.00,0.01,231.68,233.70,234.66,0.00,0.00,0.00,2.28%,0.00,0.12%,1.32%,0.05%,1.65%,0.03%,0.61%,0.02%,0.51%,0.02%,0.04%,0.01%,0.08%,0.01%,0.25%,0.01%,0.08%,0.01%,0.02%,0.01%,0.12%,0.01%,0.02%,0.01%,0.03%,0.00,0.00,0.00,0.00,0.00,0.00,0.00,0.00,0.00,0.00,0.00,0.00,0.00,0.00,0.00,0.00,0.00,0.00,0.00,0.00,0.00,0.00,0.00,0.00,552,0.845,480,36,59.94,59.99,60.08
24-Jul-2018 10:10:00,10.000,Y,115.68,116.92,117.56,3.97,4.84,11.50,2.24%,2.06,0.11%,1.30%,0.04%,1.52%,0.03%,0.69%,0.02%,0.59%,0.02%,0.06%,0.01%,0.10%,0.01%,0.31%,0.01%,0.11%,0.01%,0.04%,0.01%,0.15%,0.01%,0.03%,0.01%,0.04%,0.02,1.45,0.01,0.80,0.01,0.72,0.01,0.69,0.01,0.45,0.01,0.32,0.01,0.30,0.01,0.22,0.01,0.14,0.01,0.14,0.01,0.10,0.00,0.08,115.42,116.76,117.66,0.34,0.52,3.07,2.32%,0.26,0.11%,1.35%,0.05%,1.71%,0.04%,0.56%,0.03%,0.42%,0.03%,0.11%,0.01%,0.14%,0.01%,0.21%,0.01%,0.07%,0.01%,0.06%,0.01%,0.10%,0.01%,0.03%,0.01%,0.06%,0.01,0.20,0.01,0.12,0.01,0.09,0.00,0.05,0.00,0.02,0.00,0.02,0.00,0.02,0.00,0.02,0.00,0.01,0.00,0.00,0.00,0.01,0.00,0.01,230.34,232.90,234.12,0.00,0.00,0.00,2.26%,0.00,0.11%,1.33%,0.05%,1.62%,0.03%,0.61%,0.02%,0.50%,0.02%,0.04%,0.01%,0.08%,0.01%,0.25%,0.01%,0.08%,0.01%,0.02%,0.01%,0.12%,0.01%,0.02%,0.01%,0.03%,0.00,0.00,0.00,0.00,0.00,0.00,0.00,0.00,0.00,0.00,0.00,0.00,0.00,0.00,0.00,0.00,0.00,0.00,0.00,0.00,0.00,0.00,0.00,0.00,624,0.880,552,24,59.94,60.00,60.04
24-Jul-2018 10:20:00,10.000,Y,115.62,116.74,117.34,3.95,4.61,15.20,2.23%,1.95,0.13%,1.30%,0.05%,1.51%,0.03%,0.69%,0.02%,0.58%,0.02%,0.05%,0.01%,0.10%,0.01%,0.29%,0.01%,0.10%,0.01%,0.04%,0.01%,0.14%,0.01%,0.04%,0.01%,0.04%,0.02,1.39,0.01,0.76,0.01,0.67,0.01,0.65,0.01,0.43,0.01,0.29,0.01,0.27,0.01,0.20,0.01,0.13,0.01,0.13,0.01,0.10,0.00,0.07,115.42,116.48,117.06,0.63,0.73,1.27,2.39%,0.33,0.12%,1.40%,0.05%,1.74%,0.04%,0.61%,0.03%,0.46%,0.03%,0.10%,0.01%,0.14%,0.01%,0.23%,0.01%,0.07%,0.01%,0.06%,0.01%,0.09%,0.01%,0.04%,0.01%,0.07%,0.01,0.24,0.01,0.18,0.01,0.11,0.01,0.06,0.00,0.01,0.00,0.03,0.00,0.03,0.00,0.02,0.00,0.01,0.00,0.01,0.00,0.01,0.00,0.01,231.14,232.44,233.06,0.00,0.00,0.00,2.29%,0.00,0.12%,1.35%,0.05%,1.62%,0.03%,0.64%,0.02%,0.51%,0.02%,0.05%,0.01%,0.09%,0.01%,0.26%,0.01%,0.08%,0.01%,0.01%,0.01%,0.11%,0.01%,0.03%,0.01%,0.03%,0.00,0.00,0.00,0.00,0.00,0.00,0.00,0.00,0.00,0.00,0.00,0.00,0.00,0.00,0.00,0.00,0.00,0.00,0.00,0.00,0.00,0.00,0.00,0.00,624,0.881,552,24,59.96,60.00,60.04
24-Jul-2018 10:30:00,10.000,Y,114.68,116.50,117.28,3.94,4.54,10.91,2.24%,1.99,0.13%,1.36%,0.05%,1.46%,0.03%,0.71%,0.02%,0.59%,0.02%,0.06%,0.02%,0.11%,0.02%,0.29%,0.01%,0.10%,0.01%,0.04%,0.01%,0.14%,0.01%,0.04%,0.01%,0.04%,0.02,1.42,0.01,0.77,0.01,0.69,0.01,0.67,0.01,0.44,0.01,0.30,0.01,0.29,0.01,0.21,0.01,0.14,0.01,0.14,0.01,0.11,0.01,0.08,114.68,116.22,116.76,0.64,0.74,1.24,2.38%,0.33,0.13%,1.40%,0.05%,1.72%,0.04%,0.64%,0.03%,0.47%,0.02%,0.09%,0.02%,0.15%,0.02%,0.21%,0.01%,0.08%,0.01%,0.06%,0.01%,0.11%,0.01%,0.04%,0.01%,0.07%,0.00,0.24,0.00,0.18,0.00,0.11,0.00,0.05,0.00,0.01,0.00,0.03,0.00,0.03,0.00,0.03,0.00,0.01,0.00,0.01,0.00,0.01,0.00,0.01,228.86,231.94,232.78,0.00,0.00,0.00,2.30%,0.00,0.13%,1.38%,0.05%,1.59%,0.03%,0.66%,0.02%,0.52%,0.02%,0.04%,0.02%,0.11%,0.02%,0.25%,0.01%,0.08%,0.01%,0.02%,0.01%,0.12%,0.01%,0.02%,0.01%,0.04%,0.00,0.00,0.00,0.00,0.00,0.00,0.00,0.00,0.00,0.00,0.00,0.00,0.00,0.00,0.00,0.00,0.00,0.00,0.00,0.00,0.00,0.00,0.00,0.00,612,0.878,540,24,59.95,60.00,60.08
24-Jul-2018 10:40:00,10.000,Y,115.36,116.68,117.32,4.24,4.80,11.16,2.24%,2.22,0.12%,1.37%,0.04%,1.43%,0.03%,0.71%,0.02%,0.63%,0.02%,0.09%,0.01%,0.11%,0.01%,0.30%,0.01%,0.12%,0.01%,0.04%,0.01%,0.14%,0.01%,0.04%,0.01%,0.03%,0.02,1.57,0.01,0.86,0.01,0.76,0.01,0.75,0.01,0.50,0.01,0.34,0.01,0.32,0.01,0.23,0.01,0.15,0.01,0.15,0.01,0.12,0.01,0.08,113.82,115.04,116.22,0.63,0.74,1.21,2.44%,0.34,0.12%,1.50%,0.05%,1.73%,0.04%,0.60%,0.03%,0.43%,0.02%,0.11%,0.02%,0.18%,0.02%,0.22%,0.01%,0.07%,0.01%,0.05%,0.01%,0.11%,0.01%,0.04%,0.01%,0.06%,0.01,0.25,0.01,0.19,0.01,0.12,0.01,0.06,0.01,0.01,0.00,0.02,0.00,0.03,0.00,0.03,0.00,0.01,0.00,0.01,0.00,0.01,0.00,0.01,229.58,230.94,232.02,0.00,0.00,0.00,2.32%,0.00,0.12%,1.43%,0.04%,1.58%,0.03%,0.64%,0.02%,0.53%,0.02%,0.03%,0.01%,0.12%,0.01%,0.26%,0.01%,0.09%,0.01%,0.01%,0.01%,0.12%,0.01%,0.02%,0.01%,0.03%,0.00,0.00,0.00,0.00,0.00,0.00,0.00,0.00,0.00,0.00,0.00,0.00,0.00,0.00,0.00,0.00,0.00,0.00,0.00,0.00,0.00,0.00,0.00,0.00,648,0.870,564,12,59.94,60.00,60.05
24-Jul-2018 10:50:00,10.000,Y,115.24,116.38,116.90,4.02,4.50,10.65,2.25%,2.23,0.11%,1.38%,0.04%,1.47%,0.03%,0.69%,0.02%,0.61%,0.02%,0.06%,0.01%,0.11%,0.01%,0.29%,0.01%,0.10%,0.01%,0.03%,0.01%,0.14%,0.01%,0.04%,0.01%,0.04%,0.02,1.62,0.01,0.87,0.01,0.73,0.01,0.71,0.01,0.47,0.01,0.32,0.01,0.30,0.01,0.22,0.01,0.15,0.01,0.15,0.01,0.12,0.00,0.09,114.04,115.50,116.50,0.66,0.76,1.24,2.44%,0.35,0.11%,1.48%,0.05%,1.75%,0.04%,0.60%,0.03%,0.44%,0.02%,0.12%,0.01%,0.18%,0.02%,0.23%,0.01%,0.06%,0.01%,0.06%,0.01%,0.12%,0.01%,0.04%,0.01%,0.06%,0.01,0.25,0.01,0.19,0.01,0.12,0.01,0.07,0.00,0.01,0.00,0.02,0.00,0.03,0.00,0.03,0.00,0.01,0.00,0.00,0.00,0.01,0.00,0.01,229.32,231.10,232.28,0.00,0.00,0.00,2.33%,0.00,0.11%,1.43%,0.05%,1.61%,0.03%,0.63%,0.02%,0.52%,0.02%,0.03%,0.01%,0.12%,0.01%,0.26%,0.01%,0.08%,0.01%,0.02%,0.01%,0.13%,0.01%,0.02%,0.01%,0.03%,0.00,0.00,0.00,0.00,0.00,0.00,0.00,0.00,0.00,0.00,0.00,0.00,0.00,0.00,0.00,0.00,0.00,0.00,0.00,0.00,0.00,0.00,0.00,0.00,612,0.901,528,12,59.94,59.99,60.04
24-Jul-2018 11:00:00,10.000,Y,114.42,115.74,116.54,3.99,4.22,4.59,2.25%,2.00,0.13%,1.39%,0.05%,1.46%,0.03%,0.69%,0.02%,0.60%,0.02%,0.05%,0.02%,0.11%,0.01%,0.29%,0.01%,0.09%,0.01%,0.02%,0.01%,0.14%,0.01%,0.04%,0.01%,0.04%,0.02,1.47,0.01,0.77,0.01,0.65,0.01,0.64,0.01,0.42,0.01,0.28,0.01,0.28,0.01,0.21,0.01,0.14,0.01,0.15,0.01,0.11,0.00,0.08,113.74,115.30,116.44,0.66,0.75,1.24,2.30%,0.35,0.13%,1.40%,0.05%,1.63%,0.03%,0.58%,0.03%,0.43%,0.03%,0.10%,0.02%,0.15%,0.01%,0.20%,0.01%,0.06%,0.01%,0.05%,0.01%,0.09%,0.01%,0.03%,0.01%,0.06%,0.01,0.25,0.01,0.19,0.01,0.12,0.01,0.07,0.00,0.00,0.00,0.02,0.00,0.03,0.00,0.03,0.00,0.01,0.00,0.01,0.00,0.01,0.00,0.01,228.50,230.28,231.90,0.00,0.00,0.00,2.26%,0.00,0.13%,1.39%,0.05%,1.55%,0.03%,0.63%,0.02%,0.51%,0.02%,0.04%,0.02%,0.11%,0.01%,0.24%,0.01%,0.07%,0.01%,0.02%,0.01%,0.11%,0.01%,0.02%,0.01%,0.03%,0.00,0.00,0.00,0.00,0.00,0.00,0.00,0.00,0.00,0.00,0.00,0.00,0.00,0.00,0.00,0.00,0.00,0.00,0.00,0.00,0.00,0.00,0.00,0.00,576,0.873,492,12,59.95,60.00,60.05
24-Jul-2018 11:10:00,10.000,Y,114.58,115.74,116.44,3.98,4.45,10.83,2.27%,2.17,0.13%,1.47%,0.05%,1.41%,0.03%,0.70%,0.02%,0.61%,0.02%,0.06%,0.02%,0.10%,0.01%,0.29%,0.01%,0.10%,0.01%,0.03%,0.01%,0.15%,0.01%,0.04%,0.01%,0.04%,0.02,1.58,0.01,0.84,0.01,0.71,0.01,0.70,0.01,0.46,0.01,0.31,0.01,0.31,0.01,0.23,0.01,0.16,0.01,0.16,0.01,0.12,0.01,0.08,114.58,115.90,116.40,0.65,0.76,1.34,2.29%,0.35,0.13%,1.44%,0.05%,1.60%,0.03%,0.60%,0.03%,0.42%,0.03%,0.10%,0.02%,0.14%,0.01%,0.20%,0.01%,0.06%,0.01%,0.05%,0.01%,0.09%,0.01%,0.03%,0.01%,0.07%,0.01,0.26,0.01,0.19,0.01,0.12,0.01,0.07,0.01,0.00,0.00,0.02,0.00,0.03,0.00,0.03,0.00,0.01,0.00,0.01,0.00,0.01,0.00,0.01,228.40,230.86,231.72,0.00,0.00,0.00,2.27%,0.00,0.13%,1.45%,0.05%,1.50%,0.03%,0.64%,0.02%,0.51%,0.02%,0.04%,0.02%,0.10%,0.01%,0.24%,0.01%,0.07%,0.01%,0.02%,0.01%,0.12%,0.01%,0.01%,0.01%,0.03%,0.00,0.00,0.00,0.00,0.00,0.00,0.00,0.00,0.00,0.00,0.00,0.00,0.00,0.00,0.00,0.00,0.00,0.00,0.00,0.00,0.00,0.00,0.00,0.00,600,0.907,516,12,59.95,60.00,60.05
24-Jul-2018 11:20:00,10.000,Y,115.08,116.14,116.76,4.28,4.46,10.68,2.28%,2.19,0.11%,1.49%,0.04%,1.38%,0.03%,0.72%,0.02%,0.62%,0.02%,0.05%,0.01%,0.11%,0.01%,0.30%,0.01%,0.11%,0.01%,0.04%,0.01%,0.16%,0.01%,0.04%,0.01%,0.04%,0.02,1.58,0.01,0.85,0.01,0.72,0.01,0.71,0.01,0.48,0.01,0.33,0.01,0.33,0.01,0.25,0.01,0.16,0.01,0.15,0.00,0.11,0.00,0.07,114.40,115.76,116.26,0.65,0.74,1.23,2.30%,0.33,0.11%,1.46%,0.05%,1.57%,0.03%,0.62%,0.03%,0.44%,0.02%,0.10%,0.01%,0.15%,0.01%,0.20%,0.01%,0.06%,0.01%,0.04%,0.01%,0.08%,0.01%,0.03%,0.01%,0.06%,0.01,0.25,0.01,0.18,0.01,0.11,0.01,0.06,0.00,0.00,0.00,0.03,0.00,0.03,0.00,0.03,0.00,0.01,0.00,0.01,0.00,0.01,0.00,0.01,229.40,231.14,232.00,0.00,0.00,0.00,2.27%,0.00,0.11%,1.47%,0.04%,1.47%,0.03%,0.67%,0.02%,0.53%,0.02%,0.04%,0.01%,0.10%,0.01%,0.25%,0.01%,0.08%,0.01%,0.01%,0.01%,0.12%,0.01%,0.01%,0.01%,0.03%,0.00,0.00,0.00,0.00,0.00,0.00,0.00,0.00,0.00,0.00,0.00,0.00,0.00,0.00,0.00,0.00,0.00,0.00,0.00,0.00,0.00,0.00,0.00,0.00,600,0.865,516,12,59.95,59.99,60.05
24-Jul-2018 11:30:00,10.000,Y,114.18,115.96,116.70,3.95,4.33,5.32,2.29%,2.11,0.13%,1.53%,0.04%,1.36%,0.03%,0.71%,0.02%,0.61%,0.02%,0.05%,0.02%,0.12%,0.01%,0.30%,0.01%,0.11%,0.01%,0.04%,0.01%,0.15%,0.01%,0.05%,0.01%,0.03%,0.01,1.52,0.01,0.80,0.01,0.69,0.01,0.69,0.01,0.46,0.01,0.33,0.01,0.31,0.01,0.23,0.01,0.14,0.01,0.13,0.01,0.09,0.00,0.06,113.72,114.96,115.94,0.66,0.75,1.34,2.28%,0.34,0.13%,1.47%,0.04%,1.52%,0.03%,0.63%,0.02%,0.44%,0.02%,0.11%,0.02%,0.15%,0.01%,0.18%,0.01%,0.05%,0.01%,0.05%,0.01%,0.08%,0.01%,0.02%,0.01%,0.05%,0.00,0.25,0.00,0.18,0.00,0.11,0.00,0.06,0.00,0.00,0.00,0.03,0.00,0.03,0.00,0.03,0.00,0.01,0.00,0.01,0.00,0.01,0.00,0.01,227.32,230.14,231.70,0.00,0.00,0.00,2.27%,0.00,0.13%,1.50%,0.04%,1.44%,0.03%,0.67%,0.02%,0.52%,0.02%,0.04%,0.02%,0.11%,0.01%,0.24%,0.01%,0.07%,0.01%,0.02%,0.01%,0.11%,0.01%,0.02%,0.01%,0.03%,0.00,0.00,0.00,0.00,0.00,0.00,0.00,0.00,0.00,0.00,0.00,0.00,0.00,0.00,0.00,0.00,0.00,0.00,0.00,0.00,0.00,0.00,0.00,0.00,588,0.869,504,12,59.94,60.00,60.05
24-Jul-2018 11:40:00,10.000,Y,114.38,115.82,116.48,4.00,4.40,4.70,2.32%,2.18,0.11%,1.54%,0.04%,1.37%,0.03%,0.74%,0.02%,0.64%,0.02%,0.07%,0.01%,0.12%,0.01%,0.31%,0.01%,0.12%,0.01%,0.04%,0.01%,0.15%,0.01%,0.03%,0.01%,0.03%,0.01,1.55,0.01,0.83,0.01,0.72,0.01,0.73,0.01,0.50,0.01,0.35,0.01,0.33,0.01,0.24,0.01,0.14,0.01,0.13,0.01,0.09,0.00,0.07,113.52,114.96,115.62,0.66,0.76,1.38,2.29%,0.35,0.11%,1.48%,0.04%,1.53%,0.03%,0.63%,0.02%,0.44%,0.02%,0.12%,0.01%,0.15%,0.01%,0.18%,0.01%,0.06%,0.01%,0.05%,0.01%,0.08%,0.01%,0.03%,0.01%,0.05%,0.00,0.26,0.00,0.19,0.00,0.12,0.00,0.06,0.00,0.01,0.00,0.03,0.00,0.03,0.00,0.03,0.00,0.01,0.00,0.01,0.00,0.01,0.00,0.01,227.36,230.00,230.98,0.00,0.00,0.00,2.29%,0.00,0.10%,1.51%,0.04%,1.45%,0.03%,0.68%,0.02%,0.54%,0.01%,0.04%,0.01%,0.11%,0.01%,0.25%,0.01%,0.08%,0.01%,0.01%,0.01%,0.12%,0.01%,0.01%,0.01%,0.03%,0.00,0.00,0.00,0.00,0.00,0.00,0.00,0.00,0.00,0.00,0.00,0.00,0.00,0.00,0.00,0.00,0.00,0.00,0.00,0.00,0.00,0.00,0.00,0.00,600,0.867,516,12,59.95,59.99,60.02
24-Jul-2018 11:50:00,10.000,Y,114.64,116.14,116.74,3.96,4.23,4.72,2.34%,2.04,0.12%,1.55%,0.04%,1.39%,0.03%,0.77%,0.02%,0.63%,0.02%,0.06%,0.01%,0.13%,0.01%,0.31%,0.01%,0.11%,0.01%,0.05%,0.01%,0.16%,0.01%,0.03%,0.01%,0.03%,0.02,1.45,0.01,0.77,0.01,0.69,0.01,0.69,0.01,0.46,0.01,0.32,0.01,0.30,0.01,0.22,0.01,0.14,0.01,0.13,0.00,0.09,0.00,0.06,113.48,115.00,115.94,0.66,0.74,1.14,2.32%,0.34,0.12%,1.52%,0.04%,1.52%,0.03%,0.65%,0.02%,0.45%,0.02%,0.11%,0.01%,0.15%,0.01%,0.19%,0.01%,0.06%,0.01%,0.04%,0.01%,0.09%,0.01%,0.04%,0.01%,0.05%,0.00,0.25,0.00,0.18,0.00,0.11,0.00,0.06,0.00,0.01,0.00,0.03,0.00,0.03,0.00,0.03,0.00,0.01,0.00,0.01,0.00,0.01,0.00,0.01,227.62,230.38,231.54,0.00,0.00,0.00,2.32%,0.00,0.12%,1.54%,0.04%,1.45%,0.03%,0.70%,0.02%,0.54%,0.02%,0.04%,0.01%,0.11%,0.01%,0.25%,0.01%,0.08%,0.01%,0.01%,0.01%,0.12%,0.01%,0.01%,0.01%,0.03%,0.00,0.00,0.00,0.00,0.00,0.00,0.00,0.00,0.00,0.00,0.00,0.00,0.00,0.00,0.00,0.00,0.00,0.00,0.00,0.00,0.00,0.00,0.00,0.00,576,0.870,504,12,59.95,60.00,60.04
24-Jul-2018 12:00:00,10.000,Y,115.00,116.24,116.80,3.95,5.01,15.98,2.42%,2.32,0.11%,1.64%,0.04%,1.39%,0.03%,0.77%,0.02%,0.65%,0.02%,0.07%,0.01%,0.12%,0.01%,0.32%,0.01%,0.12%,0.01%,0.05%,0.01%,0.16%,0.01%,0.04%,0.01%,0.03%,0.03,1.68,0.02,0.82,0.01,0.76,0.01,0.76,0.01,0.51,0.01,0.36,0.01,0.34,0.01,0.25,0.01,0.15,0.01,0.14,0.00,0.09,0.00,0.07,113.20,114.26,115.06,0.50,0.61,1.09,2.39%,0.23,0.11%,1.61%,0.04%,1.54%,0.03%,0.66%,0.02%,0.47%,0.02%,0.12%,0.01%,0.15%,0.01%,0.20%,0.01%,0.06%,0.01%,0.04%,0.01%,0.09%,0.01%,0.04%,0.01%,0.03%,0.00,0.17,0.00,0.12,0.00,0.08,0.00,0.04,0.00,0.01,0.00,0.02,0.00,0.02,0.00,0.02,0.00,0.01,0.00,0.01,0.00,0.01,0.00,0.01,228.24,229.72,230.60,0.00,0.00,0.00,2.39%,0.00,0.11%,1.63%,0.04%,1.46%,0.03%,0.71%,0.02%,0.56%,0.02%,0.06%,0.01%,0.11%,0.01%,0.26%,0.01%,0.08%,0.01%,0.01%,0.01%,0.13%,0.01%,0.02%,0.01%,0.02%,0.00,0.00,0.00,0.00,0.00,0.00,0.00,0.00,0.00,0.00,0.00,0.00,0.00,0.00,0.00,0.00,0.00,0.00,0.00,0.00,0.00,0.00,0.00,0.00,648,0.906,564,24,59.95,59.99,60.03
24-Jul-2018 12:10:00,10.000,Y,115.24,116.68,117.30,3.80,6.23,14.57,2.50%,2.70,0.11%,1.73%,0.04%,1.42%,0.03%,0.78%,0.02%,0.65%,0.02%,0.08%,0.02%,0.12%,0.01%,0.34%,0.01%,0.13%,0.01%,0.04%,0.01%,0.18%,0.01%,0.04%,0.01%,0.03%,0.11,2.16,0.05,0.69,0.03,0.73,0.01,0.74,0.01,0.49,0.01,0.37,0.01,0.35,0.01,0.25,0.01,0.14,0.01,0.14,0.01,0.09,0.00,0.08,112.50,114.28,114.98,0.74,0.98,1.56,2.48%,0.49,0.12%,1.69%,0.05%,1.57%,0.03%,0.68%,0.03%,0.46%,0.02%,0.14%,0.02%,0.16%,0.01%,0.21%,0.01%,0.07%,0.01%,0.06%,0.01%,0.10%,0.01%,0.04%,0.01%,0.03%,0.01,0.39,0.01,0.25,0.01,0.13,0.00,0.03,0.00,0.05,0.00,0.06,0.00,0.03,0.00,0.01,0.00,0.02,0.00,0.02,0.00,0.01,0.00,0.01,228.00,230.18,231.40,0.00,0.00,0.00,2.48%,0.00,0.11%,1.71%,0.05%,1.49%,0.03%,0.72%,0.02%,0.55%,0.02%,0.08%,0.01%,0.12%,0.01%,0.27%,0.01%,0.09%,0.01%,0.02%,0.01%,0.14%,0.01%,0.03%,0.01%,0.02%,0.00,0.00,0.00,0.00,0.00,0.00,0.00,0.00,0.00,0.00,0.00,0.00,0.00,0.00,0.00,0.00,0.00,0.00,0.00,0.00,0.00,0.00,0.00,0.00,828,0.853,732,48,59.96,60.00,60.05
24-Jul-2018 12:20:00,10.000,Y,114.72,116.58,117.56,3.78,4.25,14.80,2.49%,2.41,0.13%,1.66%,0.05%,1.44%,0.03%,0.81%,0.02%,0.67%,0.02%,0.09%,0.02%,0.12%,0.02%,0.36%,0.01%,0.14%,0.01%,0.04%,0.01%,0.18%,0.01%,0.05%,0.01%,0.03%,0.02,1.68,0.01,0.93,0.01,0.83,0.01,0.82,0.01,0.56,0.01,0.41,0.01,0.39,0.01,0.27,0.01,0.15,0.01,0.14,0.01,0.10,0.00,0.08,113.28,114.52,115.64,0.74,0.95,1.57,2.46%,0.47,0.13%,1.65%,0.06%,1.60%,0.04%,0.66%,0.03%,0.43%,0.03%,0.15%,0.02%,0.18%,0.02%,0.21%,0.01%,0.04%,0.01%,0.07%,0.01%,0.10%,0.01%,0.03%,0.01%,0.03%,0.01,0.38,0.01,0.24,0.01,0.12,0.01,0.03,0.01,0.05,0.00,0.05,0.00,0.03,0.00,0.01,0.00,0.02,0.00,0.02,0.00,0.01,0.00,0.00,228.28,230.32,231.38,0.00,0.00,0.00,2.46%,0.00,0.13%,1.65%,0.05%,1.52%,0.03%,0.73%,0.02%,0.55%,0.02%,0.08%,0.02%,0.12%,0.02%,0.28%,0.01%,0.09%,0.01%,0.02%,0.01%,0.14%,0.01%,0.03%,0.01%,0.02%,0.00,0.00,0.00,0.00,0.00,0.00,0.00,0.00,0.00,0.00,0.00,0.00,0.00,0.00,0.00,0.00,0.00,0.00,0.00,0.00,0.00,0.00,0.00,0.00,600,0.819,492,24,59.94,60.00,60.04
24-Jul-2018 12:30:00,10.000,Y,114.62,115.96,116.62,3.80,6.71,14.41,2.54%,2.76,0.13%,1.72%,0.05%,1.49%,0.03%,0.77%,0.03%,0.66%,0.02%,0.09%,0.02%,0.14%,0.02%,0.35%,0.01%,0.12%,0.01%,0.03%,0.01%,0.17%,0.01%,0.03%,0.01%,0.04%,0.13,2.23,0.05,0.67,0.03,0.75,0.01,0.73,0.01,0.50,0.01,0.37,0.01,0.34,0.01,0.23,0.01,0.14,0.01,0.15,0.01,0.10,0.00,0.08,114.46,115.58,116.16,0.87,0.98,1.54,2.41%,0.50,0.14%,1.58%,0.06%,1.61%,0.04%,0.65%,0.03%,0.41%,0.03%,0.16%,0.02%,0.19%,0.02%,0.22%,0.02%,0.05%,0.01%,0.06%,0.01%,0.10%,0.01%,0.03%,0.01%,0.04%,0.01,0.39,0.01,0.26,0.01,0.14,0.01,0.04,0.01,0.04,0.00,0.05,0.00,0.03,0.00,0.01,0.00,0.02,0.00,0.02,0.00,0.01,0.00,0.01,228.84,230.76,231.70,0.00,0.00,0.00,2.46%,0.00,0.13%,1.65%,0.05%,1.55%,0.04%,0.70%,0.03%,0.53%,0.02%,0.09%,0.02%,0.13%,0.02%,0.28%,0.01%,0.08%,0.01%,0.03%,0.01%,0.14%,0.01%,0.02%,0.01%,0.02%,0.00,0.00,0.00,0.00,0.00,0.00,0.00,0.00,0.00,0.00,0.00,0.00,0.00,0.00,0.00,0.00,0.00,0.00,0.00,0.00,0.00,0.00,0.00,0.00,888,0.860,780,36,59.95,60.01,60.05
24-Jul-2018 12:40:00,10.000,Y,114.54,116.12,116.82,3.77,5.77,13.27,2.55%,2.54,0.12%,1.72%,0.04%,1.49%,0.03%,0.80%,0.02%,0.67%,0.02%,0.08%,0.01%,0.13%,0.01%,0.36%,0.01%,0.12%,0.01%,0.04%,0.01%,0.18%,0.01%,0.04%,0.01%,0.04%,0.10,1.96,0.03,0.73,0.02,0.76,0.01,0.74,0.01,0.50,0.01,0.37,0.01,0.36,0.01,0.24,0.01,0.15,0.01,0.14,0.00,0.10,0.00,0.07,113.90,115.54,116.30,0.87,0.98,1.56,2.44%,0.50,0.12%,1.60%,0.04%,1.62%,0.03%,0.68%,0.02%,0.44%,0.02%,0.15%,0.01%,0.18%,0.01%,0.22%,0.01%,0.05%,0.01%,0.06%,0.01%,0.11%,0.01%,0.04%,0.01%,0.04%,0.01,0.39,0.01,0.26,0.00,0.13,0.00,0.03,0.00,0.05,0.00,0.06,0.00,0.04,0.00,0.01,0.00,0.02,0.00,0.02,0.00,0.01,0.00,0.01,229.08,230.90,232.06,0.00,0.00,0.00,2.48%,0.00,0.12%,1.66%,0.04%,1.55%,0.03%,0.73%,0.02%,0.55%,0.02%,0.08%,0.01%,0.13%,0.01%,0.28%,0.01%,0.08%,0.01%,0.03%,0.01%,0.14%,0.01%,0.03%,0.01%,0.02%,0.00,0.00,0.00,0.00,0.00,0.00,0.00,0.00,0.00,0.00,0.00,0.00,0.00,0.00,0.00,0.00,0.00,0.00,0.00,0.00,0.00,0.00,0.00,0.00,780,0.850,684,24,59.94,59.99,60.04
24-Jul-2018 12:50:00,10.000,Y,113.92,116.12,116.64,3.78,3.95,4.09,2.50%,2.20,0.11%,1.66%,0.04%,1.48%,0.03%,0.82%,0.02%,0.65%,0.02%,0.08%,0.01%,0.13%,0.01%,0.35%,0.01%,0.11%,0.01%,0.04%,0.01%,0.18%,0.01%,0.03%,0.01%,0.04%,0.02,1.54,0.01,0.84,0.01,0.76,0.01,0.74,0.01,0.50,0.01,0.37,0.01,0.35,0.01,0.24,0.01,0.15,0.01,0.14,0.01,0.10,0.00,0.08,113.98,115.98,116.62,0.88,0.98,1.49,2.52%,0.50,0.12%,1.67%,0.04%,1.65%,0.03%,0.69%,0.02%,0.43%,0.02%,0.14%,0.01%,0.18%,0.01%,0.24%,0.01%,0.06%,0.01%,0.06%,0.01%,0.12%,0.01%,0.05%,0.01%,0.04%,0.00,0.39,0.00,0.26,0.00,0.13,0.00,0.03,0.00,0.05,0.00,0.06,0.00,0.03,0.00,0.01,0.00,0.02,0.00,0.02,0.00,0.01,0.00,0.00,227.14,231.32,232.30,0.00,0.00,0.00,2.49%,0.00,0.11%,1.67%,0.04%,1.56%,0.03%,0.75%,0.02%,0.54%,0.02%,0.08%,0.01%,0.12%,0.01%,0.29%,0.01%,0.08%,0.01%,0.02%,0.01%,0.15%,0.01%,0.03%,0.01%,0.02%,0.00,0.00,0.00,0.00,0.00,0.00,0.00,0.00,0.00,0.00,0.00,0.00,0.00,0.00,0.00,0.00,0.00,0.00,0.00,0.00,0.00,0.00,0.00,0.00,564,0.826,468,24,59.95,60.00,60.03
24-Jul-2018 13:00:00,10.000,Y,115.04,116.24,116.68,3.49,4.08,14.12,2.53%,2.13,0.16%,1.66%,0.06%,1.52%,0.03%,0.82%,0.03%,0.63%,0.02%,0.06%,0.02%,0.15%,0.02%,0.35%,0.02%,0.11%,0.01%,0.04%,0.01%,0.19%,0.01%,0.03%,0.01%,0.05%,0.02,1.52,0.01,0.77,0.01,0.72,0.01,0.71,0.01,0.48,0.01,0.36,0.01,0.34,0.01,0.24,0.01,0.15,0.01,0.14,0.01,0.10,0.01,0.08,114.82,116.14,116.64,0.89,0.97,1.47,2.45%,0.49,0.16%,1.61%,0.06%,1.60%,0.03%,0.70%,0.03%,0.45%,0.02%,0.13%,0.02%,0.18%,0.02%,0.23%,0.01%,0.05%,0.01%,0.07%,0.01%,0.11%,0.01%,0.05%,0.01%,0.05%,0.00,0.39,0.00,0.26,0.00,0.13,0.00,0.04,0.00,0.04,0.00,0.05,0.00,0.03,0.00,0.01,0.00,0.02,0.00,0.02,0.00,0.01,0.00,0.01,229.86,231.58,232.48,0.00,0.00,0.00,2.48%,0.00,0.16%,1.63%,0.06%,1.56%,0.03%,0.75%,0.03%,0.54%,0.02%,0.07%,0.02%,0.13%,0.02%,0.28%,0.01%,0.08%,0.01%,0.03%,0.01%,0.15%,0.01%,0.03%,0.01%,0.02%,0.00,0.00,0.00,0.00,0.00,0.00,0.00,0.00,0.00,0.00,0.00,0.00,0.00,0.00,0.00,0.00,0.00,0.00,0.00,0.00,0.00,0.00,0.00,0.00,576,0.833,492,36,59.96,60.02,60.08
24-Jul-2018 13:10:00,10.000,Y,114.58,115.98,116.56,3.47,6.35,13.66,2.57%,2.60,0.13%,1.74%,0.05%,1.53%,0.03%,0.78%,0.03%,0.63%,0.02%,0.06%,0.02%,0.15%,0.02%,0.34%,0.01%,0.09%,0.01%,0.04%,0.01%,0.18%,0.01%,0.03%,0.01%,0.05%,0.13,2.09,0.04,0.63,0.02,0.69,0.01,0.70,0.01,0.49,0.01,0.35,0.01,0.31,0.01,0.22,0.01,0.14,0.01,0.14,0.01,0.09,0.01,0.08,114.34,115.92,116.60,0.87,0.98,1.71,2.50%,0.51,0.13%,1.71%,0.05%,1.62%,0.03%,0.63%,0.02%,0.42%,0.02%,0.12%,0.02%,0.17%,0.01%,0.22%,0.01%,0.05%,0.01%,0.06%,0.01%,0.10%,0.01%,0.04%,0.01%,0.05%,0.01,0.40,0.01,0.27,0.00,0.14,0.00,0.05,0.00,0.04,0.00,0.05,0.00,0.03,0.00,0.01,0.00,0.02,0.00,0.02,0.00,0.01,0.00,0.00,229.38,231.12,231.98,0.00,0.00,0.00,2.52%,0.00,0.13%,1.72%,0.05%,1.58%,0.03%,0.70%,0.02%,0.52%,0.02%,0.06%,0.02%,0.13%,0.01%,0.28%,0.01%,0.07%,0.01%,0.02%,0.01%,0.14%,0.01%,0.03%,0.01%,0.03%,0.00,0.00,0.00,0.00,0.00,0.00,0.00,0.00,0.00,0.00,0.00,0.00,0.00,0.00,0.00,0.00,0.00,0.00,0.00,0.00,0.00,0.00,0.00,0.00,840,0.861,756,36,59.95,60.00,60.06
24-Jul-2018 13:20:00,10.000,Y,115.02,116.28,116.74,3.50,4.24,13.54,2.55%,2.16,0.12%,1.71%,0.05%,1.51%,0.03%,0.80%,0.03%,0.64%,0.02%,0.05%,0.02%,0.15%,0.02%,0.36%,0.01%,0.10%,0.01%,0.05%,0.01%,0.19%,0.01%,0.02%,0.01%,0.04%,0.03,1.56,0.01,0.74,0.01,0.70,0.01,0.71,0.01,0.50,0.01,0.36,0.01,0.33,0.01,0.24,0.01,0.15,0.01,0.14,0.01,0.10,0.00,0.07,115.00,116.12,116.62,0.89,0.98,1.73,2.43%,0.50,0.12%,1.62%,0.05%,1.59%,0.03%,0.67%,0.03%,0.43%,0.02%,0.13%,0.02%,0.17%,0.02%,0.23%,0.01%,0.04%,0.01%,0.06%,0.01%,0.11%,0.01%,0.04%,0.01%,0.05%,0.00,0.39,0.00,0.27,0.00,0.14,0.00,0.05,0.00,0.03,0.00,0.05,0.00,0.03,0.00,0.01,0.00,0.02,0.00,0.02,0.00,0.01,0.00,0.00,230.22,231.60,232.38,0.00,0.00,0.00,2.48%,0.00,0.12%,1.66%,0.05%,1.55%,0.03%,0.72%,0.03%,0.53%,0.02%,0.05%,0.02%,0.13%,0.01%,0.29%,0.01%,0.06%,0.01%,0.03%,0.01%,0.15%,0.01%,0.02%,0.01%,0.02%,0.00,0.00,0.00,0.00,0.00,0.00,0.00,0.00,0.00,0.00,0.00,0.00,0.00,0.00,0.00,0.00,0.00,0.00,0.00,0.00,0.00,0.00,0.00,0.00,600,0.836,504,36,59.94,60.00,60.04
24-Jul-2018 13:30:00,10.000,Y,115.20,116.50,117.10,3.52,3.73,4.11,2.52%,1.99,0.15%,1.66%,0.05%,1.52%,0.04%,0.81%,0.03%,0.62%,0.02%,0.05%,0.02%,0.15%,0.02%,0.35%,0.01%,0.08%,0.01%,0.05%,0.01%,0.19%,0.01%,0.02%,0.01%,0.05%,0.02,1.40,0.01,0.72,0.01,0.69,0.01,0.69,0.01,0.47,0.01,0.33,0.01,0.31,0.01,0.22,0.01,0.15,0.01,0.13,0.01,0.09,0.01,0.07,114.54,116.22,116.74,0.74,0.88,1.23,2.43%,0.43,0.15%,1.59%,0.05%,1.60%,0.03%,0.67%,0.03%,0.43%,0.02%,0.12%,0.02%,0.15%,0.02%,0.24%,0.01%,0.04%,0.01%,0.06%,0.01%,0.11%,0.01%,0.04%,0.01%,0.04%,0.00,0.34,0.00,0.22,0.00,0.11,0.00,0.03,0.00,0.04,0.00,0.05,0.00,0.03,0.00,0.01,0.00,0.02,0.00,0.02,0.00,0.01,0.00,0.01,229.88,231.94,232.74,0.00,0.00,0.00,2.46%,0.00,0.15%,1.63%,0.05%,1.56%,0.03%,0.73%,0.02%,0.52%,0.02%,0.06%,0.02%,0.12%,0.02%,0.29%,0.01%,0.06%,0.01%,0.03%,0.01%,0.15%,0.01%,0.02%,0.01%,0.02%,0.00,0.00,0.00,0.00,0.00,0.00,0.00,0.00,0.00,0.00,0.00,0.00,0.00,0.00,0.00,0.00,0.00,0.00,0.00,0.00,0.00,0.00,0.00,0.00,528,0.839,444,36,59.97,60.01,60.07
24-Jul-2018 13:40:00,10.000,Y,115.00,116.32,117.10,3.42,3.78,4.24,2.51%,2.00,0.12%,1.68%,0.05%,1.53%,0.03%,0.76%,0.02%,0.58%,0.02%,0.07%,0.02%,0.13%,0.01%,0.32%,0.01%,0.07%,0.01%,0.05%,0.01%,0.18%,0.01%,0.01%,0.01%,0.06%,0.02,1.44,0.01,0.74,0.01,0.68,0.01,0.67,0.01,0.44,0.01,0.31,0.01,0.29,0.01,0.21,0.01,0.15,0.01,0.15,0.01,0.11,0.00,0.09,114.24,115.92,116.70,0.67,0.86,1.32,2.44%,0.42,0.12%,1.59%,0.05%,1.63%,0.03%,0.69%,0.02%,0.43%,0.02%,0.11%,0.01%,0.16%,0.01%,0.23%,0.01%,0.06%,0.01%,0.05%,0.01%,0.13%,0.01%,0.04%,0.01%,0.04%,0.00,0.33,0.00,0.22,0.00,0.11,0.00,0.04,0.00,0.04,0.00,0.05,0.00,0.03,0.00,0.01,0.00,0.02,0.00,0.02,0.00,0.01,0.00,0.01,229.72,231.46,232.40,0.00,0.00,0.00,2.47%,0.00,0.12%,1.63%,0.05%,1.58%,0.03%,0.72%,0.02%,0.50%,0.02%,0.07%,0.01%,0.12%,0.01%,0.27%,0.01%,0.07%,0.01%,0.03%,0.01%,0.15%,0.01%,0.02%,0.01%,0.03%,0.00,0.00,0.00,0.00,0.00,0.00,0.00,0.00,0.00,0.00,0.00,0.00,0.00,0.00,0.00,0.00,0.00,0.00,0.00,0.00,0.00,0.00,0.00,0.00,540,0.840,456,36,59.94,59.99,60.03
24-Jul-2018 13:50:00,10.000,Y,114.90,116.22,116.76,3.46,3.80,4.11,2.52%,2.01,0.11%,1.69%,0.04%,1.54%,0.03%,0.75%,0.02%,0.59%,0.02%,0.08%,0.01%,0.12%,0.01%,0.32%,0.01%,0.07%,0.01%,0.05%,0.01%,0.18%,0.01%,0.01%,0.01%,0.06%,0.02,1.44,0.01,0.73,0.01,0.68,0.01,0.68,0.01,0.44,0.01,0.31,0.01,0.29,0.01,0.21,0.01,0.16,0.01,0.15,0.01,0.12,0.00,0.09,114.78,116.00,116.58,0.66,0.74,1.22,2.51%,0.34,0.12%,1.66%,0.04%,1.66%,0.03%,0.66%,0.02%,0.45%,0.02%,0.11%,0.01%,0.16%,0.01%,0.24%,0.01%,0.07%,0.01%,0.05%,0.01%,0.13%,0.01%,0.04%,0.01%,0.05%,0.01,0.25,0.00,0.18,0.00,0.11,0.00,0.06,0.00,0.01,0.00,0.03,0.00,0.03,0.00,0.03,0.00,0.01,0.00,0.01,0.00,0.01,0.00,0.01,229.80,231.44,232.16,0.00,0.00,0.00,2.50%,0.00,0.11%,1.68%,0.04%,1.60%,0.03%,0.70%,0.02%,0.51%,0.02%,0.08%,0.01%,0.12%,0.01%,0.27%,0.01%,0.07%,0.01%,0.03%,0.01%,0.16%,0.01%,0.02%,0.01%,0.03%,0.00,0.00,0.00,0.00,0.00,0.00,0.00,0.00,0.00,0.00,0.00,0.00,0.00,0.00,0.00,0.00,0.00,0.00,0.00,0.00,0.00,0.00,0.00,0.00,528,0.843,444,36,59.94,59.99,60.04
24-Jul-2018 14:00:00,10.000,Y,115.28,116.28,116.70,3.73,4.00,5.13,2.52%,2.19,0.14%,1.68%,0.05%,1.52%,0.03%,0.78%,0.02%,0.62%,0.02%,0.08%,0.02%,0.11%,0.02%,0.33%,0.02%,0.09%,0.01%,0.05%,0.01%,0.19%,0.01%,0.01%,0.01%,0.06%,0.02,1.55,0.01,0.81,0.01,0.76,0.01,0.75,0.01,0.49,0.01,0.34,0.01,0.33,0.01,0.24,0.01,0.18,0.01,0.17,0.01,0.13,0.01,0.10,115.24,116.32,116.82,0.64,0.75,1.43,2.37%,0.34,0.14%,1.50%,0.05%,1.61%,0.04%,0.67%,0.02%,0.42%,0.02%,0.10%,0.02%,0.15%,0.02%,0.24%,0.01%,0.06%,0.01%,0.05%,0.01%,0.12%,0.01%,0.04%,0.01%,0.04%,0.00,0.25,0.00,0.19,0.00,0.12,0.00,0.06,0.00,0.00,0.00,0.02,0.00,0.03,0.00,0.03,0.00,0.01,0.00,0.01,0.00,0.01,0.00,0.01,230.26,231.82,232.60,0.00,0.00,0.00,2.43%,0.00,0.14%,1.59%,0.05%,1.56%,0.03%,0.72%,0.02%,0.51%,0.02%,0.06%,0.02%,0.11%,0.02%,0.28%,0.01%,0.08%,0.01%,0.03%,0.01%,0.15%,0.01%,0.03%,0.01%,0.02%,0.00,0.00,0.00,0.00,0.00,0.00,0.00,0.00,0.00,0.00,0.00,0.00,0.00,0.00,0.00,0.00,0.00,0.00,0.00,0.00,0.00,0.00,0.00,0.00,552,0.835,456,24,59.96,60.01,60.05
24-Jul-2018 14:10:00,10.000,Y,115.14,116.36,116.88,3.74,4.03,4.42,2.46%,2.23,0.12%,1.63%,0.04%,1.49%,0.03%,0.77%,0.02%,0.63%,0.02%,0.10%,0.01%,0.09%,0.01%,0.33%,0.01%,0.10%,0.01%,0.04%,0.01%,0.18%,0.01%,0.01%,0.01%,0.05%,0.02,1.58,0.01,0.84,0.01,0.78,0.01,0.77,0.01,0.50,0.01,0.34,0.01,0.32,0.01,0.23,0.01,0.17,0.01,0.17,0.01,0.13,0.01,0.10,115.12,116.52,117.02,0.66,0.74,1.39,2.41%,0.34,0.12%,1.54%,0.04%,1.63%,0.03%,0.69%,0.02%,0.43%,0.02%,0.12%,0.01%,0.16%,0.01%,0.24%,0.01%,0.07%,0.01%,0.05%,0.01%,0.12%,0.01%,0.05%,0.01%,0.04%,0.00,0.25,0.00,0.18,0.00,0.11,0.00,0.06,0.00,0.01,0.00,0.03,0.00,0.04,0.00,0.03,0.00,0.01,0.00,0.01,0.00,0.01,0.00,0.01,229.52,232.10,232.92,0.00,0.00,0.00,2.43%,0.00,0.12%,1.58%,0.04%,1.56%,0.03%,0.72%,0.02%,0.53%,0.02%,0.07%,0.01%,0.10%,0.01%,0.28%,0.01%,0.08%,0.01%,0.03%,0.01%,0.15%,0.01%,0.03%,0.01%,0.03%,0.00,0.00,0.00,0.00,0.00,0.00,0.00,0.00,0.00,0.00,0.00,0.00,0.00,0.00,0.00,0.00,0.00,0.00,0.00,0.00,0.00,0.00,0.00,0.00,552,0.832,456,24,59.96,60.00,60.05
24-Jul-2018 14:20:00,10.000,Y,114.96,116.12,116.72,3.72,3.95,4.40,2.48%,2.16,0.11%,1.64%,0.04%,1.54%,0.03%,0.74%,0.02%,0.61%,0.02%,0.09%,0.01%,0.10%,0.01%,0.33%,0.01%,0.09%,0.01%,0.05%,0.01%,0.18%,0.01%,0.01%,0.01%,0.06%,0.02,1.54,0.01,0.81,0.01,0.74,0.01,0.73,0.01,0.47,0.01,0.32,0.01,0.31,0.01,0.22,0.01,0.16,0.01,0.16,0.01,0.12,0.01,0.09,115.28,116.32,116.84,0.66,0.75,1.24,2.38%,0.34,0.11%,1.51%,0.04%,1.63%,0.03%,0.66%,0.02%,0.43%,0.02%,0.10%,0.01%,0.16%,0.01%,0.24%,0.01%,0.06%,0.01%,0.05%,0.01%,0.12%,0.01%,0.04%,0.01%,0.04%,0.00,0.25,0.00,0.18,0.00,0.11,0.00,0.06,0.00,0.00,0.00,0.03,0.00,0.03,0.00,0.03,0.00,0.01,0.00,0.01,0.00,0.01,0.00,0.01,229.62,231.66,232.56,0.00,0.00,0.00,2.42%,0.00,0.11%,1.57%,0.04%,1.58%,0.03%,0.69%,0.02%,0.51%,0.02%,0.06%,0.01%,0.11%,0.01%,0.28%,0.01%,0.08%,0.01%,0.03%,0.01%,0.15%,0.01%,0.02%,0.01%,0.03%,0.00,0.00,0.00,0.00,0.00,0.00,0.00,0.00,0.00,0.00,0.00,0.00,0.00,0.00,0.00,0.00,0.00,0.00,0.00,0.00,0.00,0.00,0.00,0.00,540,0.836,456,24,59.96,59.99,60.04
24-Jul-2018 14:30:00,10.000,Y,114.28,116.14,116.56,3.71,3.97,5.02,2.44%,2.18,0.10%,1.61%,0.04%,1.50%,0.03%,0.73%,0.02%,0.61%,0.02%,0.08%,0.01%,0.10%,0.01%,0.32%,0.01%,0.08%,0.01%,0.05%,0.01%,0.18%,0.01%,0.01%,0.01%,0.05%,0.02,1.56,0.01,0.82,0.01,0.74,0.01,0.72,0.01,0.47,0.01,0.32,0.01,0.32,0.01,0.23,0.01,0.17,0.01,0.17,0.01,0.12,0.00,0.09,114.78,116.22,116.58,0.65,0.76,1.48,2.38%,0.35,0.10%,1.51%,0.04%,1.62%,0.03%,0.66%,0.02%,0.44%,0.02%,0.11%,0.01%,0.16%,0.01%,0.24%,0.01%,0.06%,0.01%,0.05%,0.01%,0.13%,0.01%,0.04%,0.01%,0.04%,0.00,0.25,0.00,0.19,0.00,0.12,0.00,0.06,0.00,0.00,0.00,0.03,0.00,0.03,0.00,0.03,0.00,0.01,0.00,0.01,0.00,0.01,0.00,0.01,228.52,231.58,232.24,0.00,0.00,0.00,2.40%,0.00,0.10%,1.56%,0.04%,1.56%,0.03%,0.69%,0.02%,0.52%,0.02%,0.07%,0.01%,0.12%,0.01%,0.28%,0.01%,0.07%,0.01%,0.03%,0.01%,0.15%,0.01%,0.02%,0.01%,0.03%,0.00,0.00,0.00,0.00,0.00,0.00,0.00,0.00,0.00,0.00,0.00,0.00,0.00,0.00,0.00,0.00,0.00,0.00,0.00,0.00,0.00,0.00,0.00,0.00,540,0.834,456,24,59.91,59.99,60.05
24-Jul-2018 14:40:00,10.000,Y,115.02,116.34,116.72,3.76,4.00,4.38,2.37%,2.22,0.12%,1.54%,0.05%,1.43%,0.04%,0.76%,0.02%,0.64%,0.02%,0.09%,0.02%,0.09%,0.01%,0.33%,0.01%,0.08%,0.01%,0.04%,0.01%,0.18%,0.01%,0.03%,0.01%,0.04%,0.02,1.57,0.01,0.85,0.01,0.77,0.01,0.75,0.01,0.49,0.01,0.33,0.01,0.32,0.01,0.24,0.01,0.17,0.01,0.17,0.01,0.12,0.01,0.07,115.08,116.42,116.90,0.65,0.76,1.32,2.38%,0.35,0.12%,1.52%,0.05%,1.61%,0.03%,0.65%,0.02%,0.44%,0.02%,0.09%,0.01%,0.15%,0.01%,0.24%,0.01%,0.08%,0.01%,0.05%,0.01%,0.13%,0.01%,0.04%,0.01%,0.05%,0.00,0.25,0.00,0.19,0.00,0.12,0.00,0.07,0.00,0.01,0.00,0.02,0.00,0.03,0.00,0.03,0.00,0.01,0.00,0.01,0.00,0.01,0.00,0.01,229.32,231.98,232.74,0.00,0.00,0.00,2.36%,0.00,0.12%,1.53%,0.05%,1.52%,0.03%,0.69%,0.02%,0.53%,0.02%,0.06%,0.01%,0.10%,0.01%,0.28%,0.01%,0.08%,0.01%,0.02%,0.01%,0.15%,0.01%,0.02%,0.01%,0.02%,0.00,0.00,0.00,0.00,0.00,0.00,0.00,0.00,0.00,0.00,0.00,0.00,0.00,0.00,0.00,0.00,0.00,0.00,0.00,0.00,0.00,0.00,0.00,0.00,552,0.830,456,24,59.96,60.00,60.05
24-Jul-2018 14:50:00,10.000,Y,115.20,116.36,116.80,3.78,3.96,4.36,2.36%,2.20,0.12%,1.54%,0.04%,1.43%,0.03%,0.75%,0.02%,0.64%,0.02%,0.10%,0.01%,0.08%,0.01%,0.32%,0.01%,0.09%,0.01%,0.04%,0.01%,0.18%,0.01%,0.02%,0.01%,0.04%,0.02,1.56,0.01,0.85,0.01,0.76,0.01,0.75,0.01,0.48,0.01,0.33,0.01,0.31,0.01,0.23,0.01,0.17,0.01,0.17,0.01,0.12,0.01,0.08,115.66,116.60,117.06,0.65,0.73,1.24,2.36%,0.34,0.12%,1.51%,0.05%,1.58%,0.03%,0.66%,0.02%,0.46%,0.02%,0.09%,0.01%,0.16%,0.01%,0.24%,0.01%,0.08%,0.01%,0.06%,0.01%,0.12%,0.01%,0.05%,0.01%,0.05%,0.00,0.25,0.00,0.18,0.00,0.12,0.00,0.06,0.00,0.00,0.00,0.03,0.00,0.03,0.00,0.03,0.00,0.01,0.00,0.01,0.00,0.01,0.00,0.01,230.60,232.18,233.00,0.00,0.00,0.00,2.34%,0.00,0.12%,1.52%,0.05%,1.50%,0.03%,0.69%,0.02%,0.54%,0.02%,0.06%,0.01%,0.10%,0.01%,0.27%,0.01%,0.08%,0.01%,0.02%,0.01%,0.15%,0.01%,0.02%,0.01%,0.02%,0.00,0.00,0.00,0.00,0.00,0.00,0.00,0.00,0.00,0.00,0.00,0.00,0.00,0.00,0.00,0.00,0.00,0.00,0.00,0.00,0.00,0.00,0.00,0.00,540,0.830,456,24,59.94,60.00,60.05
24-Jul-2018 15:00:00,10.000,Y,115.08,116.40,116.86,3.76,3.99,4.41,2.34%,2.22,0.13%,1.49%,0.05%,1.45%,0.03%,0.75%,0.02%,0.61%,0.02%,0.09%,0.01%,0.08%,0.01%,0.32%,0.01%,0.09%,0.01%,0.04%,0.01%,0.17%,0.01%,0.03%,0.01%,0.04%,0.01,1.58,0.01,0.86,0.01,0.77,0.01,0.74,0.01,0.48,0.01,0.33,0.01,0.32,0.01,0.23,0.01,0.17,0.01,0.17,0.01,0.12,0.01,0.08,115.28,116.66,117.06,0.65,0.74,1.22,2.36%,0.33,0.13%,1.48%,0.05%,1.60%,0.03%,0.68%,0.02%,0.46%,0.02%,0.10%,0.02%,0.16%,0.01%,0.25%,0.01%,0.07%,0.01%,0.06%,0.01%,0.13%,0.01%,0.04%,0.01%,0.05%,0.00,0.24,0.00,0.18,0.00,0.11,0.00,0.06,0.00,0.00,0.00,0.03,0.00,0.03,0.00,0.03,0.00,0.01,0.00,0.01,0.00,0.01,0.00,0.01,229.58,232.28,233.00,0.00,0.00,0.00,2.34%,0.00,0.12%,1.49%,0.05%,1.53%,0.03%,0.70%,0.02%,0.52%,0.02%,0.06%,0.01%,0.10%,0.01%,0.28%,0.01%,0.08%,0.01%,0.02%,0.01%,0.15%,0.01%,0.01%,0.01%,0.03%,0.00,0.00,0.00,0.00,0.00,0.00,0.00,0.00,0.00,0.00,0.00,0.00,0.00,0.00,0.00,0.00,0.00,0.00,0.00,0.00,0.00,0.00,0.00,0.00,552,0.830,456,24,59.95,60.00,60.04
24-Jul-2018 15:10:00,10.000,Y,114.86,116.56,117.02,3.54,3.88,4.22,2.29%,2.15,0.12%,1.45%,0.05%,1.42%,0.03%,0.75%,0.02%,0.62%,0.02%,0.09%,0.02%,0.09%,0.02%,0.32%,0.01%,0.10%,0.01%,0.03%,0.01%,0.17%,0.01%,0.03%,0.01%,0.04%,0.01,1.52,0.01,0.83,0.01,0.74,0.01,0.72,0.01,0.47,0.01,0.31,0.01,0.30,0.01,0.22,0.01,0.15,0.01,0.15,0.01,0.12,0.00,0.08,115.40,116.70,117.18,0.64,0.74,1.24,2.35%,0.34,0.12%,1.47%,0.05%,1.59%,0.03%,0.68%,0.02%,0.45%,0.02%,0.09%,0.02%,0.16%,0.01%,0.25%,0.01%,0.07%,0.01%,0.05%,0.01%,0.12%,0.01%,0.04%,0.01%,0.05%,0.00,0.25,0.00,0.18,0.00,0.12,0.00,0.06,0.00,0.00,0.00,0.03,0.00,0.03,0.00,0.03,0.00,0.01,0.00,0.01,0.00,0.01,0.00,0.01,229.68,232.48,233.18,0.00,0.00,0.00,2.30%,0.00,0.12%,1.46%,0.05%,1.51%,0.03%,0.70%,0.02%,0.53%,0.02%,0.04%,0.02%,0.10%,0.01%,0.28%,0.01%,0.08%,0.01%,0.02%,0.01%,0.14%,0.01%,0.01%,0.01%,0.02%,0.00,0.00,0.00,0.00,0.00,0.00,0.00,0.00,0.00,0.00,0.00,0.00,0.00,0.00,0.00,0.00,0.00,0.00,0.00,0.00,0.00,0.00,0.00,0.00,540,0.833,444,24,59.95,60.00,60.05
24-Jul-2018 15:20:00,10.000,Y,115.52,116.90,117.52,3.54,3.81,4.45,2.28%,2.09,0.12%,1.41%,0.05%,1.42%,0.03%,0.77%,0.02%,0.63%,0.02%,0.09%,0.02%,0.10%,0.01%,0.33%,0.01%,0.10%,0.01%,0.03%,0.01%,0.17%,0.01%,0.03%,0.01%,0.04%,0.01,1.49,0.01,0.81,0.01,0.71,0.01,0.70,0.01,0.46,0.01,0.30,0.01,0.29,0.01,0.21,0.01,0.14,0.01,0.14,0.01,0.10,0.00,0.07,114.88,116.74,117.48,0.65,0.73,1.31,2.32%,0.34,0.12%,1.46%,0.05%,1.59%,0.03%,0.64%,0.02%,0.43%,0.02%,0.09%,0.01%,0.14%,0.01%,0.24%,0.01%,0.07%,0.01%,0.05%,0.01%,0.12%,0.01%,0.03%,0.01%,0.04%,0.00,0.25,0.00,0.18,0.00,0.11,0.00,0.06,0.00,0.00,0.00,0.02,0.00,0.03,0.00,0.03,0.00,0.01,0.00,0.01,0.00,0.01,0.00,0.01,230.26,232.86,233.80,0.00,0.00,0.00,2.29%,0.00,0.12%,1.44%,0.05%,1.50%,0.03%,0.70%,0.02%,0.52%,0.02%,0.05%,0.01%,0.09%,0.01%,0.28%,0.01%,0.08%,0.01%,0.02%,0.01%,0.14%,0.01%,0.01%,0.01%,0.02%,0.00,0.00,0.00,0.00,0.00,0.00,0.00,0.00,0.00,0.00,0.00,0.00,0.00,0.00,0.00,0.00,0.00,0.00,0.00,0.00,0.00,0.00,0.00,0.00,528,0.835,444,24,59.96,59.99,60.03
24-Jul-2018 15:30:00,10.000,Y,115.40,117.06,117.60,3.58,3.85,4.56,2.27%,2.12,0.12%,1.43%,0.05%,1.39%,0.03%,0.75%,0.02%,0.64%,0.02%,0.09%,0.02%,0.10%,0.01%,0.34%,0.01%,0.11%,0.01%,0.04%,0.01%,0.18%,0.01%,0.04%,0.01%,0.04%,0.01,1.51,0.01,0.82,0.01,0.72,0.01,0.71,0.01,0.47,0.01,0.31,0.01,0.30,0.01,0.23,0.01,0.15,0.01,0.14,0.01,0.10,0.00,0.06,115.12,116.90,117.62,0.64,0.72,1.23,2.29%,0.33,0.13%,1.42%,0.05%,1.55%,0.03%,0.67%,0.02%,0.47%,0.02%,0.09%,0.02%,0.13%,0.01%,0.24%,0.01%,0.07%,0.01%,0.05%,0.01%,0.12%,0.01%,0.03%,0.01%,0.04%,0.00,0.24,0.00,0.18,0.00,0.11,0.00,0.06,0.00,0.01,0.00,0.03,0.00,0.03,0.00,0.03,0.00,0.01,0.00,0.01,0.00,0.01,0.00,0.01,230.10,233.16,234.40,0.00,0.00,0.00,2.27%,0.00,0.13%,1.43%,0.05%,1.47%,0.03%,0.70%,0.02%,0.55%,0.02%,0.05%,0.02%,0.09%,0.01%,0.29%,0.01%,0.09%,0.01%,0.02%,0.01%,0.15%,0.01%,0.02%,0.01%,0.02%,0.00,0.00,0.00,0.00,0.00,0.00,0.00,0.00,0.00,0.00,0.00,0.00,0.00,0.00,0.00,0.00,0.00,0.00,0.00,0.00,0.00,0.00,0.00,0.00,528,0.834,444,24,59.95,60.00,60.05
24-Jul-2018 15:40:00,10.000,Y,115.66,117.00,117.50,3.59,4.00,4.75,2.30%,2.02,0.12%,1.47%,0.05%,1.39%,0.03%,0.74%,0.02%,0.64%,0.02%,0.10%,0.02%,0.10%,0.01%,0.34%,0.01%,0.12%,0.01%,0.03%,0.01%,0.18%,0.01%,0.04%,0.01%,0.04%,0.02,1.44,0.01,0.78,0.01,0.69,0.01,0.68,0.01,0.44,0.01,0.29,0.01,0.28,0.01,0.21,0.01,0.13,0.00,0.12,0.00,0.09,0.00,0.06,115.34,116.74,117.28,0.65,0.73,1.22,2.29%,0.33,0.12%,1.47%,0.05%,1.51%,0.03%,0.65%,0.02%,0.48%,0.02%,0.10%,0.02%,0.14%,0.01%,0.24%,0.01%,0.07%,0.01%,0.05%,0.01%,0.13%,0.01%,0.03%,0.01%,0.04%,0.00,0.24,0.00,0.18,0.00,0.11,0.00,0.06,0.00,0.01,0.00,0.03,0.00,0.03,0.00,0.03,0.00,0.01,0.00,0.01,0.00,0.01,0.00,0.01,230.26,232.94,233.94,0.00,0.00,0.00,2.28%,0.00,0.12%,1.47%,0.05%,1.45%,0.03%,0.69%,0.02%,0.56%,0.02%,0.07%,0.01%,0.09%,0.01%,0.29%,0.01%,0.09%,0.01%,0.02%,0.01%,0.15%,0.01%,0.03%,0.01%,0.02%,0.00,0.00,0.00,0.00,0.00,0.00,0.00,0.00,0.00,0.00,0.00,0.00,0.00,0.00,0.00,0.00,0.00,0.00,0.00,0.00,0.00,0.00,0.00,0.00,552,0.857,468,24,59.96,60.00,60.05
24-Jul-2018 15:50:00,10.000,Y,115.30,116.72,117.26,4.07,9.91,15.98,2.34%,2.10,0.11%,1.53%,0.04%,1.38%,0.03%,0.76%,0.02%,0.67%,0.02%,0.11%,0.01%,0.11%,0.01%,0.36%,0.01%,0.13%,0.01%,0.03%,0.01%,0.20%,0.01%,0.03%,0.01%,0.04%,0.02,1.43,0.01,0.84,0.01,0.77,0.01,0.73,0.01,0.48,0.01,0.33,0.01,0.30,0.01,0.22,0.01,0.14,0.01,0.12,0.00,0.08,0.00,0.06,115.56,116.96,117.56,0.62,0.72,1.31,2.40%,0.33,0.10%,1.55%,0.04%,1.57%,0.03%,0.68%,0.02%,0.50%,0.02%,0.13%,0.01%,0.17%,0.01%,0.26%,0.01%,0.08%,0.01%,0.07%,0.01%,0.16%,0.01%,0.05%,0.01%,0.05%,0.00,0.24,0.00,0.17,0.00,0.11,0.00,0.05,0.00,0.01,0.00,0.03,0.00,0.04,0.00,0.03,0.00,0.01,0.00,0.01,0.00,0.01,0.00,0.01,230.10,232.90,233.62,0.00,0.00,0.00,2.36%,0.00,0.11%,1.54%,0.04%,1.47%,0.03%,0.71%,0.02%,0.59%,0.02%,0.08%,0.01%,0.10%,0.01%,0.31%,0.01%,0.11%,0.01%,0.02%,0.01%,0.18%,0.01%,0.03%,0.01%,0.03%,0.00,0.00,0.00,0.00,0.00,0.00,0.00,0.00,0.00,0.00,0.00,0.00,0.00,0.00,0.00,0.00,0.00,0.00,0.00,0.00,0.00,0.00,0.00,0.00,1236,0.982,1200,0,59.95,59.99,60.04
24-Jul-2018 16:00:00,10.000,Y,115.92,117.32,117.78,4.01,5.09,11.14,2.34%,2.02,0.14%,1.50%,0.05%,1.39%,0.03%,0.77%,0.02%,0.68%,0.02%,0.10%,0.02%,0.11%,0.01%,0.36%,0.02%,0.14%,0.01%,0.03%,0.01%,0.19%,0.01%,0.04%,0.01%,0.03%,0.01,1.39,0.01,0.77,0.01,0.72,0.01,0.71,0.01,0.48,0.01,0.33,0.01,0.30,0.01,0.22,0.01,0.13,0.01,0.12,0.00,0.08,0.00,0.05,116.38,117.34,117.82,0.63,0.74,1.55,2.38%,0.33,0.14%,1.50%,0.05%,1.57%,0.03%,0.69%,0.02%,0.51%,0.02%,0.12%,0.02%,0.17%,0.02%,0.27%,0.02%,0.08%,0.01%,0.07%,0.01%,0.15%,0.01%,0.05%,0.01%,0.05%,0.00,0.24,0.00,0.18,0.00,0.11,0.00,0.05,0.00,0.01,0.00,0.03,0.00,0.04,0.00,0.03,0.00,0.01,0.00,0.01,0.00,0.01,0.00,0.01,232.16,233.86,234.44,0.00,0.00,0.00,2.34%,0.00,0.14%,1.50%,0.05%,1.48%,0.03%,0.72%,0.02%,0.59%,0.02%,0.07%,0.02%,0.10%,0.01%,0.31%,0.01%,0.11%,0.01%,0.02%,0.01%,0.17%,0.01%,0.04%,0.01%,0.03%,0.00,0.00,0.00,0.00,0.00,0.00,0.00,0.00,0.00,0.00,0.00,0.00,0.00,0.00,0.00,0.00,0.00,0.00,0.00,0.00,0.00,0.00,0.00,0.00,684,0.884,612,24,59.91,60.00,60.05
24-Jul-2018 16:10:00,10.000,Y,116.24,117.42,117.80,3.99,4.60,10.92,2.33%,1.96,0.12%,1.51%,0.04%,1.39%,0.03%,0.75%,0.02%,0.65%,0.02%,0.08%,0.01%,0.09%,0.01%,0.35%,0.01%,0.12%,0.01%,0.03%,0.01%,0.18%,0.01%,0.05%,0.01%,0.02%,0.01,1.37,0.01,0.75,0.01,0.69,0.01,0.68,0.01,0.46,0.01,0.31,0.01,0.28,0.01,0.21,0.01,0.13,0.00,0.12,0.01,0.08,0.00,0.05,115.74,116.76,117.62,0.63,0.73,1.23,2.41%,0.33,0.12%,1.57%,0.04%,1.56%,0.03%,0.68%,0.02%,0.53%,0.02%,0.11%,0.01%,0.15%,0.02%,0.27%,0.01%,0.08%,0.01%,0.07%,0.01%,0.12%,0.01%,0.04%,0.01%,0.06%,0.00,0.24,0.00,0.18,0.00,0.11,0.00,0.05,0.00,0.01,0.00,0.03,0.00,0.04,0.00,0.03,0.00,0.01,0.00,0.01,0.00,0.01,0.00,0.01,231.94,233.40,234.44,0.00,0.00,0.00,2.36%,0.00,0.12%,1.54%,0.04%,1.48%,0.03%,0.70%,0.02%,0.59%,0.02%,0.07%,0.01%,0.09%,0.01%,0.30%,0.01%,0.09%,0.01%,0.02%,0.01%,0.15%,0.01%,0.03%,0.01%,0.03%,0.00,0.00,0.00,0.00,0.00,0.00,0.00,0.00,0.00,0.00,0.00,0.00,0.00,0.00,0.00,0.00,0.00,0.00,0.00,0.00,0.00,0.00,0.00,0.00,624,0.879,552,24,59.96,60.00,60.05
24-Jul-2018 16:20:00,10.000,Y,116.04,117.52,118.12,3.84,4.49,10.97,2.31%,2.19,0.12%,1.51%,0.05%,1.35%,0.03%,0.76%,0.02%,0.65%,0.02%,0.11%,0.01%,0.09%,0.01%,0.34%,0.01%,0.13%,0.01%,0.05%,0.01%,0.17%,0.01%,0.05%,0.01%,0.02%,0.02,1.53,0.01,0.86,0.01,0.76,0.01,0.75,0.01,0.52,0.01,0.35,0.01,0.32,0.01,0.24,0.01,0.15,0.01,0.12,0.00,0.08,0.00,0.05,115.22,116.56,117.68,0.62,0.73,1.21,2.54%,0.33,0.11%,1.70%,0.05%,1.60%,0.03%,0.69%,0.02%,0.58%,0.02%,0.14%,0.02%,0.15%,0.01%,0.27%,0.01%,0.10%,0.01%,0.08%,0.01%,0.13%,0.01%,0.04%,0.01%,0.08%,0.01,0.24,0.01,0.18,0.00,0.10,0.00,0.05,0.00,0.02,0.00,0.03,0.00,0.04,0.00,0.03,0.00,0.01,0.00,0.01,0.00,0.01,0.00,0.01,231.76,233.28,234.42,0.00,0.00,0.00,2.41%,0.00,0.11%,1.60%,0.04%,1.47%,0.03%,0.72%,0.02%,0.61%,0.02%,0.09%,0.02%,0.10%,0.01%,0.30%,0.01%,0.11%,0.01%,0.02%,0.01%,0.15%,0.01%,0.03%,0.01%,0.04%,0.00,0.00,0.00,0.00,0.00,0.00,0.00,0.00,0.00,0.00,0.00,0.00,0.00,0.00,0.00,0.00,0.00,0.00,0.00,0.00,0.00,0.00,0.00,0.00,612,0.847,516,24,59.95,60.00,60.07
24-Jul-2018 16:30:00,10.000,Y,115.78,117.02,117.56,3.82,4.41,10.67,2.37%,2.22,0.12%,1.57%,0.05%,1.38%,0.03%,0.75%,0.02%,0.66%,0.02%,0.11%,0.02%,0.10%,0.01%,0.36%,0.01%,0.13%,0.01%,0.04%,0.01%,0.18%,0.01%,0.06%,0.01%,0.03%,0.02,1.55,0.01,0.85,0.01,0.77,0.01,0.77,0.01,0.52,0.01,0.36,0.01,0.33,0.01,0.25,0.01,0.15,0.01,0.13,0.00,0.09,0.00,0.05,115.46,116.62,117.30,0.62,0.74,1.32,2.45%,0.33,0.12%,1.63%,0.04%,1.55%,0.03%,0.68%,0.02%,0.54%,0.02%,0.11%,0.01%,0.15%,0.02%,0.28%,0.01%,0.10%,0.01%,0.07%,0.01%,0.12%,0.01%,0.04%,0.01%,0.08%,0.01,0.25,0.00,0.18,0.00,0.11,0.00,0.05,0.00,0.01,0.00,0.03,0.00,0.04,0.00,0.02,0.00,0.01,0.00,0.01,0.00,0.01,0.00,0.01,230.60,232.84,233.72,0.00,0.00,0.00,2.40%,0.00,0.12%,1.60%,0.04%,1.46%,0.03%,0.71%,0.02%,0.60%,0.02%,0.09%,0.01%,0.10%,0.01%,0.32%,0.01%,0.11%,0.01%,0.02%,0.01%,0.15%,0.01%,0.03%,0.01%,0.04%,0.00,0.00,0.00,0.00,0.00,0.00,0.00,0.00,0.00,0.00,0.00,0.00,0.00,0.00,0.00,0.00,0.00,0.00,0.00,0.00,0.00,0.00,0.00,0.00,600,0.838,504,24,59.95,60.00,60.05
24-Jul-2018 16:40:00,10.000,Y,115.90,117.22,117.68,3.61,5.83,18.67,2.45%,2.60,0.12%,1.62%,0.05%,1.44%,0.03%,0.76%,0.02%,0.68%,0.02%,0.11%,0.02%,0.12%,0.02%,0.38%,0.01%,0.13%,0.01%,0.04%,0.01%,0.20%,0.01%,0.06%,0.01%,0.04%,0.08,2.01,0.04,0.73,0.02,0.75,0.01,0.77,0.01,0.52,0.01,0.37,0.01,0.34,0.01,0.25,0.01,0.16,0.01,0.14,0.01,0.09,0.00,0.06,115.58,116.78,117.36,0.62,0.73,1.33,2.44%,0.33,0.13%,1.54%,0.05%,1.59%,0.03%,0.73%,0.02%,0.57%,0.02%,0.12%,0.02%,0.16%,0.01%,0.28%,0.01%,0.09%,0.01%,0.09%,0.01%,0.13%,0.01%,0.05%,0.01%,0.10%,0.00,0.25,0.00,0.18,0.00,0.10,0.00,0.05,0.00,0.02,0.00,0.04,0.00,0.04,0.00,0.02,0.00,0.01,0.00,0.01,0.00,0.01,0.00,0.01,231.60,233.20,234.08,0.00,0.00,0.00,2.43%,0.00,0.13%,1.58%,0.05%,1.51%,0.03%,0.74%,0.02%,0.62%,0.02%,0.10%,0.02%,0.11%,0.01%,0.32%,0.01%,0.11%,0.01%,0.03%,0.01%,0.16%,0.01%,0.04%,0.01%,0.05%,0.00,0.00,0.00,0.00,0.00,0.00,0.00,0.00,0.00,0.00,0.00,0.00,0.00,0.00,0.00,0.00,0.00,0.00,0.00,0.00,0.00,0.00,0.00,0.00,768,0.852,672,48,59.95,60.00,60.04
24-Jul-2018 16:50:00,10.000,Y,116.06,117.24,117.72,3.52,3.78,10.63,2.44%,2.05,0.14%,1.61%,0.05%,1.46%,0.04%,0.75%,0.02%,0.66%,0.02%,0.09%,0.02%,0.12%,0.01%,0.37%,0.02%,0.13%,0.01%,0.04%,0.01%,0.20%,0.01%,0.05%,0.01%,0.03%,0.02,1.44,0.01,0.77,0.01,0.70,0.01,0.70,0.01,0.48,0.01,0.33,0.01,0.31,0.01,0.23,0.01,0.14,0.01,0.12,0.01,0.07,0.00,0.04,116.20,117.14,117.60,0.64,0.73,1.24,2.59%,0.32,0.14%,1.64%,0.05%,1.68%,0.03%,0.78%,0.02%,0.60%,0.02%,0.13%,0.02%,0.17%,0.01%,0.31%,0.01%,0.11%,0.01%,0.10%,0.01%,0.15%,0.01%,0.07%,0.01%,0.10%,0.00,0.24,0.00,0.17,0.00,0.10,0.00,0.04,0.00,0.02,0.00,0.04,0.00,0.04,0.00,0.02,0.00,0.01,0.00,0.01,0.00,0.01,0.00,0.01,232.18,233.60,234.36,0.00,0.00,0.00,2.50%,0.00,0.14%,1.62%,0.05%,1.57%,0.03%,0.75%,0.02%,0.63%,0.02%,0.09%,0.02%,0.12%,0.01%,0.34%,0.01%,0.11%,0.01%,0.04%,0.01%,0.17%,0.01%,0.04%,0.01%,0.06%,0.00,0.00,0.00,0.00,0.00,0.00,0.00,0.00,0.00,0.00,0.00,0.00,0.00,0.00,0.00,0.00,0.00,0.00,0.00,0.00,0.00,0.00,0.00,0.00,528,0.839,444,36,59.96,60.01,60.07
24-Jul-2018 17:00:00,10.000,Y,116.42,117.44,118.00,3.56,3.99,4.41,2.46%,1.96,0.12%,1.61%,0.05%,1.52%,0.03%,0.73%,0.02%,0.65%,0.02%,0.09%,0.01%,0.10%,0.02%,0.36%,0.01%,0.12%,0.01%,0.03%,0.01%,0.19%,0.01%,0.05%,0.01%,0.04%,0.01,1.38,0.01,0.74,0.01,0.68,0.01,0.68,0.01,0.45,0.01,0.30,0.01,0.28,0.01,0.21,0.01,0.14,0.01,0.12,0.00,0.08,0.00,0.05,116.14,117.36,118.06,0.64,0.74,1.29,2.60%,0.33,0.12%,1.64%,0.05%,1.70%,0.03%,0.75%,0.02%,0.61%,0.02%,0.13%,0.02%,0.17%,0.01%,0.31%,0.01%,0.10%,0.01%,0.11%,0.01%,0.15%,0.01%,0.07%,0.01%,0.10%,0.00,0.25,0.00,0.18,0.00,0.10,0.00,0.04,0.00,0.02,0.00,0.04,0.00,0.04,0.00,0.02,0.00,0.01,0.00,0.01,0.00,0.01,0.00,0.01,232.58,234.00,234.90,0.00,0.00,0.00,2.52%,0.00,0.12%,1.63%,0.05%,1.61%,0.03%,0.73%,0.02%,0.62%,0.02%,0.10%,0.01%,0.12%,0.01%,0.33%,0.01%,0.11%,0.01%,0.05%,0.01%,0.16%,0.01%,0.04%,0.01%,0.05%,0.00,0.00,0.00,0.00,0.00,0.00,0.00,0.00,0.00,0.00,0.00,0.00,0.00,0.00,0.00,0.00,0.00,0.00,0.00,0.00,0.00,0.00,0.00,0.00,552,0.864,480,36,59.95,60.00,60.07
24-Jul-2018 17:10:00,10.000,Y,115.42,117.98,118.58,4.03,4.78,9.05,2.50%,2.43,0.14%,1.67%,0.05%,1.45%,0.03%,0.76%,0.02%,0.70%,0.02%,0.13%,0.02%,0.10%,0.02%,0.38%,0.01%,0.13%,0.01%,0.03%,0.01%,0.20%,0.01%,0.05%,0.01%,0.04%,0.02,1.73,0.01,0.95,0.01,0.85,0.01,0.82,0.01,0.53,0.01,0.35,0.01,0.31,0.01,0.22,0.01,0.13,0.01,0.12,0.01,0.07,0.00,0.04,115.32,117.86,118.76,0.62,0.73,1.30,2.57%,0.32,0.15%,1.62%,0.06%,1.64%,0.03%,0.78%,0.02%,0.64%,0.02%,0.12%,0.02%,0.16%,0.02%,0.32%,0.01%,0.11%,0.01%,0.11%,0.01%,0.15%,0.01%,0.07%,0.01%,0.10%,0.00,0.24,0.00,0.17,0.00,0.09,0.00,0.04,0.00,0.03,0.00,0.04,0.00,0.04,0.00,0.02,0.00,0.01,0.00,0.01,0.00,0.01,0.00,0.01,230.00,235.04,236.10,0.00,0.00,0.00,2.52%,0.00,0.14%,1.65%,0.06%,1.55%,0.03%,0.76%,0.02%,0.67%,0.02%,0.12%,0.02%,0.10%,0.02%,0.34%,0.01%,0.12%,0.01%,0.05%,0.01%,0.16%,0.01%,0.05%,0.01%,0.05%,0.00,0.00,0.00,0.00,0.00,0.00,0.00,0.00,0.00,0.00,0.00,0.00,0.00,0.00,0.00,0.00,0.00,0.00,0.00,0.00,0.00,0.00,0.00,0.00,648,0.988,552,12,59.95,60.01,60.06
24-Jul-2018 17:20:00,10.000,Y,116.94,117.96,118.44,5.07,5.34,11.71,2.54%,2.96,0.12%,1.74%,0.05%,1.42%,0.03%,0.75%,0.03%,0.77%,0.02%,0.15%,0.02%,0.10%,0.01%,0.39%,0.01%,0.13%,0.01%,0.03%,0.01%,0.19%,0.01%,0.04%,0.01%,0.04%,0.02,2.16,0.01,1.19,0.01,1.03,0.01,0.96,0.01,0.59,0.01,0.37,0.01,0.32,0.01,0.20,0.01,0.10,0.00,0.10,0.00,0.05,0.00,0.05,116.56,117.98,118.68,0.63,0.74,1.31,2.61%,0.32,0.12%,1.67%,0.05%,1.64%,0.03%,0.76%,0.03%,0.69%,0.02%,0.11%,0.01%,0.17%,0.01%,0.35%,0.01%,0.12%,0.01%,0.09%,0.01%,0.16%,0.01%,0.07%,0.01%,0.09%,0.00,0.24,0.00,0.17,0.00,0.10,0.00,0.04,0.00,0.02,0.00,0.03,0.00,0.04,0.00,0.02,0.00,0.01,0.00,0.01,0.00,0.01,0.00,0.01,233.46,235.16,236.24,0.00,0.00,0.00,2.56%,0.00,0.12%,1.70%,0.05%,1.53%,0.03%,0.74%,0.03%,0.72%,0.02%,0.12%,0.01%,0.11%,0.01%,0.36%,0.01%,0.13%,0.01%,0.05%,0.01%,0.17%,0.01%,0.04%,0.01%,0.06%,0.00,0.00,0.00,0.00,0.00,0.00,0.00,0.00,0.00,0.00,0.00,0.00,0.00,0.00,0.00,0.00,0.00,0.00,0.00,0.00,0.00,0.00,0.00,0.00,720,-0.837,600,0,59.94,60.00,60.04
24-Jul-2018 17:30:00,10.000,Y,116.52,117.80,118.32,5.07,5.59,23.56,2.53%,2.90,0.12%,1.75%,0.05%,1.42%,0.03%,0.71%,0.02%,0.78%,0.02%,0.14%,0.02%,0.09%,0.01%,0.37%,0.01%,0.12%,0.01%,0.04%,0.01%,0.18%,0.01%,0.03%,0.01%,0.06%,0.02,2.14,0.01,1.19,0.01,0.99,0.02,0.92,0.02,0.58,0.01,0.35,0.01,0.30,0.01,0.19,0.01,0.11,0.01,0.12,0.00,0.07,0.00,0.06,116.82,117.82,118.42,0.61,0.72,1.25,2.65%,0.33,0.12%,1.74%,0.05%,1.65%,0.03%,0.73%,0.02%,0.71%,0.02%,0.10%,0.01%,0.18%,0.02%,0.35%,0.01%,0.13%,0.01%,0.10%,0.01%,0.14%,0.01%,0.08%,0.01%,0.10%,0.00,0.24,0.00,0.18,0.00,0.10,0.00,0.05,0.00,0.02,0.00,0.03,0.00,0.04,0.00,0.02,0.00,0.01,0.00,0.01,0.00,0.01,0.00,0.01,233.52,234.84,235.78,0.00,0.00,0.00,2.58%,0.00,0.12%,1.74%,0.05%,1.53%,0.03%,0.71%,0.02%,0.74%,0.02%,0.11%,0.01%,0.12%,0.01%,0.36%,0.01%,0.13%,0.01%,0.05%,0.01%,0.16%,0.01%,0.04%,0.01%,0.06%,0.00,0.00,0.00,0.00,0.00,0.00,0.00,0.00,0.00,0.00,0.00,0.00,0.00,0.00,0.00,0.00,0.00,0.00,0.00,0.00,0.00,0.00,0.00,0.00,744,-0.873,612,0,59.95,60.00,60.05
24-Jul-2018 17:40:00,10.000,Y,116.16,117.72,118.28,5.30,5.68,23.25,2.60%,3.05,0.12%,1.80%,0.05%,1.48%,0.03%,0.66%,0.02%,0.81%,0.02%,0.15%,0.02%,0.09%,0.01%,0.38%,0.01%,0.13%,0.01%,0.03%,0.01%,0.18%,0.01%,0.04%,0.01%,0.05%,0.02,2.25,0.01,1.25,0.01,1.03,0.02,0.97,0.01,0.62,0.01,0.38,0.01,0.32,0.01,0.21,0.01,0.11,0.01,0.12,0.01,0.06,0.00,0.05,116.46,117.46,118.16,0.63,0.72,1.26,2.61%,0.32,0.12%,1.72%,0.05%,1.64%,0.03%,0.65%,0.02%,0.72%,0.02%,0.11%,0.02%,0.18%,0.02%,0.30%,0.01%,0.11%,0.01%,0.10%,0.01%,0.12%,0.01%,0.07%,0.01%,0.09%,0.00,0.24,0.00,0.17,0.00,0.10,0.00,0.05,0.00,0.02,0.00,0.03,0.00,0.04,0.00,0.02,0.00,0.01,0.00,0.01,0.00,0.01,0.00,0.01,232.94,234.40,235.34,0.00,0.00,0.00,2.59%,0.00,0.12%,1.76%,0.05%,1.56%,0.03%,0.64%,0.02%,0.76%,0.02%,0.12%,0.02%,0.12%,0.01%,0.34%,0.01%,0.12%,0.01%,0.05%,0.01%,0.15%,0.01%,0.04%,0.01%,0.05%,0.00,0.00,0.00,0.00,0.00,0.00,0.00,0.00,0.00,0.00,0.00,0.00,0.00,0.00,0.00,0.00,0.00,0.00,0.00,0.00,0.00,0.00,0.00,0.00,744,-0.849,624,0,59.95,60.00,60.06
24-Jul-2018 17:50:00,10.000,Y,116.30,117.80,118.46,5.05,5.99,22.55,2.69%,3.17,0.12%,1.87%,0.05%,1.51%,0.03%,0.60%,0.02%,0.90%,0.02%,0.20%,0.02%,0.06%,0.01%,0.40%,0.01%,0.15%,0.01%,0.03%,0.01%,0.17%,0.01%,0.04%,0.01%,0.04%,0.02,2.32,0.01,1.31,0.01,1.07,0.02,1.02,0.02,0.66,0.01,0.40,0.01,0.33,0.01,0.21,0.01,0.10,0.00,0.12,0.00,0.08,0.00,0.06,116.12,117.52,118.24,0.62,0.74,1.24,2.62%,0.32,0.12%,1.73%,0.05%,1.65%,0.03%,0.58%,0.03%,0.77%,0.02%,0.13%,0.02%,0.17%,0.01%,0.30%,0.01%,0.11%,0.01%,0.10%,0.01%,0.10%,0.01%,0.07%,0.01%,0.09%,0.00,0.23,0.00,0.17,0.00,0.10,0.00,0.04,0.00,0.02,0.00,0.03,0.00,0.04,0.00,0.02,0.00,0.01,0.00,0.01,0.00,0.01,0.00,0.01,232.54,234.54,235.70,0.00,0.00,0.00,2.64%,0.00,0.12%,1.80%,0.05%,1.58%,0.03%,0.58%,0.02%,0.83%,0.02%,0.15%,0.02%,0.10%,0.01%,0.34%,0.01%,0.13%,0.01%,0.06%,0.01%,0.13%,0.01%,0.05%,0.01%,0.05%,0.00,0.00,0.00,0.00,0.00,0.00,0.00,0.00,0.00,0.00,0.00,0.00,0.00,0.00,0.00,0.00,0.00,0.00,0.00,0.00,0.00,0.00,0.00,0.00,792,-0.864,660,0,59.94,60.00,60.04
24-Jul-2018 18:00:00,10.000,Y,116.86,117.86,118.38,4.84,5.29,5.95,2.80%,2.93,0.14%,1.96%,0.05%,1.58%,0.04%,0.55%,0.03%,0.95%,0.02%,0.18%,0.02%,0.07%,0.02%,0.41%,0.02%,0.16%,0.01%,0.02%,0.01%,0.18%,0.01%,0.05%,0.01%,0.04%,0.02,2.14,0.02,1.18,0.02,0.97,0.02,0.96,0.02,0.64,0.01,0.39,0.01,0.32,0.01,0.21,0.01,0.10,0.01,0.11,0.01,0.08,0.01,0.06,116.58,117.78,118.34,0.63,0.72,1.15,2.70%,0.32,0.14%,1.82%,0.05%,1.66%,0.03%,0.50%,0.02%,0.83%,0.02%,0.13%,0.02%,0.18%,0.02%,0.31%,0.02%,0.11%,0.01%,0.10%,0.01%,0.10%,0.01%,0.07%,0.01%,0.09%,0.00,0.24,0.00,0.17,0.00,0.10,0.00,0.05,0.00,0.02,0.00,0.03,0.00,0.04,0.00,0.02,0.00,0.01,0.00,0.01,0.00,0.01,0.00,0.01,233.14,234.84,235.66,0.00,0.00,0.00,2.74%,0.00,0.14%,1.89%,0.05%,1.62%,0.03%,0.52%,0.03%,0.89%,0.02%,0.15%,0.02%,0.11%,0.02%,0.35%,0.02%,0.14%,0.01%,0.06%,0.01%,0.13%,0.01%,0.05%,0.01%,0.05%,0.00,0.00,0.00,0.00,0.00,0.00,0.00,0.00,0.00,0.00,0.00,0.00,0.00,0.00,0.00,0.00,0.00,0.00,0.00,0.00,0.00,0.00,0.00,0.00,708,-0.874,588,0,59.95,60.01,60.10
24-Jul-2018 18:10:00,10.000,Y,116.28,117.54,118.04,5.46,5.65,6.51,2.92%,3.21,0.11%,2.09%,0.05%,1.63%,0.03%,0.47%,0.02%,1.01%,0.02%,0.18%,0.02%,0.07%,0.01%,0.40%,0.01%,0.15%,0.01%,0.03%,0.01%,0.18%,0.01%,0.05%,0.01%,0.04%,0.02,2.36,0.01,1.33,0.01,1.05,0.01,1.02,0.01,0.68,0.01,0.41,0.01,0.33,0.01,0.22,0.01,0.12,0.01,0.13,0.00,0.10,0.00,0.07,116.70,117.72,118.18,0.63,0.72,1.27,2.87%,0.33,0.11%,1.98%,0.05%,1.72%,0.03%,0.46%,0.02%,0.93%,0.02%,0.15%,0.02%,0.20%,0.02%,0.31%,0.01%,0.11%,0.01%,0.11%,0.01%,0.10%,0.01%,0.07%,0.01%,0.10%,0.00,0.24,0.00,0.18,0.00,0.10,0.00,0.05,0.00,0.02,0.00,0.04,0.00,0.04,0.00,0.02,0.00,0.01,0.00,0.01,0.00,0.01,0.00,0.01,232.88,234.48,235.18,0.00,0.00,0.00,2.88%,0.00,0.11%,2.03%,0.05%,1.68%,0.03%,0.46%,0.02%,0.97%,0.02%,0.16%,0.01%,0.13%,0.01%,0.35%,0.01%,0.13%,0.01%,0.06%,0.01%,0.13%,0.01%,0.05%,0.01%,0.05%,0.00,0.00,0.00,0.00,0.00,0.00,0.00,0.00,0.00,0.00,0.00,0.00,0.00,0.00,0.00,0.00,0.00,0.00,0.00,0.00,0.00,0.00,0.00,0.00,744,-0.820,612,0,59.94,60.00,60.06
24-Jul-2018 18:20:00,10.000,Y,115.94,117.06,117.70,5.36,5.62,5.96,3.12%,3.16,0.13%,2.24%,0.05%,1.76%,0.03%,0.32%,0.03%,1.12%,0.02%,0.17%,0.02%,0.13%,0.02%,0.39%,0.02%,0.12%,0.01%,0.05%,0.01%,0.16%,0.01%,0.04%,0.01%,0.07%,0.02,2.39,0.01,1.37,0.01,0.99,0.01,0.92,0.01,0.59,0.01,0.33,0.01,0.26,0.01,0.19,0.01,0.10,0.01,0.11,0.01,0.07,0.00,0.06,116.12,117.08,117.66,0.63,0.73,1.27,3.11%,0.32,0.13%,2.17%,0.05%,1.88%,0.03%,0.35%,0.03%,1.05%,0.02%,0.18%,0.02%,0.27%,0.02%,0.27%,0.01%,0.11%,0.01%,0.12%,0.01%,0.07%,0.01%,0.08%,0.01%,0.06%,0.00,0.24,0.00,0.17,0.00,0.10,0.00,0.04,0.00,0.02,0.00,0.04,0.00,0.04,0.00,0.03,0.00,0.01,0.00,0.01,0.00,0.01,0.00,0.01,231.94,233.34,234.48,0.00,0.00,0.00,3.11%,0.00,0.13%,2.20%,0.05%,1.82%,0.03%,0.33%,0.02%,1.08%,0.02%,0.17%,0.02%,0.19%,0.02%,0.33%,0.01%,0.11%,0.01%,0.06%,0.01%,0.11%,0.01%,0.04%,0.01%,0.04%,0.00,0.00,0.00,0.00,0.00,0.00,0.00,0.00,0.00,0.00,0.00,0.00,0.00,0.00,0.00,0.00,0.00,0.00,0.00,0.00,0.00,0.00,0.00,0.00,744,-0.824,612,0,59.96,60.00,60.05
24-Jul-2018 18:30:00,10.000,Y,115.66,117.02,117.50,5.48,5.65,6.14,3.29%,3.15,0.11%,2.40%,0.04%,1.82%,0.03%,0.31%,0.02%,1.16%,0.02%,0.18%,0.02%,0.14%,0.02%,0.39%,0.01%,0.13%,0.01%,0.05%,0.01%,0.17%,0.01%,0.02%,0.01%,0.07%,0.02,2.40,0.01,1.37,0.01,0.99,0.01,0.90,0.01,0.57,0.01,0.31,0.01,0.24,0.01,0.17,0.01,0.07,0.01,0.09,0.00,0.06,0.00,0.08,115.46,116.84,117.28,0.35,0.69,1.25,3.27%,0.32,0.12%,2.34%,0.05%,1.96%,0.03%,0.29%,0.02%,1.04%,0.02%,0.18%,0.02%,0.30%,0.02%,0.26%,0.01%,0.13%,0.01%,0.11%,0.01%,0.08%,0.01%,0.09%,0.01%,0.04%,0.00,0.23,0.00,0.17,0.00,0.10,0.00,0.05,0.00,0.01,0.00,0.03,0.00,0.03,0.00,0.02,0.00,0.01,0.00,0.01,0.00,0.01,0.00,0.01,231.92,233.06,233.74,0.00,0.00,0.00,3.27%,0.00,0.12%,2.37%,0.05%,1.89%,0.03%,0.29%,0.02%,1.10%,0.02%,0.17%,0.01%,0.21%,0.02%,0.32%,0.01%,0.12%,0.01%,0.04%,0.01%,0.12%,0.01%,0.05%,0.01%,0.03%,0.00,0.00,0.00,0.00,0.00,0.00,0.00,0.00,0.00,0.00,0.00,0.00,0.00,0.00,0.00,0.00,0.00,0.00,0.00,0.00,0.00,0.00,0.00,0.00,744,-0.825,612,0,59.96,60.00,60.05
24-Jul-2018 18:40:00,10.000,Y,115.54,116.80,117.42,0.96,2.91,5.85,3.20%,1.41,0.15%,2.28%,0.05%,1.91%,0.03%,0.27%,0.03%,1.04%,0.02%,0.15%,0.02%,0.17%,0.02%,0.33%,0.01%,0.09%,0.01%,0.04%,0.01%,0.12%,0.01%,0.03%,0.01%,0.04%,0.01,1.08,0.01,0.60,0.01,0.42,0.01,0.40,0.01,0.26,0.01,0.15,0.00,0.12,0.00,0.07,0.00,0.03,0.00,0.04,0.00,0.03,0.00,0.04,115.38,116.44,117.12,0.17,0.17,0.47,3.33%,0.10,0.15%,2.41%,0.06%,1.98%,0.03%,0.28%,0.03%,1.04%,0.03%,0.17%,0.02%,0.29%,0.02%,0.22%,0.01%,0.12%,0.01%,0.11%,0.01%,0.05%,0.01%,0.07%,0.01%,0.05%,0.00,0.08,0.00,0.04,0.00,0.03,0.00,0.02,0.00,0.01,0.00,0.01,0.00,0.01,0.00,0.01,0.00,0.00,0.00,0.00,0.00,0.00,0.00,0.00,230.92,232.46,233.14,0.00,0.00,0.00,3.26%,0.00,0.15%,2.35%,0.05%,1.94%,0.03%,0.27%,0.03%,1.04%,0.02%,0.16%,0.02%,0.22%,0.02%,0.27%,0.01%,0.09%,0.01%,0.05%,0.01%,0.09%,0.01%,0.05%,0.01%,0.03%,0.00,0.00,0.00,0.00,0.00,0.00,0.00,0.00,0.00,0.00,0.00,0.00,0.00,0.00,0.00,0.00,0.00,0.00,0.00,0.00,0.00,0.00,0.00,0.00,360,0.864,288,48,59.97,60.01,60.06
24-Jul-2018 18:50:00,10.000,Y,115.56,117.06,117.54,0.14,1.59,1.88,3.14%,0.13,0.14%,2.18%,0.05%,1.93%,0.04%,0.30%,0.02%,1.02%,0.02%,0.14%,0.02%,0.19%,0.02%,0.30%,0.02%,0.07%,0.01%,0.04%,0.01%,0.10%,0.01%,0.03%,0.01%,0.03%,0.01,0.09,0.00,0.06,0.00,0.03,0.00,0.03,0.00,0.03,0.00,0.02,0.00,0.02,0.00,0.01,0.00,0.01,0.00,0.01,0.00,0.00,0.00,0.00,115.38,116.76,117.18,0.00,0.00,0.34,3.35%,0.00,0.15%,2.41%,0.05%,1.99%,0.03%,0.29%,0.03%,1.07%,0.02%,0.19%,0.02%,0.30%,0.02%,0.24%,0.01%,0.11%,0.01%,0.09%,0.01%,0.06%,0.01%,0.06%,0.01%,0.05%,0.00,0.00,0.00,0.00,0.00,0.00,0.00,0.00,0.00,0.00,0.00,0.00,0.00,0.00,0.00,0.00,0.00,0.00,0.00,0.00,0.00,0.00,0.00,0.00,230.18,233.04,233.90,0.00,0.00,0.00,3.24%,0.00,0.14%,2.30%,0.05%,1.96%,0.03%,0.30%,0.02%,1.04%,0.02%,0.16%,0.02%,0.24%,0.02%,0.27%,0.01%,0.09%,0.01%,0.04%,0.01%,0.08%,0.01%,0.05%,0.01%,0.03%,0.00,0.00,0.00,0.00,0.00,0.00,0.00,0.00,0.00,0.00,0.00,0.00,0.00,0.00,0.00,0.00,0.00,0.00,0.00,0.00,0.00,0.00,0.00,0.00,180,0.936,180,12,59.96,60.01,60.06
24-Jul-2018 19:00:00,10.000,Y,116.12,117.28,117.70,0.10,0.89,1.83,3.21%,0.06,0.14%,2.23%,0.05%,1.98%,0.03%,0.30%,0.02%,1.05%,0.02%,0.12%,0.02%,0.18%,0.02%,0.29%,0.01%,0.08%,0.01%,0.03%,0.01%,0.10%,0.01%,0.03%,0.01%,0.03%,0.00,0.04,0.00,0.03,0.00,0.02,0.00,0.01,0.00,0.01,0.00,0.01,0.00,0.01,0.00,0.01,0.00,0.01,0.00,0.00,0.00,0.00,0.00,0.00,116.30,117.26,117.60,0.00,0.00,0.34,3.45%,0.00,0.14%,2.45%,0.05%,2.08%,0.03%,0.30%,0.03%,1.11%,0.02%,0.18%,0.02%,0.31%,0.02%,0.27%,0.01%,0.13%,0.01%,0.08%,0.01%,0.10%,0.01%,0.06%,0.01%,0.04%,0.00,0.00,0.00,0.00,0.00,0.00,0.00,0.00,0.00,0.00,0.00,0.00,0.00,0.00,0.00,0.00,0.00,0.00,0.00,0.00,0.00,0.00,0.00,0.00,232.20,233.74,234.40,0.00,0.00,0.00,3.33%,0.00,0.14%,2.34%,0.05%,2.03%,0.03%,0.30%,0.02%,1.08%,0.02%,0.15%,0.02%,0.24%,0.02%,0.28%,0.01%,0.11%,0.01%,0.04%,0.01%,0.10%,0.01%,0.04%,0.01%,0.03%,0.00,0.00,0.00,0.00,0.00,0.00,0.00,0.00,0.00,0.00,0.00,0.00,0.00,0.00,0.00,0.00,0.00,0.00,0.00,0.00,0.00,0.00,0.00,0.00,108,-0.996,108,0,59.97,60.01,60.05
24-Jul-2018 19:10:00,10.000,Y,116.34,117.58,117.94,0.00,0.00,0.21,3.19%,0.00,0.11%,2.27%,0.05%,1.93%,0.03%,0.27%,0.02%,1.05%,0.02%,0.16%,0.02%,0.18%,0.01%,0.27%,0.01%,0.09%,0.01%,0.03%,0.01%,0.08%,0.01%,0.03%,0.01%,0.03%,0.00,0.00,0.00,0.00,0.00,0.00,0.00,0.00,0.00,0.00,0.00,0.00,0.00,0.00,0.00,0.00,0.00,0.00,0.00,0.00,0.00,0.00,0.00,0.00,115.46,116.78,117.28,0.00,0.00,0.34,3.49%,0.00,0.12%,2.52%,0.05%,2.08%,0.03%,0.29%,0.02%,1.08%,0.02%,0.18%,0.02%,0.31%,0.02%,0.27%,0.01%,0.14%,0.01%,0.05%,0.01%,0.11%,0.01%,0.06%,0.01%,0.03%,0.00,0.00,0.00,0.00,0.00,0.00,0.00,0.00,0.00,0.00,0.00,0.00,0.00,0.00,0.00,0.00,0.00,0.00,0.00,0.00,0.00,0.00,0.00,0.00,232.24,233.56,234.34,0.00,0.00,0.00,3.34%,0.00,0.12%,2.39%,0.05%,2.00%,0.03%,0.28%,0.02%,1.06%,0.02%,0.17%,0.02%,0.24%,0.01%,0.27%,0.01%,0.11%,0.01%,0.04%,0.01%,0.09%,0.01%,0.04%,0.01%,0.03%,0.00,0.00,0.00,0.00,0.00,0.00,0.00,0.00,0.00,0.00,0.00,0.00,0.00,0.00,0.00,0.00,0.00,0.00,0.00,0.00,0.00,0.00,0.00,0.00,0,1.000,0,0,59.94,59.99,60.06
24-Jul-2018 19:20:00,10.000,Y,116.38,117.54,117.88,0.09,0.31,13.89,3.23%,0.05,0.13%,2.30%,0.05%,1.94%,0.03%,0.26%,0.03%,1.07%,0.02%,0.16%,0.02%,0.17%,0.01%,0.28%,0.01%,0.09%,0.01%,0.04%,0.01%,0.06%,0.01%,0.03%,0.01%,0.03%,0.00,0.04,0.00,0.01,0.00,0.01,0.00,0.02,0.00,0.01,0.00,0.01,0.00,0.01,0.00,0.00,0.00,0.00,0.00,0.00,0.00,0.00,0.00,0.00,116.12,116.96,117.44,0.00,0.00,0.36,3.41%,0.00,0.13%,2.43%,0.05%,2.07%,0.03%,0.28%,0.03%,1.03%,0.02%,0.16%,0.02%,0.30%,0.02%,0.25%,0.01%,0.11%,0.01%,0.04%,0.01%,0.08%,0.01%,0.05%,0.01%,0.04%,0.00,0.00,0.00,0.00,0.00,0.00,0.00,0.00,0.00,0.00,0.00,0.00,0.00,0.00,0.00,0.00,0.00,0.00,0.00,0.00,0.00,0.00,0.00,0.00,232.42,233.70,234.28,0.00,0.00,0.00,3.31%,0.00,0.13%,2.37%,0.05%,2.00%,0.03%,0.26%,0.03%,1.05%,0.02%,0.16%,0.02%,0.24%,0.01%,0.26%,0.01%,0.10%,0.01%,0.04%,0.01%,0.07%,0.01%,0.03%,0.01%,0.03%,0.00,0.00,0.00,0.00,0.00,0.00,0.00,0.00,0.00,0.00,0.00,0.00,0.00,0.00,0.00,0.00,0.00,0.00,0.00,0.00,0.00,0.00,0.00,0.00,36,0.938,24,24,59.96,60.00,60.06
24-Jul-2018 19:30:00,10.000,Y,116.54,117.62,118.14,1.01,1.09,1.15,3.24%,0.19,0.13%,2.29%,0.05%,1.96%,0.03%,0.28%,0.03%,1.06%,0.02%,0.16%,0.02%,0.18%,0.02%,0.28%,0.01%,0.09%,0.01%,0.04%,0.01%,0.07%,0.01%,0.02%,0.01%,0.03%,0.01,0.14,0.00,0.06,0.00,0.02,0.00,0.07,0.00,0.05,0.00,0.05,0.00,0.03,0.00,0.00,0.00,0.01,0.00,0.01,0.00,0.00,0.00,0.00,116.24,117.10,117.60,0.00,0.00,0.35,3.43%,0.00,0.13%,2.46%,0.05%,2.07%,0.03%,0.31%,0.03%,1.05%,0.02%,0.15%,0.02%,0.32%,0.02%,0.25%,0.01%,0.11%,0.01%,0.05%,0.01%,0.08%,0.01%,0.05%,0.01%,0.04%,0.00,0.00,0.00,0.00,0.00,0.00,0.00,0.00,0.00,0.00,0.00,0.00,0.00,0.00,0.00,0.00,0.00,0.00,0.00,0.00,0.00,0.00,0.00,0.00,232.66,233.94,234.80,0.00,0.00,0.00,3.33%,0.00,0.13%,2.38%,0.05%,2.01%,0.03%,0.29%,0.03%,1.05%,0.02%,0.16%,0.02%,0.25%,0.02%,0.26%,0.01%,0.10%,0.01%,0.04%,0.01%,0.07%,0.01%,0.03%,0.01%,0.02%,0.00,0.00,0.00,0.00,0.00,0.00,0.00,0.00,0.00,0.00,0.00,0.00,0.00,0.00,0.00,0.00,0.00,0.00,0.00,0.00,0.00,0.00,0.00,0.00,132,0.720,96,84,59.96,60.00,60.04
24-Jul-2018 19:40:00,10.000,Y,113.82,117.22,118.04,0.94,1.08,1.14,3.31%,0.19,0.11%,2.38%,0.04%,1.93%,0.03%,0.36%,0.02%,1.08%,0.02%,0.21%,0.02%,0.20%,0.01%,0.30%,0.01%,0.11%,0.01%,0.04%,0.01%,0.09%,0.01%,0.03%,0.01%,0.04%,0.01,0.14,0.00,0.06,0.00,0.02,0.00,0.07,0.00,0.05,0.00,0.05,0.00,0.03,0.00,0.00,0.00,0.01,0.00,0.01,0.00,0.00,0.00,0.00,113.82,117.12,118.12,0.00,0.00,0.35,3.55%,0.00,0.12%,2.62%,0.05%,2.01%,0.03%,0.39%,0.02%,1.09%,0.02%,0.21%,0.01%,0.35%,0.02%,0.29%,0.01%,0.13%,0.01%,0.07%,0.01%,0.07%,0.01%,0.05%,0.01%,0.05%,0.00,0.00,0.00,0.00,0.00,0.00,0.00,0.00,0.00,0.00,0.00,0.00,0.00,0.00,0.00,0.00,0.00,0.00,0.00,0.00,0.00,0.00,0.00,0.00,227.40,233.54,235.26,0.00,0.00,0.00,3.42%,0.00,0.12%,2.50%,0.04%,1.97%,0.03%,0.37%,0.02%,1.08%,0.02%,0.21%,0.01%,0.27%,0.01%,0.29%,0.01%,0.12%,0.01%,0.05%,0.01%,0.07%,0.01%,0.04%,0.01%,0.03%,0.00,0.00,0.00,0.00,0.00,0.00,0.00,0.00,0.00,0.00,0.00,0.00,0.00,0.00,0.00,0.00,0.00,0.00,0.00,0.00,0.00,0.00,0.00,0.00,132,0.714,84,84,59.96,59.99,60.04
24-Jul-2018 19:50:00,10.000,Y,115.62,116.52,116.92,0.98,1.06,1.13,3.24%,0.19,0.10%,2.36%,0.04%,1.66%,0.03%,0.57%,0.02%,1.20%,0.02%,0.40%,0.01%,0.29%,0.01%,0.27%,0.01%,0.15%,0.01%,0.07%,0.01%,0.08%,0.01%,0.03%,0.01%,0.05%,0.01,0.14,0.00,0.07,0.00,0.01,0.00,0.09,0.00,0.05,0.00,0.05,0.00,0.02,0.00,0.01,0.00,0.02,0.00,0.01,0.00,0.00,0.00,0.00,115.94,116.82,117.26,0.00,0.00,0.35,3.42%,0.00,0.10%,2.53%,0.04%,1.72%,0.03%,0.61%,0.02%,1.23%,0.02%,0.36%,0.01%,0.39%,0.01%,0.30%,0.01%,0.17%,0.01%,0.06%,0.01%,0.08%,0.01%,0.06%,0.01%,0.03%,0.00,0.00,0.00,0.00,0.00,0.00,0.00,0.00,0.00,0.00,0.00,0.00,0.00,0.00,0.00,0.00,0.00,0.00,0.00,0.00,0.00,0.00,0.00,0.00,231.42,232.54,233.36,0.00,0.00,0.00,3.33%,0.00,0.10%,2.45%,0.04%,1.69%,0.03%,0.59%,0.02%,1.21%,0.02%,0.38%,0.01%,0.34%,0.01%,0.28%,0.01%,0.15%,0.01%,0.06%,0.01%,0.08%,0.01%,0.04%,0.01%,0.03%,0.00,0.00,0.00,0.00,0.00,0.00,0.00,0.00,0.00,0.00,0.00,0.00,0.00,0.00,0.00,0.00,0.00,0.00,0.00,0.00,0.00,0.00,0.00,0.00,120,0.710,84,84,59.96,59.99,60.03
24-Jul-2018 20:00:00,10.000,Y,115.48,116.60,116.98,0.98,1.06,1.13,3.19%,0.19,0.12%,2.31%,0.04%,1.65%,0.03%,0.57%,0.03%,1.20%,0.02%,0.40%,0.02%,0.31%,0.01%,0.26%,0.01%,0.15%,0.01%,0.07%,0.01%,0.08%,0.01%,0.03%,0.01%,0.04%,0.01,0.14,0.00,0.07,0.00,0.01,0.00,0.09,0.00,0.05,0.00,0.05,0.00,0.02,0.00,0.01,0.00,0.01,0.00,0.00,0.00,0.00,0.00,0.00,115.82,116.74,117.12,0.00,0.00,0.35,3.48%,0.00,0.12%,2.59%,0.05%,1.77%,0.03%,0.59%,0.03%,1.20%,0.02%,0.34%,0.02%,0.38%,0.02%,0.29%,0.01%,0.19%,0.01%,0.07%,0.01%,0.09%,0.01%,0.06%,0.01%,0.03%,0.00,0.00,0.00,0.00,0.00,0.00,0.00,0.00,0.00,0.00,0.00,0.00,0.00,0.00,0.00,0.00,0.00,0.00,0.00,0.00,0.00,0.00,0.00,0.00,231.00,232.54,233.16,0.00,0.00,0.00,3.33%,0.00,0.12%,2.45%,0.05%,1.71%,0.03%,0.58%,0.03%,1.19%,0.02%,0.37%,0.02%,0.34%,0.01%,0.27%,0.01%,0.16%,0.01%,0.06%,0.01%,0.08%,0.01%,0.04%,0.01%,0.03%,0.00,0.00,0.00,0.00,0.00,0.00,0.00,0.00,0.00,0.00,0.00,0.00,0.00,0.00,0.00,0.00,0.00,0.00,0.00,0.00,0.00,0.00,0.00,0.00,120,0.710,84,84,59.97,60.01,60.07
24-Jul-2018 20:10:00,10.000,Y,115.90,116.96,117.34,0.97,1.06,1.11,3.24%,0.19,0.13%,2.38%,0.05%,1.65%,0.03%,0.54%,0.03%,1.20%,0.03%,0.41%,0.02%,0.30%,0.02%,0.28%,0.01%,0.16%,0.01%,0.08%,0.01%,0.09%,0.01%,0.03%,0.01%,0.06%,0.01,0.14,0.00,0.06,0.00,0.01,0.00,0.09,0.00,0.05,0.00,0.05,0.00,0.02,0.00,0.01,0.00,0.02,0.00,0.00,0.00,0.00,0.00,0.00,115.46,116.68,117.16,0.00,0.00,0.36,3.47%,0.00,0.13%,2.60%,0.05%,1.77%,0.03%,0.53%,0.03%,1.17%,0.02%,0.35%,0.02%,0.40%,0.02%,0.31%,0.01%,0.19%,0.02%,0.05%,0.01%,0.07%,0.01%,0.06%,0.01%,0.03%,0.00,0.00,0.00,0.00,0.00,0.00,0.00,0.00,0.00,0.00,0.00,0.00,0.00,0.00,0.00,0.00,0.00,0.00,0.00,0.00,0.00,0.00,0.00,0.00,231.44,232.84,233.62,0.00,0.00,0.00,3.35%,0.00,0.13%,2.49%,0.05%,1.71%,0.03%,0.53%,0.02%,1.18%,0.03%,0.38%,0.02%,0.35%,0.02%,0.29%,0.01%,0.18%,0.01%,0.06%,0.01%,0.08%,0.01%,0.04%,0.01%,0.03%,0.00,0.00,0.00,0.00,0.00,0.00,0.00,0.00,0.00,0.00,0.00,0.00,0.00,0.00,0.00,0.00,0.00,0.00,0.00,0.00,0.00,0.00,0.00,0.00,120,0.702,84,84,59.96,60.00,60.05
24-Jul-2018 20:20:00,10.000,Y,116.06,117.02,117.26,0.98,1.05,1.11,3.22%,0.19,0.15%,2.30%,0.05%,1.69%,0.03%,0.55%,0.03%,1.22%,0.02%,0.40%,0.02%,0.27%,0.02%,0.29%,0.01%,0.16%,0.01%,0.05%,0.01%,0.07%,0.01%,0.03%,0.01%,0.04%,0.01,0.13,0.00,0.07,0.00,0.01,0.00,0.09,0.00,0.05,0.00,0.05,0.00,0.02,0.00,0.01,0.00,0.01,0.00,0.00,0.00,0.00,0.00,0.00,115.94,116.96,117.36,0.00,0.00,0.35,3.36%,0.00,0.15%,2.42%,0.05%,1.79%,0.03%,0.58%,0.03%,1.20%,0.02%,0.35%,0.02%,0.39%,0.02%,0.28%,0.01%,0.16%,0.01%,0.04%,0.01%,0.08%,0.01%,0.06%,0.01%,0.02%,0.00,0.00,0.00,0.00,0.00,0.00,0.00,0.00,0.00,0.00,0.00,0.00,0.00,0.00,0.00,0.00,0.00,0.00,0.00,0.00,0.00,0.00,0.00,0.00,231.66,233.18,233.72,0.00,0.00,0.00,3.28%,0.00,0.15%,2.36%,0.05%,1.74%,0.03%,0.56%,0.03%,1.20%,0.02%,0.38%,0.02%,0.33%,0.02%,0.28%,0.01%,0.16%,0.01%,0.04%,0.01%,0.07%,0.01%,0.04%,0.01%,0.02%,0.00,0.00,0.00,0.00,0.00,0.00,0.00,0.00,0.00,0.00,0.00,0.00,0.00,0.00,0.00,0.00,0.00,0.00,0.00,0.00,0.00,0.00,0.00,0.00,120,0.702,84,84,59.97,60.01,60.05
24-Jul-2018 20:30:00,10.000,Y,115.84,116.96,117.26,0.98,1.05,1.11,3.24%,0.19,0.12%,2.31%,0.04%,1.74%,0.03%,0.56%,0.03%,1.22%,0.02%,0.40%,0.02%,0.27%,0.01%,0.30%,0.01%,0.14%,0.01%,0.05%,0.01%,0.09%,0.01%,0.03%,0.01%,0.05%,0.01,0.14,0.00,0.07,0.00,0.01,0.00,0.09,0.00,0.05,0.00,0.05,0.00,0.02,0.00,0.01,0.00,0.01,0.00,0.00,0.00,0.00,0.00,0.00,115.86,116.82,117.20,0.00,0.00,0.43,3.35%,0.00,0.12%,2.39%,0.04%,1.81%,0.03%,0.59%,0.03%,1.22%,0.02%,0.35%,0.02%,0.38%,0.02%,0.28%,0.01%,0.15%,0.01%,0.04%,0.01%,0.08%,0.01%,0.05%,0.01%,0.02%,0.00,0.00,0.00,0.00,0.00,0.00,0.00,0.00,0.00,0.00,0.00,0.00,0.00,0.00,0.00,0.00,0.00,0.00,0.00,0.00,0.00,0.00,0.00,0.00,231.72,232.98,233.48,0.00,0.00,0.00,3.29%,0.00,0.12%,2.35%,0.04%,1.77%,0.03%,0.57%,0.03%,1.21%,0.02%,0.37%,0.02%,0.33%,0.01%,0.29%,0.01%,0.15%,0.01%,0.05%,0.01%,0.08%,0.01%,0.04%,0.01%,0.03%,0.00,0.00,0.00,0.00,0.00,0.00,0.00,0.00,0.00,0.00,0.00,0.00,0.00,0.00,0.00,0.00,0.00,0.00,0.00,0.00,0.00,0.00,0.00,0.00,120,0.701,84,84,59.96,59.99,60.04
24-Jul-2018 20:40:00,10.000,Y,115.70,116.80,117.26,0.97,1.05,1.11,3.19%,0.19,0.09%,2.25%,0.03%,1.72%,0.03%,0.57%,0.02%,1.22%,0.02%,0.39%,0.01%,0.28%,0.01%,0.29%,0.01%,0.14%,0.01%,0.06%,0.01%,0.07%,0.01%,0.02%,0.01%,0.06%,0.01,0.13,0.00,0.07,0.00,0.01,0.00,0.09,0.00,0.05,0.00,0.05,0.00,0.02,0.00,0.01,0.00,0.01,0.00,0.00,0.00,0.00,0.00,0.00,115.18,116.58,116.94,0.00,0.00,0.35,3.34%,0.00,0.10%,2.39%,0.03%,1.79%,0.03%,0.58%,0.02%,1.21%,0.02%,0.33%,0.01%,0.38%,0.01%,0.29%,0.01%,0.14%,0.01%,0.04%,0.01%,0.08%,0.01%,0.05%,0.01%,0.03%,0.00,0.00,0.00,0.00,0.00,0.00,0.00,0.00,0.00,0.00,0.00,0.00,0.00,0.00,0.00,0.00,0.00,0.00,0.00,0.00,0.00,0.00,0.00,0.00,230.98,232.58,233.34,0.00,0.00,0.00,3.26%,0.00,0.10%,2.32%,0.03%,1.75%,0.03%,0.57%,0.02%,1.21%,0.02%,0.36%,0.01%,0.33%,0.01%,0.28%,0.01%,0.14%,0.01%,0.05%,0.01%,0.08%,0.01%,0.03%,0.01%,0.04%,0.00,0.00,0.00,0.00,0.00,0.00,0.00,0.00,0.00,0.00,0.00,0.00,0.00,0.00,0.00,0.00,0.00,0.00,0.00,0.00,0.00,0.00,0.00,0.00,120,0.701,84,84,59.94,59.99,60.02
24-Jul-2018 20:50:00,10.000,Y,115.82,116.88,117.24,0.97,1.05,1.11,3.23%,0.19,0.12%,2.26%,0.05%,1.77%,0.03%,0.55%,0.03%,1.22%,0.02%,0.38%,0.02%,0.29%,0.02%,0.31%,0.01%,0.16%,0.01%,0.07%,0.01%,0.10%,0.01%,0.04%,0.01%,0.06%,0.01,0.13,0.00,0.07,0.00,0.01,0.00,0.09,0.00,0.05,0.00,0.05,0.00,0.02,0.00,0.01,0.00,0.02,0.00,0.01,0.00,0.00,0.00,0.00,115.64,116.58,117.18,0.00,0.00,0.34,3.45%,0.00,0.13%,2.44%,0.05%,1.88%,0.03%,0.60%,0.03%,1.26%,0.02%,0.38%,0.02%,0.42%,0.02%,0.31%,0.01%,0.19%,0.01%,0.07%,0.01%,0.12%,0.01%,0.07%,0.01%,0.03%,0.00,0.00,0.00,0.00,0.00,0.00,0.00,0.00,0.00,0.00,0.00,0.00,0.00,0.00,0.00,0.00,0.00,0.00,0.00,0.00,0.00,0.00,0.00,0.00,231.12,232.68,233.64,0.00,0.00,0.00,3.34%,0.00,0.13%,2.35%,0.05%,1.82%,0.03%,0.57%,0.03%,1.23%,0.02%,0.38%,0.02%,0.35%,0.02%,0.31%,0.01%,0.17%,0.01%,0.07%,0.01%,0.10%,0.01%,0.04%,0.01%,0.04%,0.00,0.00,0.00,0.00,0.00,0.00,0.00,0.00,0.00,0.00,0.00,0.00,0.00,0.00,0.00,0.00,0.00,0.00,0.00,0.00,0.00,0.00,0.00,0.00,120,0.699,84,84,59.96,60.00,60.06
24-Jul-2018 21:00:00,10.000,Y,115.90,116.90,117.44,0.96,1.05,1.11,3.24%,0.19,0.12%,2.22%,0.05%,1.83%,0.03%,0.58%,0.03%,1.21%,0.03%,0.38%,0.02%,0.29%,0.02%,0.31%,0.01%,0.17%,0.01%,0.06%,0.01%,0.11%,0.01%,0.06%,0.01%,0.06%,0.01,0.13,0.00,0.07,0.00,0.01,0.00,0.09,0.00,0.05,0.00,0.05,0.00,0.02,0.00,0.01,0.00,0.02,0.00,0.01,0.00,0.00,0.00,0.00,115.36,117.00,117.56,0.00,0.00,0.37,3.45%,0.00,0.12%,2.37%,0.05%,1.93%,0.03%,0.64%,0.03%,1.26%,0.02%,0.42%,0.02%,0.42%,0.02%,0.31%,0.01%,0.19%,0.01%,0.08%,0.01%,0.13%,0.01%,0.08%,0.01%,0.03%,0.00,0.00,0.00,0.00,0.00,0.00,0.00,0.00,0.00,0.00,0.00,0.00,0.00,0.00,0.00,0.00,0.00,0.00,0.00,0.00,0.00,0.00,0.00,0.00,231.34,233.10,233.92,0.00,0.00,0.00,3.34%,0.00,0.12%,2.30%,0.05%,1.88%,0.03%,0.61%,0.03%,1.23%,0.02%,0.40%,0.02%,0.35%,0.02%,0.31%,0.01%,0.18%,0.01%,0.07%,0.01%,0.12%,0.01%,0.06%,0.01%,0.04%,0.00,0.00,0.00,0.00,0.00,0.00,0.00,0.00,0.00,0.00,0.00,0.00,0.00,0.00,0.00,0.00,0.00,0.00,0.00,0.00,0.00,0.00,0.00,0.00,120,0.699,84,84,59.94,60.00,60.04
24-Jul-2018 21:10:00,10.000,Y,115.94,117.28,117.88,0.98,1.06,1.12,3.19%,0.19,0.11%,2.18%,0.04%,1.79%,0.03%,0.61%,0.02%,1.21%,0.02%,0.37%,0.01%,0.31%,0.02%,0.30%,0.01%,0.17%,0.01%,0.06%,0.01%,0.11%,0.01%,0.06%,0.01%,0.06%,0.01,0.13,0.00,0.07,0.00,0.01,0.00,0.09,0.00,0.05,0.00,0.05,0.00,0.02,0.00,0.01,0.00,0.02,0.00,0.01,0.00,0.00,0.00,0.00,116.16,117.30,117.82,0.00,0.00,0.34,3.44%,0.00,0.11%,2.37%,0.04%,1.90%,0.03%,0.65%,0.02%,1.29%,0.02%,0.43%,0.02%,0.42%,0.02%,0.32%,0.01%,0.20%,0.01%,0.09%,0.01%,0.14%,0.01%,0.09%,0.01%,0.04%,0.00,0.00,0.00,0.00,0.00,0.00,0.00,0.00,0.00,0.00,0.00,0.00,0.00,0.00,0.00,0.00,0.00,0.00,0.00,0.00,0.00,0.00,0.00,0.00,232.04,233.78,234.90,0.00,0.00,0.00,3.31%,0.00,0.11%,2.27%,0.04%,1.84%,0.03%,0.63%,0.02%,1.25%,0.02%,0.40%,0.01%,0.36%,0.02%,0.30%,0.01%,0.18%,0.01%,0.07%,0.01%,0.12%,0.01%,0.07%,0.01%,0.05%,0.00,0.00,0.00,0.00,0.00,0.00,0.00,0.00,0.00,0.00,0.00,0.00,0.00,0.00,0.00,0.00,0.00,0.00,0.00,0.00,0.00,0.00,0.00,0.00,120,0.701,84,84,59.97,59.99,60.03
24-Jul-2018 21:20:00,10.000,Y,116.32,117.28,117.66,0.97,1.05,1.12,3.20%,0.19,0.13%,2.14%,0.05%,1.85%,0.04%,0.61%,0.03%,1.20%,0.03%,0.37%,0.02%,0.32%,0.02%,0.28%,0.02%,0.16%,0.01%,0.07%,0.01%,0.11%,0.01%,0.06%,0.01%,0.06%,0.01,0.13,0.00,0.07,0.00,0.01,0.00,0.09,0.00,0.05,0.00,0.05,0.00,0.02,0.00,0.01,0.00,0.02,0.00,0.01,0.00,0.00,0.00,0.00,116.06,117.06,117.72,0.00,0.00,0.34,3.32%,0.00,0.13%,2.21%,0.05%,1.90%,0.03%,0.65%,0.02%,1.28%,0.03%,0.40%,0.02%,0.39%,0.02%,0.31%,0.01%,0.17%,0.01%,0.09%,0.01%,0.14%,0.01%,0.07%,0.01%,0.03%,0.00,0.00,0.00,0.00,0.00,0.00,0.00,0.00,0.00,0.00,0.00,0.00,0.00,0.00,0.00,0.00,0.00,0.00,0.00,0.00,0.00,0.00,0.00,0.00,232.24,233.54,234.60,0.00,0.00,0.00,3.25%,0.00,0.13%,2.17%,0.05%,1.87%,0.03%,0.63%,0.02%,1.24%,0.03%,0.38%,0.02%,0.36%,0.02%,0.30%,0.01%,0.16%,0.01%,0.08%,0.01%,0.12%,0.01%,0.06%,0.01%,0.04%,0.00,0.00,0.00,0.00,0.00,0.00,0.00,0.00,0.00,0.00,0.00,0.00,0.00,0.00,0.00,0.00,0.00,0.00,0.00,0.00,0.00,0.00,0.00,0.00,120,0.699,84,84,59.97,60.00,60.05
24-Jul-2018 21:30:00,10.000,Y,116.12,117.24,117.62,0.97,1.05,1.11,3.21%,0.19,0.11%,2.12%,0.04%,1.88%,0.03%,0.62%,0.02%,1.20%,0.02%,0.37%,0.02%,0.33%,0.01%,0.29%,0.01%,0.16%,0.01%,0.07%,0.01%,0.11%,0.01%,0.07%,0.01%,0.06%,0.01,0.13,0.00,0.07,0.00,0.01,0.00,0.09,0.00,0.05,0.00,0.05,0.00,0.02,0.00,0.01,0.00,0.02,0.00,0.01,0.00,0.00,0.00,0.00,116.14,117.22,117.58,0.00,0.00,0.34,3.26%,0.00,0.12%,2.15%,0.05%,1.89%,0.03%,0.63%,0.02%,1.25%,0.02%,0.39%,0.02%,0.40%,0.02%,0.31%,0.01%,0.16%,0.01%,0.07%,0.01%,0.13%,0.01%,0.07%,0.01%,0.04%,0.00,0.00,0.00,0.00,0.00,0.00,0.00,0.00,0.00,0.00,0.00,0.00,0.00,0.00,0.00,0.00,0.00,0.00,0.00,0.00,0.00,0.00,0.00,0.00,232.32,233.66,234.28,0.00,0.00,0.00,3.23%,0.00,0.11%,2.14%,0.04%,1.89%,0.03%,0.62%,0.02%,1.23%,0.02%,0.38%,0.01%,0.36%,0.01%,0.29%,0.01%,0.16%,0.01%,0.07%,0.01%,0.12%,0.01%,0.07%,0.01%,0.04%,0.00,0.00,0.00,0.00,0.00,0.00,0.00,0.00,0.00,0.00,0.00,0.00,0.00,0.00,0.00,0.00,0.00,0.00,0.00,0.00,0.00,0.00,0.00,0.00,120,0.696,84,84,59.95,60.00,60.02
24-Jul-2018 21:40:00,10.000,Y,116.50,117.56,117.98,0.97,1.05,1.11,3.17%,0.19,0.11%,2.05%,0.04%,1.88%,0.03%,0.64%,0.03%,1.22%,0.02%,0.37%,0.01%,0.34%,0.01%,0.30%,0.01%,0.15%,0.01%,0.06%,0.01%,0.11%,0.01%,0.06%,0.01%,0.06%,0.01,0.13,0.00,0.07,0.00,0.02,0.00,0.09,0.00,0.05,0.00,0.05,0.00,0.02,0.00,0.01,0.00,0.02,0.00,0.01,0.00,0.00,0.00,0.00,116.22,117.36,117.76,0.00,0.00,0.35,3.25%,0.00,0.11%,2.11%,0.04%,1.88%,0.03%,0.65%,0.03%,1.28%,0.02%,0.39%,0.02%,0.41%,0.01%,0.31%,0.01%,0.17%,0.01%,0.07%,0.01%,0.13%,0.01%,0.08%,0.01%,0.04%,0.00,0.00,0.00,0.00,0.00,0.00,0.00,0.00,0.00,0.00,0.00,0.00,0.00,0.00,0.00,0.00,0.00,0.00,0.00,0.00,0.00,0.00,0.00,0.00,232.32,234.12,234.88,0.00,0.00,0.00,3.20%,0.00,0.11%,2.08%,0.04%,1.88%,0.03%,0.64%,0.02%,1.25%,0.02%,0.38%,0.01%,0.37%,0.01%,0.30%,0.01%,0.15%,0.01%,0.07%,0.01%,0.11%,0.01%,0.07%,0.01%,0.05%,0.00,0.00,0.00,0.00,0.00,0.00,0.00,0.00,0.00,0.00,0.00,0.00,0.00,0.00,0.00,0.00,0.00,0.00,0.00,0.00,0.00,0.00,0.00,0.00,120,0.695,84,84,59.94,59.99,60.06
24-Jul-2018 21:50:00,10.000,Y,116.74,117.74,118.10,0.97,1.05,1.11,3.11%,0.19,0.12%,1.96%,0.04%,1.89%,0.03%,0.64%,0.03%,1.20%,0.02%,0.34%,0.02%,0.35%,0.01%,0.31%,0.01%,0.14%,0.01%,0.07%,0.01%,0.12%,0.01%,0.07%,0.01%,0.05%,0.01,0.13,0.00,0.07,0.00,0.02,0.00,0.09,0.00,0.05,0.00,0.05,0.00,0.02,0.00,0.01,0.00,0.02,0.00,0.01,0.00,0.00,0.00,0.00,116.46,117.62,118.06,0.00,0.00,0.35,3.25%,0.00,0.12%,2.06%,0.05%,1.93%,0.03%,0.66%,0.03%,1.25%,0.02%,0.39%,0.02%,0.42%,0.02%,0.32%,0.01%,0.16%,0.01%,0.08%,0.01%,0.14%,0.01%,0.09%,0.01%,0.03%,0.00,0.00,0.00,0.00,0.00,0.00,0.00,0.00,0.00,0.00,0.00,0.00,0.00,0.00,0.00,0.00,0.00,0.00,0.00,0.00,0.00,0.00,0.00,0.00,233.30,234.56,235.30,0.00,0.00,0.00,3.17%,0.00,0.12%,2.01%,0.04%,1.91%,0.03%,0.65%,0.03%,1.22%,0.02%,0.36%,0.02%,0.38%,0.01%,0.31%,0.01%,0.15%,0.01%,0.07%,0.01%,0.13%,0.01%,0.07%,0.01%,0.04%,0.00,0.00,0.00,0.00,0.00,0.00,0.00,0.00,0.00,0.00,0.00,0.00,0.00,0.00,0.00,0.00,0.00,0.00,0.00,0.00,0.00,0.00,0.00,0.00,120,0.693,84,84,59.97,60.00,60.04
24-Jul-2018 22:00:00,10.000,Y,116.98,118.22,118.58,0.97,1.05,1.11,3.04%,0.19,0.13%,1.88%,0.05%,1.84%,0.04%,0.68%,0.02%,1.20%,0.02%,0.33%,0.02%,0.35%,0.01%,0.31%,0.01%,0.13%,0.01%,0.07%,0.01%,0.12%,0.01%,0.06%,0.01%,0.05%,0.01,0.13,0.00,0.07,0.00,0.02,0.00,0.09,0.00,0.05,0.00,0.05,0.00,0.02,0.00,0.01,0.00,0.02,0.00,0.01,0.00,0.00,0.00,0.00,117.22,118.16,118.66,0.00,0.00,0.33,3.18%,0.00,0.12%,1.96%,0.05%,1.92%,0.03%,0.72%,0.02%,1.24%,0.03%,0.38%,0.02%,0.43%,0.01%,0.32%,0.01%,0.17%,0.01%,0.08%,0.01%,0.14%,0.01%,0.09%,0.01%,0.03%,0.00,0.00,0.00,0.00,0.00,0.00,0.00,0.00,0.00,0.00,0.00,0.00,0.00,0.00,0.00,0.00,0.00,0.00,0.00,0.00,0.00,0.00,0.00,0.00,233.72,235.58,236.42,0.00,0.00,0.00,3.11%,0.00,0.13%,1.92%,0.05%,1.88%,0.03%,0.70%,0.02%,1.22%,0.02%,0.36%,0.02%,0.38%,0.01%,0.31%,0.01%,0.15%,0.01%,0.07%,0.01%,0.13%,0.01%,0.07%,0.01%,0.04%,0.00,0.00,0.00,0.00,0.00,0.00,0.00,0.00,0.00,0.00,0.00,0.00,0.00,0.00,0.00,0.00,0.00,0.00,0.00,0.00,0.00,0.00,0.00,0.00,120,0.692,84,84,59.97,60.00,60.04
24-Jul-2018 22:10:00,10.000,Y,116.94,118.20,118.48,0.97,1.05,1.12,2.92%,0.18,0.14%,1.79%,0.05%,1.78%,0.04%,0.65%,0.03%,1.16%,0.03%,0.34%,0.02%,0.33%,0.02%,0.29%,0.01%,0.11%,0.01%,0.07%,0.01%,0.10%,0.01%,0.04%,0.01%,0.04%,0.01,0.12,0.00,0.07,0.00,0.02,0.00,0.08,0.00,0.05,0.00,0.05,0.00,0.02,0.00,0.01,0.00,0.02,0.00,0.01,0.00,0.00,0.00,0.00,117.38,118.32,118.68,0.00,0.00,0.34,3.07%,0.00,0.15%,1.85%,0.05%,1.86%,0.03%,0.72%,0.03%,1.22%,0.03%,0.37%,0.02%,0.43%,0.02%,0.30%,0.01%,0.13%,0.01%,0.08%,0.01%,0.12%,0.01%,0.08%,0.01%,0.03%,0.00,0.00,0.00,0.00,0.00,0.00,0.00,0.00,0.00,0.00,0.00,0.00,0.00,0.00,0.00,0.00,0.00,0.00,0.00,0.00,0.00,0.00,0.00,0.00,234.24,235.70,236.32,0.00,0.00,0.00,2.99%,0.00,0.14%,1.82%,0.05%,1.82%,0.03%,0.68%,0.03%,1.19%,0.03%,0.35%,0.02%,0.38%,0.02%,0.29%,0.01%,0.12%,0.01%,0.07%,0.01%,0.10%,0.01%,0.06%,0.01%,0.03%,0.00,0.00,0.00,0.00,0.00,0.00,0.00,0.00,0.00,0.00,0.00,0.00,0.00,0.00,0.00,0.00,0.00,0.00,0.00,0.00,0.00,0.00,0.00,0.00,120,0.692,84,84,59.97,60.01,60.04
24-Jul-2018 22:20:00,10.000,Y,116.84,118.08,118.58,0.97,1.05,1.11,2.87%,0.18,0.13%,1.73%,0.05%,1.76%,0.03%,0.67%,0.03%,1.15%,0.02%,0.34%,0.02%,0.34%,0.01%,0.29%,0.01%,0.11%,0.01%,0.07%,0.01%,0.09%,0.01%,0.05%,0.01%,0.04%,0.01,0.12,0.00,0.07,0.00,0.02,0.00,0.08,0.00,0.05,0.00,0.05,0.00,0.03,0.00,0.01,0.00,0.01,0.00,0.01,0.00,0.00,0.00,0.00,117.40,118.26,118.54,0.00,0.00,0.34,3.02%,0.00,0.13%,1.78%,0.05%,1.86%,0.03%,0.72%,0.03%,1.22%,0.02%,0.37%,0.02%,0.43%,0.02%,0.31%,0.01%,0.14%,0.01%,0.08%,0.01%,0.13%,0.01%,0.08%,0.01%,0.03%,0.00,0.00,0.00,0.00,0.00,0.00,0.00,0.00,0.00,0.00,0.00,0.00,0.00,0.00,0.00,0.00,0.00,0.00,0.00,0.00,0.00,0.00,0.00,0.00,234.12,235.52,236.16,0.00,0.00,0.00,2.94%,0.00,0.13%,1.75%,0.05%,1.81%,0.03%,0.69%,0.03%,1.19%,0.02%,0.35%,0.02%,0.38%,0.02%,0.30%,0.01%,0.12%,0.01%,0.08%,0.01%,0.11%,0.01%,0.06%,0.01%,0.03%,0.00,0.00,0.00,0.00,0.00,0.00,0.00,0.00,0.00,0.00,0.00,0.00,0.00,0.00,0.00,0.00,0.00,0.00,0.00,0.00,0.00,0.00,0.00,0.00,120,0.693,84,84,59.95,60.00,60.04
24-Jul-2018 22:30:00,10.000,Y,117.28,118.28,118.82,0.97,1.06,1.13,2.79%,0.18,0.12%,1.62%,0.05%,1.72%,0.03%,0.67%,0.02%,1.17%,0.03%,0.32%,0.02%,0.32%,0.02%,0.27%,0.01%,0.11%,0.01%,0.07%,0.01%,0.08%,0.01%,0.05%,0.01%,0.04%,0.01,0.12,0.00,0.07,0.00,0.02,0.00,0.08,0.00,0.05,0.00,0.05,0.00,0.03,0.00,0.01,0.00,0.01,0.00,0.01,0.00,0.00,0.00,0.00,117.42,118.34,118.74,0.00,0.00,0.34,2.99%,0.00,0.12%,1.73%,0.05%,1.86%,0.03%,0.73%,0.03%,1.21%,0.03%,0.35%,0.02%,0.44%,0.02%,0.31%,0.01%,0.14%,0.01%,0.08%,0.01%,0.13%,0.01%,0.08%,0.01%,0.03%,0.00,0.00,0.00,0.00,0.00,0.00,0.00,0.00,0.00,0.00,0.00,0.00,0.00,0.00,0.00,0.00,0.00,0.00,0.00,0.00,0.00,0.00,0.00,0.00,234.54,235.82,236.74,0.00,0.00,0.00,2.88%,0.00,0.12%,1.67%,0.05%,1.79%,0.03%,0.70%,0.02%,1.19%,0.03%,0.33%,0.02%,0.38%,0.02%,0.29%,0.01%,0.12%,0.01%,0.08%,0.01%,0.10%,0.01%,0.06%,0.01%,0.03%,0.00,0.00,0.00,0.00,0.00,0.00,0.00,0.00,0.00,0.00,0.00,0.00,0.00,0.00,0.00,0.00,0.00,0.00,0.00,0.00,0.00,0.00,0.00,0.00,120,0.696,84,84,59.94,60.00,60.06
24-Jul-2018 22:40:00,10.000,Y,117.68,118.52,118.86,0.98,1.05,1.12,2.73%,0.18,0.14%,1.55%,0.06%,1.71%,0.04%,0.68%,0.03%,1.15%,0.03%,0.30%,0.02%,0.30%,0.02%,0.28%,0.02%,0.10%,0.01%,0.08%,0.01%,0.08%,0.01%,0.05%,0.01%,0.05%,0.01,0.12,0.00,0.07,0.00,0.02,0.00,0.08,0.00,0.05,0.00,0.05,0.00,0.03,0.00,0.01,0.00,0.01,0.00,0.01,0.00,0.00,0.00,0.00,117.54,118.56,118.92,0.00,0.00,0.33,2.97%,0.00,0.14%,1.66%,0.05%,1.86%,0.04%,0.76%,0.03%,1.22%,0.03%,0.34%,0.02%,0.43%,0.02%,0.34%,0.02%,0.15%,0.01%,0.09%,0.01%,0.15%,0.01%,0.08%,0.01%,0.03%,0.00,0.00,0.00,0.00,0.00,0.00,0.00,0.00,0.00,0.00,0.00,0.00,0.00,0.00,0.00,0.00,0.00,0.00,0.00,0.00,0.00,0.00,0.00,0.00,234.72,236.28,236.94,0.00,0.00,0.00,2.84%,0.00,0.14%,1.61%,0.05%,1.78%,0.04%,0.72%,0.03%,1.18%,0.03%,0.32%,0.02%,0.36%,0.02%,0.30%,0.02%,0.12%,0.01%,0.08%,0.01%,0.11%,0.01%,0.05%,0.01%,0.04%,0.00,0.00,0.00,0.00,0.00,0.00,0.00,0.00,0.00,0.00,0.00,0.00,0.00,0.00,0.00,0.00,0.00,0.00,0.00,0.00,0.00,0.00,0.00,0.00,120,0.692,84,84,59.96,60.01,60.05
24-Jul-2018 22:50:00,10.000,Y,117.26,118.50,118.94,0.96,1.05,1.11,2.66%,0.17,0.16%,1.50%,0.06%,1.65%,0.04%,0.68%,0.03%,1.15%,0.03%,0.30%,0.02%,0.30%,0.02%,0.26%,0.02%,0.10%,0.01%,0.08%,0.01%,0.06%,0.01%,0.05%,0.01%,0.05%,0.01,0.11,0.00,0.07,0.00,0.02,0.00,0.08,0.00,0.05,0.00,0.05,0.00,0.02,0.00,0.01,0.00,0.01,0.00,0.01,0.00,0.00,0.00,0.00,117.44,118.44,118.84,0.00,0.00,0.34,2.88%,0.00,0.16%,1.58%,0.06%,1.83%,0.04%,0.78%,0.03%,1.17%,0.03%,0.33%,0.02%,0.42%,0.02%,0.31%,0.02%,0.15%,0.02%,0.08%,0.01%,0.15%,0.01%,0.08%,0.01%,0.03%,0.00,0.00,0.00,0.00,0.00,0.00,0.00,0.00,0.00,0.00,0.00,0.00,0.00,0.00,0.00,0.00,0.00,0.00,0.00,0.00,0.00,0.00,0.00,0.00,234.66,236.14,236.92,0.00,0.00,0.00,2.76%,0.00,0.16%,1.54%,0.06%,1.74%,0.04%,0.73%,0.03%,1.15%,0.03%,0.31%,0.02%,0.36%,0.02%,0.28%,0.02%,0.11%,0.01%,0.08%,0.01%,0.10%,0.01%,0.04%,0.01%,0.04%,0.00,0.00,0.00,0.00,0.00,0.00,0.00,0.00,0.00,0.00,0.00,0.00,0.00,0.00,0.00,0.00,0.00,0.00,0.00,0.00,0.00,0.00,0.00,0.00,120,0.690,84,84,59.95,60.02,60.05
24-Jul-2018 23:00:00,10.000,Y,117.66,118.62,119.02,0.97,1.05,1.12,2.62%,0.17,0.15%,1.40%,0.05%,1.68%,0.04%,0.70%,0.03%,1.14%,0.02%,0.27%,0.02%,0.30%,0.02%,0.25%,0.02%,0.09%,0.01%,0.08%,0.01%,0.04%,0.01%,0.04%,0.01%,0.05%,0.01,0.11,0.00,0.07,0.00,0.02,0.00,0.08,0.00,0.05,0.00,0.05,0.00,0.03,0.00,0.01,0.00,0.01,0.00,0.01,0.00,0.00,0.00,0.00,117.12,118.32,118.62,0.00,0.00,0.34,2.79%,0.00,0.15%,1.48%,0.05%,1.84%,0.04%,0.75%,0.03%,1.12%,0.03%,0.32%,0.02%,0.40%,0.02%,0.27%,0.02%,0.11%,0.02%,0.08%,0.01%,0.11%,0.01%,0.05%,0.01%,0.03%,0.00,0.00,0.00,0.00,0.00,0.00,0.00,0.00,0.00,0.00,0.00,0.00,0.00,0.00,0.00,0.00,0.00,0.00,0.00,0.00,0.00,0.00,0.00,0.00,234.78,236.12,236.68,0.00,0.00,0.00,2.69%,0.00,0.15%,1.44%,0.05%,1.76%,0.04%,0.72%,0.03%,1.12%,0.02%,0.29%,0.02%,0.34%,0.02%,0.25%,0.02%,0.09%,0.01%,0.08%,0.01%,0.07%,0.01%,0.02%,0.01%,0.04%,0.00,0.00,0.00,0.00,0.00,0.00,0.00,0.00,0.00,0.00,0.00,0.00,0.00,0.00,0.00,0.00,0.00,0.00,0.00,0.00,0.00,0.00,0.00,0.00,120,0.690,84,84,59.94,60.01,60.06
24-Jul-2018 23:10:00,10.000,Y,117.96,119.04,119.42,0.97,1.05,1.11,2.53%,0.17,0.12%,1.27%,0.05%,1.67%,0.03%,0.69%,0.03%,1.10%,0.02%,0.25%,0.02%,0.31%,0.01%,0.26%,0.01%,0.06%,0.01%,0.08%,0.01%,0.04%,0.01%,0.03%,0.01%,0.05%,0.01,0.11,0.00,0.07,0.00,0.03,0.00,0.07,0.00,0.05,0.00,0.05,0.00,0.03,0.00,0.00,0.00,0.01,0.00,0.01,0.00,0.00,0.00,0.00,117.74,118.70,119.44,0.00,0.00,0.34,2.68%,0.00,0.12%,1.38%,0.04%,1.78%,0.03%,0.71%,0.03%,1.11%,0.02%,0.30%,0.02%,0.38%,0.02%,0.26%,0.01%,0.08%,0.01%,0.07%,0.01%,0.08%,0.01%,0.03%,0.01%,0.04%,0.00,0.00,0.00,0.00,0.00,0.00,0.00,0.00,0.00,0.00,0.00,0.00,0.00,0.00,0.00,0.00,0.00,0.00,0.00,0.00,0.00,0.00,0.00,0.00,235.56,236.94,237.94,0.00,0.00,0.00,2.60%,0.00,0.12%,1.32%,0.04%,1.72%,0.03%,0.70%,0.02%,1.11%,0.02%,0.27%,0.02%,0.34%,0.01%,0.25%,0.01%,0.07%,0.01%,0.07%,0.01%,0.06%,0.01%,0.02%,0.01%,0.04%,0.00,0.00,0.00,0.00,0.00,0.00,0.00,0.00,0.00,0.00,0.00,0.00,0.00,0.00,0.00,0.00,0.00,0.00,0.00,0.00,0.00,0.00,0.00,0.00,120,0.687,84,84,59.95,60.00,60.05
24-Jul-2018 23:20:00,10.000,Y,117.66,118.60,119.32,0.97,1.05,1.11,2.48%,0.16,0.13%,1.16%,0.04%,1.72%,0.03%,0.72%,0.02%,1.05%,0.02%,0.24%,0.02%,0.30%,0.01%,0.24%,0.01%,0.06%,0.01%,0.07%,0.01%,0.05%,0.01%,0.03%,0.01%,0.03%,0.01,0.10,0.00,0.07,0.00,0.03,0.00,0.07,0.00,0.04,0.00,0.05,0.00,0.03,0.00,0.00,0.00,0.01,0.00,0.01,0.00,0.00,0.00,0.00,117.62,118.62,119.44,0.00,0.00,0.34,2.65%,0.00,0.13%,1.30%,0.05%,1.81%,0.03%,0.72%,0.02%,1.09%,0.02%,0.31%,0.02%,0.37%,0.02%,0.25%,0.01%,0.08%,0.01%,0.07%,0.01%,0.05%,0.01%,0.02%,0.01%,0.03%,0.00,0.00,0.00,0.00,0.00,0.00,0.00,0.00,0.00,0.00,0.00,0.00,0.00,0.00,0.00,0.00,0.00,0.00,0.00,0.00,0.00,0.00,0.00,0.00,235.08,236.40,237.92,0.00,0.00,0.00,2.56%,0.00,0.13%,1.23%,0.05%,1.76%,0.03%,0.72%,0.02%,1.07%,0.02%,0.27%,0.02%,0.33%,0.01%,0.24%,0.01%,0.07%,0.01%,0.07%,0.01%,0.04%,0.01%,0.02%,0.01%,0.03%,0.00,0.00,0.00,0.00,0.00,0.00,0.00,0.00,0.00,0.00,0.00,0.00,0.00,0.00,0.00,0.00,0.00,0.00,0.00,0.00,0.00,0.00,0.00,0.00,120,0.691,84,84,59.94,60.00,60.05
24-Jul-2018 23:30:00,10.000,Y,117.78,118.70,119.02,0.97,1.05,1.11,2.42%,0.16,0.14%,1.08%,0.05%,1.68%,0.03%,0.71%,0.03%,1.03%,0.02%,0.25%,0.02%,0.31%,0.02%,0.24%,0.01%,0.07%,0.01%,0.06%,0.01%,0.06%,0.01%,0.04%,0.01%,0.03%,0.01,0.10,0.00,0.07,0.00,0.03,0.00,0.07,0.00,0.04,0.00,0.05,0.00,0.03,0.00,0.00,0.00,0.01,0.00,0.01,0.00,0.00,0.00,0.00,118.02,118.92,119.20,0.00,0.00,0.34,2.59%,0.00,0.14%,1.22%,0.05%,1.79%,0.03%,0.74%,0.03%,1.06%,0.02%,0.31%,0.02%,0.36%,0.02%,0.23%,0.01%,0.09%,0.01%,0.06%,0.01%,0.06%,0.01%,0.03%,0.01%,0.03%,0.00,0.00,0.00,0.00,0.00,0.00,0.00,0.00,0.00,0.00,0.00,0.00,0.00,0.00,0.00,0.00,0.00,0.00,0.00,0.00,0.00,0.00,0.00,0.00,235.54,236.84,237.30,0.00,0.00,0.00,2.50%,0.00,0.14%,1.15%,0.05%,1.73%,0.03%,0.72%,0.03%,1.04%,0.02%,0.28%,0.02%,0.33%,0.02%,0.23%,0.01%,0.07%,0.01%,0.06%,0.01%,0.05%,0.01%,0.03%,0.01%,0.03%,0.00,0.00,0.00,0.00,0.00,0.00,0.00,0.00,0.00,0.00,0.00,0.00,0.00,0.00,0.00,0.00,0.00,0.00,0.00,0.00,0.00,0.00,0.00,0.00,120,0.689,84,84,59.98,60.01,60.04
24-Jul-2018 23:40:00,10.000,Y,117.76,118.86,119.22,0.98,1.05,1.12,2.41%,0.16,0.12%,1.04%,0.05%,1.71%,0.03%,0.71%,0.02%,1.01%,0.02%,0.26%,0.02%,0.30%,0.01%,0.23%,0.01%,0.06%,0.01%,0.06%,0.01%,0.05%,0.01%,0.04%,0.01%,0.04%,0.01,0.10,0.00,0.07,0.00,0.03,0.00,0.06,0.00,0.04,0.00,0.05,0.00,0.03,0.00,0.00,0.00,0.01,0.00,0.01,0.00,0.00,0.00,0.00,118.06,118.92,119.20,0.00,0.00,0.34,2.55%,0.00,0.12%,1.17%,0.05%,1.81%,0.03%,0.72%,0.02%,1.03%,0.02%,0.30%,0.02%,0.35%,0.01%,0.23%,0.01%,0.08%,0.01%,0.06%,0.01%,0.06%,0.01%,0.04%,0.01%,0.03%,0.00,0.00,0.00,0.00,0.00,0.00,0.00,0.00,0.00,0.00,0.00,0.00,0.00,0.00,0.00,0.00,0.00,0.00,0.00,0.00,0.00,0.00,0.00,0.00,235.76,236.98,237.52,0.00,0.00,0.00,2.47%,0.00,0.12%,1.10%,0.05%,1.75%,0.03%,0.72%,0.02%,1.02%,0.02%,0.28%,0.02%,0.32%,0.01%,0.23%,0.01%,0.07%,0.01%,0.06%,0.01%,0.05%,0.01%,0.03%,0.01%,0.03%,0.00,0.00,0.00,0.00,0.00,0.00,0.00,0.00,0.00,0.00,0.00,0.00,0.00,0.00,0.00,0.00,0.00,0.00,0.00,0.00,0.00,0.00,0.00,0.00,120,0.691,84,84,59.96,60.00,60.04
24-Jul-2018 23:50:00,10.000,Y,117.80,119.04,119.48,0.98,1.06,1.12,2.39%,0.16,0.12%,0.99%,0.04%,1.73%,0.03%,0.71%,0.02%,0.99%,0.02%,0.26%,0.01%,0.29%,0.01%,0.23%,0.01%,0.07%,0.01%,0.06%,0.01%,0.05%,0.01%,0.04%,0.01%,0.03%,0.01,0.10,0.00,0.07,0.00,0.03,0.00,0.06,0.00,0.04,0.00,0.05,0.00,0.03,0.00,0.00,0.00,0.01,0.00,0.01,0.00,0.00,0.00,0.00,117.82,118.94,119.26,0.00,0.00,0.34,2.51%,0.00,0.11%,1.10%,0.04%,1.81%,0.03%,0.71%,0.02%,1.02%,0.02%,0.29%,0.02%,0.33%,0.01%,0.22%,0.01%,0.08%,0.01%,0.06%,0.01%,0.05%,0.01%,0.03%,0.01%,0.03%,0.00,0.00,0.00,0.00,0.00,0.00,0.00,0.00,0.00,0.00,0.00,0.00,0.00,0.00,0.00,0.00,0.00,0.00,0.00,0.00,0.00,0.00,0.00,0.00,235.94,237.18,237.90,0.00,0.00,0.00,2.45%,0.00,0.11%,1.04%,0.04%,1.77%,0.03%,0.71%,0.02%,1.00%,0.02%,0.27%,0.01%,0.30%,0.01%,0.22%,0.01%,0.07%,0.01%,0.06%,0.01%,0.04%,0.01%,0.03%,0.01%,0.02%,0.00,0.00,0.00,0.00,0.00,0.00,0.00,0.00,0.00,0.00,0.00,0.00,0.00,0.00,0.00,0.00,0.00,0.00,0.00,0.00,0.00,0.00,0.00,0.00,120,0.693,84,84,59.95,59.99,60.04
25-Jul-2018 00:00:00,10.000,Y,118.08,119.26,119.62,0.97,1.05,1.11,2.36%,0.16,0.12%,0.95%,0.04%,1.73%,0.03%,0.73%,0.02%,0.96%,0.02%,0.25%,0.02%,0.29%,0.01%,0.21%,0.01%,0.06%,0.01%,0.06%,0.01%,0.05%,0.01%,0.03%,0.01%,0.03%,0.01,0.10,0.00,0.07,0.00,0.03,0.00,0.06,0.00,0.04,0.00,0.05,0.00,0.03,0.00,0.00,0.00,0.01,0.00,0.01,0.00,0.00,0.00,0.00,118.24,119.16,119.46,0.00,0.00,0.34,2.47%,0.00,0.12%,1.06%,0.04%,1.78%,0.03%,0.72%,0.02%,1.00%,0.02%,0.29%,0.02%,0.33%,0.01%,0.21%,0.01%,0.08%,0.01%,0.07%,0.01%,0.06%,0.01%,0.03%,0.01%,0.03%,0.00,0.00,0.00,0.00,0.00,0.00,0.00,0.00,0.00,0.00,0.00,0.00,0.00,0.00,0.00,0.00,0.00,0.00,0.00,0.00,0.00,0.00,0.00,0.00,235.98,237.60,238.20,0.00,0.00,0.00,2.41%,0.00,0.12%,1.00%,0.04%,1.75%,0.03%,0.72%,0.02%,0.98%,0.02%,0.27%,0.01%,0.30%,0.01%,0.21%,0.01%,0.07%,0.01%,0.06%,0.01%,0.05%,0.01%,0.03%,0.01%,0.03%,0.00,0.00,0.00,0.00,0.00,0.00,0.00,0.00,0.00,0.00,0.00,0.00,0.00,0.00,0.00,0.00,0.00,0.00,0.00,0.00,0.00,0.00,0.00,0.00,120,0.686,84,84,59.95,60.00,60.06
25-Jul-2018 00:10:00,10.000,Y,118.26,119.26,119.60,0.97,1.05,1.11,2.35%,0.16,0.12%,0.90%,0.04%,1.74%,0.03%,0.73%,0.02%,0.96%,0.02%,0.23%,0.02%,0.30%,0.01%,0.22%,0.01%,0.05%,0.01%,0.07%,0.01%,0.05%,0.01%,0.03%,0.01%,0.04%,0.01,0.10,0.00,0.07,0.00,0.03,0.00,0.06,0.00,0.04,0.00,0.05,0.00,0.03,0.00,0.00,0.00,0.01,0.00,0.01,0.00,0.00,0.00,0.01,118.24,119.30,119.76,0.00,0.00,0.34,2.47%,0.00,0.12%,1.02%,0.05%,1.79%,0.03%,0.73%,0.02%,1.02%,0.02%,0.27%,0.02%,0.34%,0.01%,0.22%,0.01%,0.08%,0.01%,0.07%,0.01%,0.07%,0.01%,0.04%,0.01%,0.04%,0.00,0.00,0.00,0.00,0.00,0.00,0.00,0.00,0.00,0.00,0.00,0.00,0.00,0.00,0.00,0.00,0.00,0.00,0.00,0.00,0.00,0.00,0.00,0.00,236.06,237.76,238.42,0.00,0.00,0.00,2.40%,0.00,0.12%,0.96%,0.05%,1.76%,0.03%,0.73%,0.02%,0.99%,0.02%,0.25%,0.02%,0.32%,0.01%,0.21%,0.01%,0.06%,0.01%,0.07%,0.01%,0.05%,0.01%,0.03%,0.01%,0.03%,0.00,0.00,0.00,0.00,0.00,0.00,0.00,0.00,0.00,0.00,0.00,0.00,0.00,0.00,0.00,0.00,0.00,0.00,0.00,0.00,0.00,0.00,0.00,0.00,120,0.687,84,84,59.94,60.00,60.06
25-Jul-2018 00:20:00,10.000,Y,118.02,119.48,119.86,0.95,1.05,1.11,2.31%,0.16,0.16%,0.88%,0.06%,1.68%,0.04%,0.75%,0.03%,0.96%,0.03%,0.23%,0.02%,0.30%,0.02%,0.22%,0.02%,0.06%,0.01%,0.06%,0.01%,0.05%,0.01%,0.04%,0.01%,0.04%,0.01,0.10,0.00,0.07,0.00,0.03,0.00,0.06,0.00,0.04,0.00,0.05,0.00,0.03,0.00,0.00,0.00,0.01,0.00,0.01,0.00,0.00,0.00,0.00,118.64,119.44,119.86,0.00,0.00,0.34,2.42%,0.00,0.16%,0.99%,0.06%,1.73%,0.04%,0.75%,0.03%,1.01%,0.03%,0.27%,0.02%,0.34%,0.02%,0.22%,0.02%,0.08%,0.02%,0.07%,0.01%,0.06%,0.01%,0.04%,0.01%,0.04%,0.00,0.00,0.00,0.00,0.00,0.00,0.00,0.00,0.00,0.00,0.00,0.00,0.00,0.00,0.00,0.00,0.00,0.00,0.00,0.00,0.00,0.00,0.00,0.00,236.42,238.10,238.76,0.00,0.00,0.00,2.36%,0.00,0.16%,0.93%,0.06%,1.71%,0.04%,0.75%,0.03%,0.98%,0.03%,0.25%,0.02%,0.32%,0.02%,0.21%,0.02%,0.06%,0.01%,0.06%,0.01%,0.05%,0.01%,0.04%,0.01%,0.04%,0.00,0.00,0.00,0.00,0.00,0.00,0.00,0.00,0.00,0.00,0.00,0.00,0.00,0.00,0.00,0.00,0.00,0.00,0.00,0.00,0.00,0.00,0.00,0.00,120,0.686,84,84,59.96,60.02,60.11
25-Jul-2018 00:30:00,10.000,Y,118.54,119.48,119.80,0.97,1.05,1.11,2.25%,0.15,0.12%,0.82%,0.04%,1.65%,0.03%,0.74%,0.02%,0.94%,0.02%,0.23%,0.01%,0.29%,0.01%,0.21%,0.01%,0.06%,0.01%,0.07%,0.01%,0.05%,0.01%,0.04%,0.01%,0.04%,0.01,0.09,0.00,0.07,0.00,0.04,0.00,0.06,0.00,0.04,0.00,0.05,0.00,0.03,0.00,0.00,0.00,0.01,0.00,0.01,0.00,0.00,0.00,0.00,118.86,119.68,119.96,0.00,0.00,0.33,2.36%,0.00,0.12%,0.94%,0.04%,1.70%,0.03%,0.74%,0.02%,1.00%,0.02%,0.26%,0.02%,0.34%,0.01%,0.22%,0.01%,0.09%,0.01%,0.07%,0.01%,0.06%,0.01%,0.04%,0.01%,0.04%,0.00,0.00,0.00,0.00,0.00,0.00,0.00,0.00,0.00,0.00,0.00,0.00,0.00,0.00,0.00,0.00,0.00,0.00,0.00,0.00,0.00,0.00,0.00,0.00,237.04,238.36,238.90,0.00,0.00,0.00,2.30%,0.00,0.12%,0.88%,0.04%,1.67%,0.03%,0.74%,0.02%,0.97%,0.02%,0.24%,0.02%,0.31%,0.01%,0.21%,0.01%,0.07%,0.01%,0.07%,0.01%,0.05%,0.01%,0.04%,0.01%,0.04%,0.00,0.00,0.00,0.00,0.00,0.00,0.00,0.00,0.00,0.00,0.00,0.00,0.00,0.00,0.00,0.00,0.00,0.00,0.00,0.00,0.00,0.00,0.00,0.00,120,0.685,84,84,59.96,59.99,60.03
25-Jul-2018 00:40:00,10.000,Y,118.40,119.34,119.68,0.97,1.05,1.11,2.23%,0.15,0.13%,0.78%,0.05%,1.64%,0.04%,0.75%,0.02%,0.94%,0.02%,0.22%,0.02%,0.29%,0.01%,0.21%,0.01%,0.05%,0.01%,0.06%,0.01%,0.05%,0.01%,0.04%,0.01%,0.03%,0.01,0.09,0.00,0.07,0.00,0.04,0.00,0.06,0.00,0.04,0.00,0.05,0.00,0.03,0.00,0.00,0.00,0.01,0.00,0.01,0.00,0.00,0.00,0.00,119.00,119.74,120.06,0.00,0.00,0.34,2.34%,0.00,0.13%,0.88%,0.05%,1.69%,0.03%,0.77%,0.02%,0.99%,0.02%,0.25%,0.02%,0.32%,0.02%,0.21%,0.01%,0.08%,0.01%,0.06%,0.01%,0.05%,0.01%,0.04%,0.01%,0.04%,0.00,0.00,0.00,0.00,0.00,0.00,0.00,0.00,0.00,0.00,0.00,0.00,0.00,0.00,0.00,0.00,0.00,0.00,0.00,0.00,0.00,0.00,0.00,0.00,237.14,238.28,238.82,0.00,0.00,0.00,2.28%,0.00,0.13%,0.83%,0.05%,1.66%,0.03%,0.76%,0.02%,0.96%,0.02%,0.23%,0.02%,0.31%,0.02%,0.21%,0.01%,0.06%,0.01%,0.06%,0.01%,0.04%,0.01%,0.04%,0.01%,0.03%,0.00,0.00,0.00,0.00,0.00,0.00,0.00,0.00,0.00,0.00,0.00,0.00,0.00,0.00,0.00,0.00,0.00,0.00,0.00,0.00,0.00,0.00,0.00,0.00,120,0.686,84,84,59.93,60.00,60.05
25-Jul-2018 00:50:00,10.000,Y,118.66,119.56,119.94,0.97,1.05,1.11,2.21%,0.15,0.13%,0.75%,0.05%,1.64%,0.03%,0.76%,0.03%,0.93%,0.02%,0.22%,0.02%,0.28%,0.02%,0.21%,0.01%,0.06%,0.01%,0.06%,0.01%,0.04%,0.01%,0.04%,0.01%,0.04%,0.01,0.09,0.00,0.07,0.00,0.04,0.00,0.06,0.00,0.04,0.00,0.05,0.00,0.03,0.00,0.00,0.00,0.01,0.00,0.01,0.00,0.00,0.00,0.00,118.84,119.70,120.08,0.00,0.00,0.33,2.32%,0.00,0.13%,0.84%,0.05%,1.68%,0.03%,0.79%,0.03%,0.99%,0.02%,0.25%,0.02%,0.32%,0.01%,0.21%,0.01%,0.08%,0.01%,0.06%,0.01%,0.05%,0.01%,0.05%,0.01%,0.03%,0.00,0.00,0.00,0.00,0.00,0.00,0.00,0.00,0.00,0.00,0.00,0.00,0.00,0.00,0.00,0.00,0.00,0.00,0.00,0.00,0.00,0.00,0.00,0.00,237.24,238.44,238.98,0.00,0.00,0.00,2.26%,0.00,0.13%,0.79%,0.05%,1.66%,0.03%,0.77%,0.03%,0.96%,0.02%,0.23%,0.02%,0.30%,0.01%,0.20%,0.01%,0.07%,0.01%,0.05%,0.01%,0.04%,0.01%,0.04%,0.01%,0.03%,0.00,0.00,0.00,0.00,0.00,0.00,0.00,0.00,0.00,0.00,0.00,0.00,0.00,0.00,0.00,0.00,0.00,0.00,0.00,0.00,0.00,0.00,0.00,0.00,120,0.685,84,84,59.97,60.00,60.04
25-Jul-2018 01:00:00,10.000,Y,118.62,119.62,119.98,0.97,1.05,1.12,2.18%,0.15,0.13%,0.76%,0.04%,1.62%,0.03%,0.71%,0.02%,0.91%,0.02%,0.23%,0.02%,0.26%,0.01%,0.19%,0.01%,0.07%,0.01%,0.06%,0.01%,0.03%,0.01%,0.04%,0.01%,0.03%,0.01,0.09,0.00,0.07,0.00,0.04,0.00,0.06,0.00,0.04,0.00,0.05,0.00,0.03,0.00,0.00,0.00,0.01,0.00,0.01,0.00,0.00,0.00,0.00,118.74,119.48,119.66,0.00,0.00,0.34,2.24%,0.00,0.12%,0.81%,0.04%,1.65%,0.03%,0.73%,0.02%,0.95%,0.02%,0.23%,0.02%,0.31%,0.02%,0.20%,0.01%,0.07%,0.01%,0.05%,0.01%,0.05%,0.01%,0.03%,0.01%,0.03%,0.00,0.00,0.00,0.00,0.00,0.00,0.00,0.00,0.00,0.00,0.00,0.00,0.00,0.00,0.00,0.00,0.00,0.00,0.00,0.00,0.00,0.00,0.00,0.00,237.20,238.28,238.82,0.00,0.00,0.00,2.21%,0.00,0.12%,0.78%,0.04%,1.63%,0.03%,0.72%,0.02%,0.93%,0.02%,0.23%,0.02%,0.28%,0.01%,0.19%,0.01%,0.06%,0.01%,0.05%,0.01%,0.03%,0.01%,0.03%,0.01%,0.03%,0.00,0.00,0.00,0.00,0.00,0.00,0.00,0.00,0.00,0.00,0.00,0.00,0.00,0.00,0.00,0.00,0.00,0.00,0.00,0.00,0.00,0.00,0.00,0.00,120,0.688,84,84,59.96,60.00,60.05
25-Jul-2018 01:10:00,10.000,Y,118.44,119.56,119.94,0.98,1.05,1.12,2.15%,0.15,0.12%,0.72%,0.04%,1.60%,0.03%,0.72%,0.02%,0.90%,0.02%,0.23%,0.01%,0.27%,0.01%,0.19%,0.01%,0.05%,0.01%,0.06%,0.01%,0.04%,0.01%,0.04%,0.01%,0.04%,0.01,0.09,0.00,0.07,0.00,0.04,0.00,0.05,0.00,0.04,0.00,0.05,0.00,0.03,0.00,0.00,0.00,0.01,0.00,0.01,0.00,0.00,0.00,0.00,118.80,119.62,119.94,0.00,0.00,0.33,2.26%,0.00,0.11%,0.79%,0.05%,1.66%,0.03%,0.74%,0.02%,0.96%,0.02%,0.25%,0.02%,0.30%,0.01%,0.21%,0.01%,0.08%,0.01%,0.06%,0.01%,0.06%,0.01%,0.04%,0.01%,0.04%,0.00,0.00,0.00,0.00,0.00,0.00,0.00,0.00,0.00,0.00,0.00,0.00,0.00,0.00,0.00,0.00,0.00,0.00,0.00,0.00,0.00,0.00,0.00,0.00,236.82,238.38,238.98,0.00,0.00,0.00,2.20%,0.00,0.11%,0.76%,0.04%,1.63%,0.03%,0.73%,0.02%,0.93%,0.02%,0.24%,0.01%,0.29%,0.01%,0.20%,0.01%,0.07%,0.01%,0.06%,0.01%,0.05%,0.01%,0.04%,0.01%,0.04%,0.00,0.00,0.00,0.00,0.00,0.00,0.00,0.00,0.00,0.00,0.00,0.00,0.00,0.00,0.00,0.00,0.00,0.00,0.00,0.00,0.00,0.00,0.00,0.00,120,0.689,84,84,59.95,59.99,60.04
25-Jul-2018 01:20:00,10.000,Y,118.78,119.76,120.10,0.97,1.05,1.11,2.13%,0.15,0.12%,0.70%,0.04%,1.57%,0.03%,0.74%,0.02%,0.92%,0.02%,0.22%,0.01%,0.28%,0.01%,0.20%,0.01%,0.05%,0.01%,0.06%,0.01%,0.04%,0.01%,0.04%,0.01%,0.03%,0.01,0.09,0.00,0.07,0.00,0.04,0.00,0.05,0.00,0.04,0.00,0.05,0.00,0.03,0.00,0.00,0.00,0.01,0.00,0.01,0.00,0.00,0.00,0.00,118.92,119.76,120.24,0.00,0.00,0.33,2.23%,0.00,0.11%,0.77%,0.04%,1.64%,0.03%,0.75%,0.02%,0.96%,0.02%,0.25%,0.01%,0.30%,0.01%,0.21%,0.01%,0.09%,0.01%,0.05%,0.01%,0.05%,0.01%,0.05%,0.01%,0.04%,0.00,0.00,0.00,0.00,0.00,0.00,0.00,0.00,0.00,0.00,0.00,0.00,0.00,0.00,0.00,0.00,0.00,0.00,0.00,0.00,0.00,0.00,0.00,0.00,237.48,238.70,239.46,0.00,0.00,0.00,2.18%,0.00,0.11%,0.74%,0.04%,1.60%,0.03%,0.75%,0.02%,0.94%,0.02%,0.23%,0.01%,0.29%,0.01%,0.20%,0.01%,0.07%,0.01%,0.05%,0.01%,0.04%,0.01%,0.04%,0.01%,0.03%,0.00,0.00,0.00,0.00,0.00,0.00,0.00,0.00,0.00,0.00,0.00,0.00,0.00,0.00,0.00,0.00,0.00,0.00,0.00,0.00,0.00,0.00,0.00,0.00,120,0.685,84,84,59.95,60.00,60.06
25-Jul-2018 01:30:00,10.000,Y,118.94,119.94,120.30,0.98,1.05,1.11,2.15%,0.15,0.12%,0.69%,0.04%,1.58%,0.03%,0.75%,0.02%,0.93%,0.02%,0.21%,0.02%,0.28%,0.01%,0.19%,0.01%,0.06%,0.01%,0.06%,0.01%,0.04%,0.01%,0.05%,0.01%,0.04%,0.01,0.09,0.00,0.07,0.00,0.04,0.00,0.05,0.00,0.04,0.00,0.05,0.00,0.03,0.00,0.00,0.00,0.01,0.00,0.01,0.00,0.00,0.00,0.00,119.22,120.06,120.36,0.00,0.00,0.33,2.24%,0.00,0.12%,0.77%,0.05%,1.63%,0.03%,0.75%,0.02%,0.98%,0.02%,0.25%,0.02%,0.31%,0.01%,0.20%,0.01%,0.10%,0.01%,0.06%,0.01%,0.06%,0.01%,0.05%,0.01%,0.04%,0.00,0.00,0.00,0.00,0.00,0.00,0.00,0.00,0.00,0.00,0.00,0.00,0.00,0.00,0.00,0.00,0.00,0.00,0.00,0.00,0.00,0.00,0.00,0.00,237.92,239.20,239.64,0.00,0.00,0.00,2.19%,0.00,0.12%,0.73%,0.04%,1.60%,0.03%,0.75%,0.02%,0.95%,0.02%,0.22%,0.02%,0.29%,0.01%,0.19%,0.01%,0.08%,0.01%,0.05%,0.01%,0.05%,0.01%,0.05%,0.01%,0.04%,0.00,0.00,0.00,0.00,0.00,0.00,0.00,0.00,0.00,0.00,0.00,0.00,0.00,0.00,0.00,0.00,0.00,0.00,0.00,0.00,0.00,0.00,0.00,0.00,132,0.683,84,84,59.96,60.00,60.06
25-Jul-2018 01:40:00,10.000,Y,118.26,119.98,120.36,0.98,1.05,1.11,2.15%,0.15,0.12%,0.67%,0.04%,1.59%,0.03%,0.74%,0.03%,0.94%,0.02%,0.21%,0.01%,0.28%,0.01%,0.19%,0.01%,0.07%,0.01%,0.06%,0.01%,0.05%,0.01%,0.05%,0.01%,0.04%,0.01,0.09,0.00,0.07,0.00,0.04,0.00,0.05,0.00,0.04,0.00,0.05,0.00,0.03,0.00,0.01,0.00,0.01,0.00,0.01,0.00,0.00,0.00,0.01,118.48,120.16,120.44,0.00,0.00,0.33,2.25%,0.00,0.12%,0.75%,0.04%,1.63%,0.03%,0.76%,0.02%,1.00%,0.02%,0.25%,0.01%,0.31%,0.01%,0.20%,0.01%,0.11%,0.01%,0.05%,0.01%,0.07%,0.01%,0.06%,0.01%,0.04%,0.00,0.00,0.00,0.00,0.00,0.00,0.00,0.00,0.00,0.00,0.00,0.00,0.00,0.00,0.00,0.00,0.00,0.00,0.00,0.00,0.00,0.00,0.00,0.00,235.96,239.34,239.90,0.00,0.00,0.00,2.19%,0.00,0.12%,0.71%,0.04%,1.61%,0.03%,0.75%,0.02%,0.96%,0.02%,0.23%,0.01%,0.29%,0.01%,0.19%,0.01%,0.09%,0.01%,0.05%,0.01%,0.06%,0.01%,0.05%,0.01%,0.03%,0.00,0.00,0.00,0.00,0.00,0.00,0.00,0.00,0.00,0.00,0.00,0.00,0.00,0.00,0.00,0.00,0.00,0.00,0.00,0.00,0.00,0.00,0.00,0.00,132,0.682,84,84,59.97,60.00,60.03
25-Jul-2018 01:50:00,10.000,Y,119.02,120.00,120.30,0.98,1.05,1.11,2.11%,0.15,0.14%,0.65%,0.05%,1.57%,0.04%,0.73%,0.03%,0.91%,0.03%,0.21%,0.02%,0.27%,0.02%,0.19%,0.01%,0.07%,0.01%,0.05%,0.01%,0.04%,0.01%,0.05%,0.01%,0.04%,0.01,0.09,0.00,0.07,0.00,0.04,0.00,0.05,0.00,0.04,0.00,0.05,0.00,0.03,0.00,0.01,0.00,0.01,0.00,0.01,0.00,0.00,0.00,0.01,119.30,120.10,120.34,0.00,0.00,0.33,2.22%,0.00,0.14%,0.73%,0.05%,1.62%,0.04%,0.76%,0.03%,0.98%,0.03%,0.24%,0.02%,0.30%,0.02%,0.20%,0.01%,0.11%,0.01%,0.05%,0.01%,0.06%,0.01%,0.06%,0.01%,0.04%,0.00,0.00,0.00,0.00,0.00,0.00,0.00,0.00,0.00,0.00,0.00,0.00,0.00,0.00,0.00,0.00,0.00,0.00,0.00,0.00,0.00,0.00,0.00,0.00,238.02,239.30,239.68,0.00,0.00,0.00,2.16%,0.00,0.14%,0.69%,0.05%,1.59%,0.04%,0.75%,0.03%,0.94%,0.03%,0.22%,0.02%,0.28%,0.02%,0.19%,0.01%,0.09%,0.01%,0.05%,0.01%,0.05%,0.01%,0.05%,0.01%,0.03%,0.00,0.00,0.00,0.00,0.00,0.00,0.00,0.00,0.00,0.00,0.00,0.00,0.00,0.00,0.00,0.00,0.00,0.00,0.00,0.00,0.00,0.00,0.00,0.00,132,0.683,84,84,59.96,60.01,60.06
25-Jul-2018 02:00:00,10.000,Y,119.06,120.06,120.48,0.97,1.05,1.11,2.09%,0.15,0.12%,0.63%,0.04%,1.55%,0.03%,0.72%,0.03%,0.92%,0.02%,0.20%,0.02%,0.27%,0.01%,0.19%,0.01%,0.07%,0.01%,0.05%,0.01%,0.04%,0.01%,0.05%,0.01%,0.04%,0.01,0.09,0.00,0.07,0.00,0.04,0.00,0.05,0.00,0.04,0.00,0.04,0.00,0.03,0.00,0.01,0.00,0.01,0.00,0.01,0.00,0.00,0.00,0.01,119.20,120.04,120.42,0.00,0.00,0.32,2.18%,0.00,0.13%,0.70%,0.04%,1.60%,0.03%,0.74%,0.02%,0.97%,0.02%,0.22%,0.02%,0.29%,0.02%,0.19%,0.01%,0.10%,0.01%,0.04%,0.01%,0.06%,0.01%,0.06%,0.01%,0.04%,0.00,0.00,0.00,0.00,0.00,0.00,0.00,0.00,0.00,0.00,0.00,0.00,0.00,0.00,0.00,0.00,0.00,0.00,0.00,0.00,0.00,0.00,0.00,0.00,238.08,239.30,240.02,0.00,0.00,0.00,2.13%,0.00,0.13%,0.67%,0.04%,1.57%,0.03%,0.73%,0.02%,0.94%,0.02%,0.21%,0.02%,0.28%,0.01%,0.19%,0.01%,0.08%,0.01%,0.04%,0.01%,0.05%,0.01%,0.05%,0.01%,0.03%,0.00,0.00,0.00,0.00,0.00,0.00,0.00,0.00,0.00,0.00,0.00,0.00,0.00,0.00,0.00,0.00,0.00,0.00,0.00,0.00,0.00,0.00,0.00,0.00,132,0.682,84,84,59.96,60.00,60.04
25-Jul-2018 02:10:00,10.000,Y,119.42,120.18,120.38,0.98,1.05,1.12,2.07%,0.15,0.14%,0.61%,0.05%,1.54%,0.04%,0.72%,0.03%,0.92%,0.02%,0.19%,0.02%,0.26%,0.02%,0.18%,0.01%,0.06%,0.01%,0.05%,0.01%,0.03%,0.01%,0.04%,0.01%,0.03%,0.01,0.09,0.00,0.07,0.00,0.04,0.00,0.05,0.00,0.04,0.00,0.04,0.00,0.03,0.00,0.01,0.00,0.01,0.00,0.01,0.00,0.00,0.00,0.01,119.38,120.14,120.52,0.00,0.00,0.33,2.16%,0.00,0.14%,0.69%,0.05%,1.58%,0.04%,0.73%,0.03%,0.97%,0.02%,0.22%,0.02%,0.29%,0.02%,0.18%,0.01%,0.10%,0.01%,0.05%,0.01%,0.05%,0.01%,0.06%,0.01%,0.03%,0.00,0.00,0.00,0.00,0.00,0.00,0.00,0.00,0.00,0.00,0.00,0.00,0.00,0.00,0.00,0.00,0.00,0.00,0.00,0.00,0.00,0.00,0.00,0.00,238.46,239.50,239.98,0.00,0.00,0.00,2.11%,0.00,0.14%,0.65%,0.05%,1.56%,0.04%,0.72%,0.03%,0.94%,0.02%,0.20%,0.02%,0.27%,0.02%,0.18%,0.01%,0.08%,0.01%,0.04%,0.01%,0.04%,0.01%,0.05%,0.01%,0.03%,0.00,0.00,0.00,0.00,0.00,0.00,0.00,0.00,0.00,0.00,0.00,0.00,0.00,0.00,0.00,0.00,0.00,0.00,0.00,0.00,0.00,0.00,0.00,0.00,132,0.683,84,96,59.97,60.01,60.05
25-Jul-2018 02:20:00,10.000,Y,118.96,120.20,120.50,0.98,1.06,1.12,2.09%,0.15,0.11%,0.59%,0.04%,1.57%,0.03%,0.74%,0.02%,0.90%,0.02%,0.19%,0.01%,0.26%,0.01%,0.18%,0.01%,0.06%,0.01%,0.05%,0.01%,0.04%,0.01%,0.05%,0.01%,0.03%,0.01,0.09,0.00,0.07,0.00,0.04,0.00,0.05,0.00,0.04,0.00,0.04,0.00,0.03,0.00,0.01,0.00,0.01,0.00,0.01,0.00,0.00,0.00,0.00,119.64,120.36,120.64,0.00,0.00,0.33,2.16%,0.00,0.10%,0.67%,0.04%,1.61%,0.03%,0.73%,0.02%,0.94%,0.02%,0.23%,0.01%,0.29%,0.01%,0.18%,0.01%,0.10%,0.01%,0.05%,0.01%,0.04%,0.01%,0.06%,0.01%,0.03%,0.00,0.00,0.00,0.00,0.00,0.00,0.00,0.00,0.00,0.00,0.00,0.00,0.00,0.00,0.00,0.00,0.00,0.00,0.00,0.00,0.00,0.00,0.00,0.00,238.70,239.76,240.14,0.00,0.00,0.00,2.12%,0.00,0.11%,0.63%,0.04%,1.59%,0.03%,0.73%,0.02%,0.91%,0.02%,0.21%,0.01%,0.27%,0.01%,0.18%,0.01%,0.08%,0.01%,0.04%,0.01%,0.04%,0.01%,0.05%,0.01%,0.03%,0.00,0.00,0.00,0.00,0.00,0.00,0.00,0.00,0.00,0.00,0.00,0.00,0.00,0.00,0.00,0.00,0.00,0.00,0.00,0.00,0.00,0.00,0.00,0.00,132,0.686,84,96,59.94,59.99,60.05
25-Jul-2018 02:30:00,10.000,Y,119.30,120.22,120.58,0.98,1.05,1.12,2.06%,0.14,0.12%,0.58%,0.05%,1.56%,0.03%,0.72%,0.02%,0.89%,0.02%,0.20%,0.01%,0.25%,0.01%,0.18%,0.01%,0.06%,0.01%,0.06%,0.01%,0.03%,0.01%,0.05%,0.01%,0.04%,0.01,0.09,0.00,0.07,0.00,0.04,0.00,0.05,0.00,0.03,0.00,0.04,0.00,0.03,0.00,0.01,0.00,0.01,0.00,0.01,0.00,0.00,0.00,0.01,119.52,120.48,120.80,0.00,0.00,0.33,2.17%,0.00,0.12%,0.67%,0.05%,1.61%,0.03%,0.74%,0.02%,0.95%,0.02%,0.23%,0.01%,0.29%,0.01%,0.18%,0.01%,0.10%,0.01%,0.05%,0.01%,0.05%,0.01%,0.06%,0.01%,0.03%,0.00,0.00,0.00,0.00,0.00,0.00,0.00,0.00,0.00,0.00,0.00,0.00,0.00,0.00,0.00,0.00,0.00,0.00,0.00,0.00,0.00,0.00,0.00,0.00,238.72,239.88,240.54,0.00,0.00,0.00,2.11%,0.00,0.12%,0.62%,0.05%,1.58%,0.03%,0.73%,0.02%,0.92%,0.02%,0.22%,0.01%,0.27%,0.01%,0.18%,0.01%,0.08%,0.01%,0.05%,0.01%,0.04%,0.01%,0.05%,0.01%,0.03%,0.00,0.00,0.00,0.00,0.00,0.00,0.00,0.00,0.00,0.00,0.00,0.00,0.00,0.00,0.00,0.00,0.00,0.00,0.00,0.00,0.00,0.00,0.00,0.00,132,0.684,84,96,59.95,60.00,60.04
25-Jul-2018 02:40:00,10.000,Y,118.90,119.92,120.64,0.98,1.05,1.11,2.04%,0.14,0.14%,0.57%,0.05%,1.52%,0.04%,0.75%,0.03%,0.89%,0.02%,0.21%,0.02%,0.26%,0.02%,0.18%,0.01%,0.06%,0.01%,0.06%,0.01%,0.03%,0.01%,0.05%,0.01%,0.04%,0.01,0.09,0.00,0.07,0.00,0.04,0.00,0.05,0.00,0.03,0.00,0.04,0.00,0.03,0.00,0.01,0.00,0.01,0.00,0.01,0.00,0.00,0.00,0.01,119.18,120.08,120.78,0.00,0.00,0.32,2.16%,0.00,0.14%,0.66%,0.05%,1.57%,0.04%,0.79%,0.03%,0.95%,0.02%,0.25%,0.02%,0.30%,0.02%,0.19%,0.01%,0.10%,0.01%,0.05%,0.01%,0.05%,0.01%,0.06%,0.01%,0.03%,0.00,0.00,0.00,0.00,0.00,0.00,0.00,0.00,0.00,0.00,0.00,0.00,0.00,0.00,0.00,0.00,0.00,0.00,0.00,0.00,0.00,0.00,0.00,0.00,237.64,239.18,240.52,0.00,0.00,0.00,2.10%,0.00,0.14%,0.62%,0.05%,1.54%,0.04%,0.77%,0.03%,0.92%,0.02%,0.23%,0.02%,0.28%,0.01%,0.18%,0.01%,0.08%,0.01%,0.05%,0.01%,0.04%,0.01%,0.05%,0.01%,0.03%,0.00,0.00,0.00,0.00,0.00,0.00,0.00,0.00,0.00,0.00,0.00,0.00,0.00,0.00,0.00,0.00,0.00,0.00,0.00,0.00,0.00,0.00,0.00,0.00,120,0.683,84,84,59.96,60.01,60.05
25-Jul-2018 02:50:00,10.000,Y,118.38,119.80,120.04,0.97,1.05,1.10,2.05%,0.14,0.13%,0.57%,0.05%,1.52%,0.03%,0.77%,0.02%,0.88%,0.02%,0.21%,0.02%,0.26%,0.01%,0.18%,0.01%,0.07%,0.01%,0.06%,0.01%,0.04%,0.01%,0.05%,0.01%,0.04%,0.01,0.09,0.00,0.07,0.00,0.04,0.00,0.05,0.00,0.03,0.00,0.04,0.00,0.03,0.00,0.01,0.00,0.01,0.00,0.01,0.00,0.00,0.00,0.01,118.84,119.64,120.06,0.00,0.00,0.33,2.14%,0.00,0.13%,0.64%,0.05%,1.57%,0.03%,0.79%,0.02%,0.92%,0.02%,0.24%,0.02%,0.29%,0.01%,0.18%,0.01%,0.10%,0.01%,0.05%,0.01%,0.05%,0.01%,0.06%,0.01%,0.03%,0.00,0.00,0.00,0.00,0.00,0.00,0.00,0.00,0.00,0.00,0.00,0.00,0.00,0.00,0.00,0.00,0.00,0.00,0.00,0.00,0.00,0.00,0.00,0.00,236.78,238.62,239.10,0.00,0.00,0.00,2.09%,0.00,0.13%,0.60%,0.05%,1.55%,0.03%,0.78%,0.02%,0.90%,0.02%,0.22%,0.02%,0.27%,0.01%,0.18%,0.01%,0.08%,0.01%,0.05%,0.01%,0.04%,0.01%,0.05%,0.01%,0.03%,0.00,0.00,0.00,0.00,0.00,0.00,0.00,0.00,0.00,0.00,0.00,0.00,0.00,0.00,0.00,0.00,0.00,0.00,0.00,0.00,0.00,0.00,0.00,0.00,120,0.684,84,84,59.96,60.00,60.06
25-Jul-2018 03:00:00,10.000,Y,118.50,119.54,119.90,0.97,1.05,1.11,2.08%,0.14,0.11%,0.57%,0.04%,1.55%,0.03%,0.79%,0.02%,0.88%,0.02%,0.21%,0.01%,0.27%,0.01%,0.18%,0.01%,0.07%,0.01%,0.06%,0.01%,0.04%,0.01%,0.05%,0.01%,0.04%,0.01,0.09,0.00,0.07,0.00,0.04,0.00,0.05,0.00,0.03,0.00,0.04,0.00,0.03,0.00,0.01,0.00,0.01,0.00,0.01,0.00,0.00,0.00,0.01,118.68,119.64,119.94,0.00,0.00,0.33,2.17%,0.00,0.11%,0.65%,0.04%,1.59%,0.03%,0.82%,0.02%,0.93%,0.02%,0.25%,0.01%,0.30%,0.01%,0.18%,0.01%,0.10%,0.01%,0.05%,0.01%,0.06%,0.01%,0.07%,0.01%,0.03%,0.00,0.00,0.00,0.00,0.00,0.00,0.00,0.00,0.00,0.00,0.00,0.00,0.00,0.00,0.00,0.00,0.00,0.00,0.00,0.00,0.00,0.00,0.00,0.00,236.54,238.38,238.92,0.00,0.00,0.00,2.12%,0.00,0.11%,0.61%,0.04%,1.57%,0.03%,0.81%,0.02%,0.90%,0.02%,0.23%,0.01%,0.28%,0.01%,0.18%,0.01%,0.08%,0.01%,0.05%,0.01%,0.04%,0.01%,0.05%,0.01%,0.03%,0.00,0.00,0.00,0.00,0.00,0.00,0.00,0.00,0.00,0.00,0.00,0.00,0.00,0.00,0.00,0.00,0.00,0.00,0.00,0.00,0.00,0.00,0.00,0.00,120,0.685,84,84,59.93,59.99,60.04
25-Jul-2018 03:10:00,10.000,Y,118.64,119.52,119.82,0.97,1.05,1.11,2.05%,0.14,0.11%,0.55%,0.04%,1.54%,0.03%,0.79%,0.02%,0.86%,0.02%,0.21%,0.01%,0.26%,0.01%,0.18%,0.01%,0.06%,0.01%,0.05%,0.01%,0.04%,0.01%,0.05%,0.01%,0.04%,0.01,0.09,0.00,0.07,0.00,0.04,0.00,0.05,0.00,0.03,0.00,0.04,0.00,0.03,0.00,0.01,0.00,0.01,0.00,0.01,0.00,0.00,0.00,0.01,118.92,119.68,120.04,0.00,0.00,0.33,2.14%,0.00,0.11%,0.65%,0.04%,1.57%,0.03%,0.79%,0.02%,0.91%,0.02%,0.25%,0.01%,0.29%,0.01%,0.18%,0.01%,0.10%,0.01%,0.05%,0.01%,0.06%,0.01%,0.06%,0.01%,0.03%,0.00,0.00,0.00,0.00,0.00,0.00,0.00,0.00,0.00,0.00,0.00,0.00,0.00,0.00,0.00,0.00,0.00,0.00,0.00,0.00,0.00,0.00,0.00,0.00,237.20,238.40,239.02,0.00,0.00,0.00,2.09%,0.00,0.11%,0.60%,0.04%,1.56%,0.03%,0.79%,0.02%,0.88%,0.02%,0.23%,0.01%,0.27%,0.01%,0.18%,0.01%,0.08%,0.01%,0.05%,0.01%,0.05%,0.01%,0.05%,0.01%,0.03%,0.00,0.00,0.00,0.00,0.00,0.00,0.00,0.00,0.00,0.00,0.00,0.00,0.00,0.00,0.00,0.00,0.00,0.00,0.00,0.00,0.00,0.00,0.00,0.00,120,0.685,84,84,59.94,59.99,60.04
25-Jul-2018 03:20:00,10.000,Y,118.56,119.40,119.72,0.96,1.05,1.11,2.05%,0.14,0.14%,0.57%,0.05%,1.54%,0.04%,0.75%,0.03%,0.86%,0.02%,0.21%,0.02%,0.27%,0.01%,0.18%,0.01%,0.05%,0.01%,0.06%,0.01%,0.04%,0.01%,0.05%,0.01%,0.04%,0.01,0.09,0.00,0.07,0.00,0.04,0.00,0.05,0.00,0.03,0.00,0.04,0.00,0.03,0.00,0.01,0.00,0.01,0.00,0.01,0.00,0.00,0.00,0.01,118.82,119.68,119.94,0.00,0.00,0.33,2.16%,0.00,0.14%,0.67%,0.05%,1.59%,0.04%,0.78%,0.03%,0.92%,0.02%,0.24%,0.02%,0.30%,0.02%,0.18%,0.01%,0.10%,0.01%,0.06%,0.01%,0.06%,0.01%,0.07%,0.01%,0.03%,0.00,0.00,0.00,0.00,0.00,0.00,0.00,0.00,0.00,0.00,0.00,0.00,0.00,0.00,0.00,0.00,0.00,0.00,0.00,0.00,0.00,0.00,0.00,0.00,237.04,238.28,238.76,0.00,0.00,0.00,2.10%,0.00,0.14%,0.62%,0.05%,1.56%,0.04%,0.76%,0.03%,0.89%,0.02%,0.22%,0.02%,0.28%,0.01%,0.18%,0.01%,0.07%,0.01%,0.05%,0.01%,0.05%,0.01%,0.05%,0.01%,0.03%,0.00,0.00,0.00,0.00,0.00,0.00,0.00,0.00,0.00,0.00,0.00,0.00,0.00,0.00,0.00,0.00,0.00,0.00,0.00,0.00,0.00,0.00,0.00,0.00,120,0.686,84,84,59.96,60.00,60.05
25-Jul-2018 03:30:00,10.000,Y,118.44,119.40,119.72,0.96,1.05,1.11,2.03%,0.14,0.14%,0.55%,0.05%,1.52%,0.04%,0.74%,0.03%,0.87%,0.02%,0.20%,0.02%,0.27%,0.01%,0.17%,0.01%,0.05%,0.01%,0.05%,0.01%,0.03%,0.01%,0.05%,0.01%,0.04%,0.01,0.09,0.00,0.07,0.00,0.04,0.00,0.05,0.00,0.03,0.00,0.04,0.00,0.03,0.00,0.01,0.00,0.01,0.00,0.00,0.00,0.00,0.00,0.01,118.88,119.64,119.90,0.00,0.00,0.34,2.14%,0.00,0.14%,0.64%,0.05%,1.58%,0.04%,0.78%,0.03%,0.92%,0.02%,0.24%,0.02%,0.29%,0.02%,0.18%,0.01%,0.10%,0.01%,0.05%,0.01%,0.05%,0.01%,0.07%,0.01%,0.03%,0.00,0.00,0.00,0.00,0.00,0.00,0.00,0.00,0.00,0.00,0.00,0.00,0.00,0.00,0.00,0.00,0.00,0.00,0.00,0.00,0.00,0.00,0.00,0.00,236.92,238.24,238.70,0.00,0.00,0.00,2.08%,0.00,0.14%,0.60%,0.05%,1.55%,0.04%,0.76%,0.03%,0.89%,0.02%,0.22%,0.02%,0.28%,0.01%,0.17%,0.01%,0.08%,0.01%,0.05%,0.01%,0.04%,0.01%,0.05%,0.01%,0.03%,0.00,0.00,0.00,0.00,0.00,0.00,0.00,0.00,0.00,0.00,0.00,0.00,0.00,0.00,0.00,0.00,0.00,0.00,0.00,0.00,0.00,0.00,0.00,0.00,120,0.686,84,84,59.95,60.00,60.05
25-Jul-2018 03:40:00,10.000,Y,118.50,119.54,119.94,0.97,1.05,1.12,2.03%,0.14,0.14%,0.56%,0.05%,1.52%,0.04%,0.75%,0.03%,0.86%,0.02%,0.21%,0.02%,0.26%,0.02%,0.17%,0.01%,0.05%,0.01%,0.05%,0.01%,0.03%,0.01%,0.04%,0.01%,0.03%,0.01,0.09,0.00,0.07,0.00,0.04,0.00,0.05,0.00,0.03,0.00,0.04,0.00,0.03,0.00,0.01,0.00,0.01,0.00,0.01,0.00,0.00,0.00,0.00,118.64,119.44,119.70,0.00,0.00,0.34,2.11%,0.00,0.14%,0.63%,0.06%,1.57%,0.04%,0.75%,0.03%,0.90%,0.02%,0.23%,0.02%,0.28%,0.02%,0.17%,0.01%,0.09%,0.01%,0.05%,0.01%,0.04%,0.01%,0.06%,0.01%,0.03%,0.00,0.00,0.00,0.00,0.00,0.00,0.00,0.00,0.00,0.00,0.00,0.00,0.00,0.00,0.00,0.00,0.00,0.00,0.00,0.00,0.00,0.00,0.00,0.00,237.06,238.16,238.70,0.00,0.00,0.00,2.06%,0.00,0.14%,0.59%,0.05%,1.54%,0.04%,0.75%,0.03%,0.88%,0.02%,0.22%,0.02%,0.27%,0.02%,0.17%,0.01%,0.07%,0.01%,0.04%,0.01%,0.03%,0.01%,0.04%,0.01%,0.03%,0.00,0.00,0.00,0.00,0.00,0.00,0.00,0.00,0.00,0.00,0.00,0.00,0.00,0.00,0.00,0.00,0.00,0.00,0.00,0.00,0.00,0.00,0.00,0.00,120,0.690,84,84,59.94,60.01,60.06
25-Jul-2018 03:50:00,10.000,Y,118.26,119.24,119.60,0.97,1.04,1.11,2.00%,0.14,0.11%,0.54%,0.04%,1.51%,0.03%,0.74%,0.02%,0.85%,0.02%,0.20%,0.01%,0.26%,0.01%,0.17%,0.01%,0.05%,0.01%,0.05%,0.01%,0.03%,0.01%,0.04%,0.01%,0.03%,0.01,0.09,0.00,0.07,0.00,0.04,0.00,0.05,0.00,0.03,0.00,0.04,0.00,0.03,0.00,0.01,0.00,0.01,0.00,0.01,0.00,0.00,0.00,0.01,118.58,119.36,119.70,0.00,0.00,0.34,2.09%,0.00,0.11%,0.63%,0.04%,1.54%,0.03%,0.75%,0.02%,0.91%,0.02%,0.24%,0.01%,0.29%,0.01%,0.18%,0.01%,0.09%,0.01%,0.05%,0.01%,0.05%,0.01%,0.06%,0.01%,0.03%,0.00,0.00,0.00,0.00,0.00,0.00,0.00,0.00,0.00,0.00,0.00,0.00,0.00,0.00,0.00,0.00,0.00,0.00,0.00,0.00,0.00,0.00,0.00,0.00,236.60,237.80,238.20,0.00,0.00,0.00,2.04%,0.00,0.11%,0.59%,0.04%,1.52%,0.03%,0.74%,0.02%,0.88%,0.02%,0.22%,0.01%,0.27%,0.01%,0.17%,0.01%,0.07%,0.01%,0.04%,0.01%,0.04%,0.01%,0.05%,0.01%,0.03%,0.00,0.00,0.00,0.00,0.00,0.00,0.00,0.00,0.00,0.00,0.00,0.00,0.00,0.00,0.00,0.00,0.00,0.00,0.00,0.00,0.00,0.00,0.00,0.00,120,0.685,84,84,59.95,59.99,60.04
25-Jul-2018 04:00:00,10.000,Y,118.36,119.34,119.62,0.97,1.05,1.11,2.00%,0.14,0.12%,0.54%,0.05%,1.51%,0.03%,0.73%,0.03%,0.86%,0.02%,0.20%,0.02%,0.26%,0.01%,0.18%,0.01%,0.06%,0.01%,0.04%,0.01%,0.03%,0.01%,0.04%,0.01%,0.03%,0.01,0.09,0.00,0.07,0.00,0.04,0.00,0.05,0.00,0.03,0.00,0.04,0.00,0.03,0.00,0.01,0.00,0.01,0.00,0.01,0.00,0.00,0.00,0.01,118.52,119.26,119.60,0.00,0.00,0.33,2.08%,0.00,0.12%,0.61%,0.05%,1.54%,0.03%,0.74%,0.03%,0.91%,0.02%,0.23%,0.02%,0.28%,0.02%,0.17%,0.01%,0.10%,0.01%,0.04%,0.01%,0.04%,0.01%,0.06%,0.01%,0.03%,0.00,0.00,0.00,0.00,0.00,0.00,0.00,0.00,0.00,0.00,0.00,0.00,0.00,0.00,0.00,0.00,0.00,0.00,0.00,0.00,0.00,0.00,0.00,0.00,236.48,237.80,238.24,0.00,0.00,0.00,2.04%,0.00,0.12%,0.58%,0.05%,1.52%,0.03%,0.73%,0.03%,0.88%,0.02%,0.21%,0.01%,0.26%,0.01%,0.18%,0.01%,0.08%,0.01%,0.04%,0.01%,0.04%,0.01%,0.04%,0.01%,0.03%,0.00,0.00,0.00,0.00,0.00,0.00,0.00,0.00,0.00,0.00,0.00,0.00,0.00,0.00,0.00,0.00,0.00,0.00,0.00,0.00,0.00,0.00,0.00,0.00,120,0.685,84,84,59.95,59.99,60.08
25-Jul-2018 04:10:00,10.000,Y,118.02,119.24,119.62,0.97,1.04,1.11,2.01%,0.14,0.10%,0.57%,0.04%,1.51%,0.03%,0.73%,0.02%,0.86%,0.02%,0.18%,0.01%,0.27%,0.01%,0.18%,0.01%,0.05%,0.01%,0.05%,0.01%,0.02%,0.01%,0.03%,0.01%,0.04%,0.01,0.09,0.00,0.07,0.00,0.04,0.00,0.05,0.00,0.04,0.00,0.04,0.00,0.03,0.00,0.01,0.00,0.01,0.00,0.01,0.00,0.00,0.00,0.01,118.60,119.34,119.64,0.00,0.00,0.33,2.06%,0.00,0.10%,0.62%,0.04%,1.54%,0.03%,0.73%,0.02%,0.87%,0.02%,0.20%,0.01%,0.29%,0.01%,0.18%,0.01%,0.07%,0.01%,0.03%,0.01%,0.05%,0.01%,0.05%,0.01%,0.02%,0.00,0.00,0.00,0.00,0.00,0.00,0.00,0.00,0.00,0.00,0.00,0.00,0.00,0.00,0.00,0.00,0.00,0.00,0.00,0.00,0.00,0.00,0.00,0.00,236.64,237.78,238.34,0.00,0.00,0.00,2.03%,0.00,0.10%,0.60%,0.04%,1.53%,0.03%,0.73%,0.02%,0.87%,0.02%,0.19%,0.01%,0.27%,0.01%,0.18%,0.01%,0.06%,0.01%,0.04%,0.01%,0.03%,0.01%,0.04%,0.01%,0.03%,0.00,0.00,0.00,0.00,0.00,0.00,0.00,0.00,0.00,0.00,0.00,0.00,0.00,0.00,0.00,0.00,0.00,0.00,0.00,0.00,0.00,0.00,0.00,0.00,120,0.685,84,84,59.94,59.98,60.03
25-Jul-2018 04:20:00,10.000,Y,118.22,119.14,119.50,0.15,1.09,1.89,2.00%,0.14,0.14%,0.57%,0.05%,1.48%,0.04%,0.73%,0.03%,0.86%,0.03%,0.19%,0.02%,0.27%,0.02%,0.18%,0.01%,0.04%,0.01%,0.05%,0.01%,0.03%,0.01%,0.03%,0.01%,0.04%,0.01,0.09,0.00,0.07,0.00,0.04,0.00,0.05,0.00,0.03,0.00,0.04,0.00,0.03,0.00,0.01,0.00,0.01,0.00,0.01,0.00,0.00,0.00,0.01,118.72,119.60,120.02,0.00,0.00,0.34,2.06%,0.00,0.14%,0.65%,0.05%,1.51%,0.04%,0.74%,0.03%,0.88%,0.02%,0.21%,0.02%,0.30%,0.02%,0.19%,0.01%,0.08%,0.01%,0.03%,0.01%,0.05%,0.01%,0.05%,0.01%,0.03%,0.00,0.00,0.00,0.00,0.00,0.00,0.00,0.00,0.00,0.00,0.00,0.00,0.00,0.00,0.00,0.00,0.00,0.00,0.00,0.00,0.00,0.00,0.00,0.00,236.84,237.94,238.36,0.00,0.00,0.00,2.02%,0.00,0.14%,0.61%,0.05%,1.49%,0.04%,0.73%,0.03%,0.87%,0.03%,0.20%,0.02%,0.28%,0.02%,0.18%,0.01%,0.06%,0.01%,0.04%,0.01%,0.04%,0.01%,0.04%,0.01%,0.03%,0.00,0.00,0.00,0.00,0.00,0.00,0.00,0.00,0.00,0.00,0.00,0.00,0.00,0.00,0.00,0.00,0.00,0.00,0.00,0.00,0.00,0.00,0.00,0.00,132,0.713,96,84,59.97,60.01,60.05
25-Jul-2018 04:30:00,10.000,Y,117.90,118.90,119.16,1.70,1.78,1.86,1.99%,0.08,0.12%,0.57%,0.05%,1.49%,0.03%,0.71%,0.02%,0.84%,0.02%,0.19%,0.01%,0.27%,0.01%,0.18%,0.01%,0.04%,0.01%,0.05%,0.01%,0.02%,0.01%,0.03%,0.01%,0.03%,0.01,0.05,0.00,0.05,0.00,0.03,0.00,0.02,0.00,0.02,0.00,0.01,0.00,0.01,0.00,0.01,0.00,0.01,0.00,0.00,0.00,0.00,0.00,0.00,118.58,119.34,119.64,0.00,0.00,0.34,2.04%,0.00,0.12%,0.64%,0.05%,1.51%,0.03%,0.71%,0.02%,0.86%,0.02%,0.21%,0.02%,0.29%,0.01%,0.19%,0.01%,0.08%,0.01%,0.02%,0.01%,0.05%,0.01%,0.05%,0.01%,0.02%,0.00,0.00,0.00,0.00,0.00,0.00,0.00,0.00,0.00,0.00,0.00,0.00,0.00,0.00,0.00,0.00,0.00,0.00,0.00,0.00,0.00,0.00,0.00,0.00,236.18,237.44,237.88,0.00,0.00,0.00,2.01%,0.00,0.12%,0.61%,0.04%,1.50%,0.03%,0.71%,0.02%,0.84%,0.02%,0.20%,0.01%,0.28%,0.01%,0.18%,0.01%,0.06%,0.01%,0.04%,0.01%,0.04%,0.01%,0.03%,0.01%,0.03%,0.00,0.00,0.00,0.00,0.00,0.00,0.00,0.00,0.00,0.00,0.00,0.00,0.00,0.00,0.00,0.00,0.00,0.00,0.00,0.00,0.00,0.00,0.00,0.00,216,-0.995,216,0,59.96,60.00,60.06
25-Jul-2018 04:40:00,10.000,Y,118.00,119.00,119.26,0.09,0.12,1.83,1.99%,0.00,0.12%,0.58%,0.04%,1.49%,0.03%,0.70%,0.03%,0.85%,0.02%,0.19%,0.01%,0.27%,0.01%,0.17%,0.01%,0.03%,0.01%,0.04%,0.01%,0.03%,0.01%,0.03%,0.01%,0.04%,0.00,0.00,0.00,0.00,0.00,0.00,0.00,0.00,0.00,0.00,0.00,0.00,0.00,0.00,0.00,0.00,0.00,0.00,0.00,0.00,0.00,0.00,0.00,0.00,118.32,119.20,119.48,0.00,0.00,0.34,2.03%,0.00,0.13%,0.66%,0.04%,1.51%,0.03%,0.69%,0.03%,0.87%,0.02%,0.22%,0.02%,0.28%,0.01%,0.18%,0.01%,0.07%,0.01%,0.01%,0.01%,0.05%,0.01%,0.05%,0.01%,0.02%,0.00,0.00,0.00,0.00,0.00,0.00,0.00,0.00,0.00,0.00,0.00,0.00,0.00,0.00,0.00,0.00,0.00,0.00,0.00,0.00,0.00,0.00,0.00,0.00,236.06,237.38,237.90,0.00,0.00,0.00,2.01%,0.00,0.12%,0.62%,0.04%,1.50%,0.03%,0.69%,0.03%,0.86%,0.02%,0.20%,0.02%,0.27%,0.01%,0.18%,0.01%,0.05%,0.01%,0.02%,0.01%,0.04%,0.01%,0.04%,0.01%,0.03%,0.00,0.00,0.00,0.00,0.00,0.00,0.00,0.00,0.00,0.00,0.00,0.00,0.00,0.00,0.00,0.00,0.00,0.00,0.00,0.00,0.00,0.00,0.00,0.00,12,-0.999,12,0,59.95,60.00,60.05
25-Jul-2018 04:50:00,10.000,Y,117.52,118.64,119.26,0.00,0.00,0.21,1.96%,0.00,0.14%,0.60%,0.05%,1.45%,0.04%,0.70%,0.03%,0.85%,0.03%,0.20%,0.02%,0.26%,0.02%,0.17%,0.01%,0.03%,0.01%,0.04%,0.01%,0.03%,0.01%,0.02%,0.01%,0.04%,0.00,0.00,0.00,0.00,0.00,0.00,0.00,0.00,0.00,0.00,0.00,0.00,0.00,0.00,0.00,0.00,0.00,0.00,0.00,0.00,0.00,0.00,0.00,0.00,118.12,118.92,119.20,0.00,0.00,0.33,2.00%,0.00,0.14%,0.67%,0.05%,1.46%,0.03%,0.69%,0.03%,0.86%,0.03%,0.23%,0.02%,0.27%,0.02%,0.18%,0.01%,0.07%,0.01%,0.02%,0.01%,0.05%,0.01%,0.05%,0.01%,0.02%,0.00,0.00,0.00,0.00,0.00,0.00,0.00,0.00,0.00,0.00,0.00,0.00,0.00,0.00,0.00,0.00,0.00,0.00,0.00,0.00,0.00,0.00,0.00,0.00,235.48,236.76,237.54,0.00,0.00,0.00,1.98%,0.00,0.14%,0.64%,0.05%,1.45%,0.03%,0.69%,0.03%,0.85%,0.03%,0.21%,0.02%,0.26%,0.02%,0.18%,0.01%,0.05%,0.01%,0.02%,0.01%,0.04%,0.01%,0.03%,0.01%,0.02%,0.00,0.00,0.00,0.00,0.00,0.00,0.00,0.00,0.00,0.00,0.00,0.00,0.00,0.00,0.00,0.00,0.00,0.00,0.00,0.00,0.00,0.00,0.00,0.00,0,1.000,0,0,59.96,60.01,60.06
25-Jul-2018 05:00:00,10.000,Y,118.12,119.16,119.50,0.09,0.65,14.19,1.98%,0.09,0.13%,0.63%,0.05%,1.48%,0.03%,0.67%,0.03%,0.86%,0.02%,0.21%,0.02%,0.24%,0.01%,0.18%,0.01%,0.04%,0.01%,0.04%,0.01%,0.03%,0.01%,0.02%,0.01%,0.04%,0.01,0.06,0.00,0.04,0.00,0.02,0.00,0.03,0.00,0.02,0.00,0.03,0.00,0.02,0.00,0.00,0.00,0.01,0.00,0.00,0.00,0.00,0.00,0.00,117.94,118.94,119.28,0.00,0.00,0.35,2.00%,0.00,0.12%,0.69%,0.05%,1.47%,0.03%,0.65%,0.02%,0.86%,0.02%,0.21%,0.01%,0.28%,0.01%,0.17%,0.01%,0.07%,0.01%,0.02%,0.01%,0.04%,0.01%,0.05%,0.01%,0.01%,0.00,0.00,0.00,0.00,0.00,0.00,0.00,0.00,0.00,0.00,0.00,0.00,0.00,0.00,0.00,0.00,0.00,0.00,0.00,0.00,0.00,0.00,0.00,0.00,236.06,237.30,237.90,0.00,0.00,0.00,1.99%,0.00,0.12%,0.66%,0.05%,1.47%,0.03%,0.66%,0.02%,0.86%,0.02%,0.21%,0.01%,0.26%,0.01%,0.17%,0.01%,0.06%,0.01%,0.02%,0.01%,0.03%,0.01%,0.03%,0.01%,0.02%,0.00,0.00,0.00,0.00,0.00,0.00,0.00,0.00,0.00,0.00,0.00,0.00,0.00,0.00,0.00,0.00,0.00,0.00,0.00,0.00,0.00,0.00,0.00,0.00,72,0.846,60,48,59.96,60.00,60.04
25-Jul-2018 05:10:00,10.000,Y,117.98,118.88,119.20,1.00,1.08,1.15,1.97%,0.15,0.15%,0.63%,0.05%,1.48%,0.04%,0.66%,0.03%,0.84%,0.03%,0.22%,0.02%,0.22%,0.02%,0.17%,0.01%,0.06%,0.01%,0.03%,0.01%,0.02%,0.01%,0.04%,0.01%,0.03%,0.01,0.10,0.00,0.07,0.00,0.04,0.00,0.05,0.00,0.04,0.00,0.05,0.00,0.03,0.00,0.01,0.00,0.01,0.00,0.01,0.00,0.00,0.00,0.01,118.00,118.92,119.28,0.00,0.00,0.34,2.01%,0.00,0.15%,0.68%,0.05%,1.49%,0.04%,0.65%,0.03%,0.85%,0.03%,0.22%,0.02%,0.25%,0.02%,0.17%,0.01%,0.08%,0.01%,0.02%,0.01%,0.04%,0.01%,0.05%,0.01%,0.02%,0.00,0.00,0.00,0.00,0.00,0.00,0.00,0.00,0.00,0.00,0.00,0.00,0.00,0.00,0.00,0.00,0.00,0.00,0.00,0.00,0.00,0.00,0.00,0.00,235.64,237.00,237.48,0.00,0.00,0.00,1.98%,0.00,0.15%,0.65%,0.05%,1.48%,0.04%,0.65%,0.03%,0.84%,0.03%,0.22%,0.02%,0.23%,0.02%,0.17%,0.01%,0.07%,0.01%,0.02%,0.01%,0.03%,0.01%,0.04%,0.01%,0.02%,0.00,0.00,0.00,0.00,0.00,0.00,0.00,0.00,0.00,0.00,0.00,0.00,0.00,0.00,0.00,0.00,0.00,0.00,0.00,0.00,0.00,0.00,0.00,0.00,132,0.707,96,84,59.95,60.01,60.05
25-Jul-2018 05:20:00,10.000,Y,117.68,118.60,119.00,0.98,1.06,1.13,1.95%,0.15,0.12%,0.64%,0.04%,1.43%,0.03%,0.70%,0.02%,0.79%,0.02%,0.32%,0.02%,0.25%,0.01%,0.22%,0.01%,0.07%,0.01%,0.06%,0.01%,0.03%,0.01%,0.03%,0.01%,0.03%,0.01,0.10,0.00,0.07,0.00,0.03,0.00,0.05,0.00,0.04,0.00,0.04,0.00,0.03,0.00,0.00,0.00,0.01,0.00,0.01,0.00,0.00,0.00,0.00,117.72,118.58,118.88,0.00,0.00,0.33,1.98%,0.00,0.12%,0.67%,0.04%,1.45%,0.03%,0.69%,0.02%,0.80%,0.02%,0.32%,0.02%,0.27%,0.01%,0.23%,0.01%,0.08%,0.01%,0.05%,0.01%,0.04%,0.01%,0.04%,0.01%,0.03%,0.00,0.00,0.00,0.00,0.00,0.00,0.00,0.00,0.00,0.00,0.00,0.00,0.00,0.00,0.00,0.00,0.00,0.00,0.00,0.00,0.00,0.00,0.00,0.00,235.10,236.38,237.00,0.00,0.00,0.00,1.96%,0.00,0.12%,0.65%,0.04%,1.44%,0.03%,0.69%,0.02%,0.79%,0.02%,0.31%,0.02%,0.26%,0.01%,0.22%,0.01%,0.07%,0.01%,0.05%,0.01%,0.04%,0.01%,0.03%,0.01%,0.03%,0.00,0.00,0.00,0.00,0.00,0.00,0.00,0.00,0.00,0.00,0.00,0.00,0.00,0.00,0.00,0.00,0.00,0.00,0.00,0.00,0.00,0.00,0.00,0.00,132,0.700,84,84,59.95,60.00,60.06
25-Jul-2018 05:30:00,10.000,Y,117.32,118.92,119.22,0.98,1.06,1.12,1.85%,0.15,0.11%,0.64%,0.04%,1.35%,0.03%,0.66%,0.02%,0.61%,0.02%,0.38%,0.02%,0.26%,0.01%,0.28%,0.01%,0.11%,0.01%,0.09%,0.01%,0.10%,0.01%,0.04%,0.01%,0.04%,0.01,0.09,0.00,0.07,0.00,0.03,0.00,0.05,0.00,0.04,0.00,0.03,0.00,0.02,0.00,0.01,0.00,0.01,0.00,0.01,0.00,0.00,0.00,0.00,117.96,119.08,119.40,0.00,0.00,0.34,1.88%,0.00,0.11%,0.69%,0.04%,1.36%,0.03%,0.66%,0.02%,0.62%,0.02%,0.40%,0.02%,0.28%,0.02%,0.30%,0.01%,0.14%,0.01%,0.09%,0.01%,0.11%,0.01%,0.05%,0.01%,0.05%,0.00,0.00,0.00,0.00,0.00,0.00,0.00,0.00,0.00,0.00,0.00,0.00,0.00,0.00,0.00,0.00,0.00,0.00,0.00,0.00,0.00,0.00,0.00,0.00,235.20,237.20,237.76,0.00,0.00,0.00,1.86%,0.00,0.11%,0.67%,0.04%,1.36%,0.03%,0.66%,0.02%,0.61%,0.02%,0.39%,0.02%,0.27%,0.01%,0.29%,0.01%,0.12%,0.01%,0.09%,0.01%,0.10%,0.01%,0.05%,0.01%,0.04%,0.00,0.00,0.00,0.00,0.00,0.00,0.00,0.00,0.00,0.00,0.00,0.00,0.00,0.00,0.00,0.00,0.00,0.00,0.00,0.00,0.00,0.00,0.00,0.00,132,0.697,84,84,59.94,59.99,60.06
25-Jul-2018 05:40:00,10.000,Y,113.72,118.60,119.18,0.90,1.06,1.20,1.79%,0.14,0.12%,0.66%,0.04%,1.29%,0.03%,0.65%,0.02%,0.58%,0.02%,0.37%,0.02%,0.25%,0.01%,0.26%,0.01%,0.12%,0.01%,0.09%,0.01%,0.10%,0.01%,0.04%,0.01%,0.04%,0.01,0.09,0.00,0.07,0.00,0.03,0.00,0.05,0.00,0.04,0.00,0.03,0.00,0.02,0.00,0.01,0.00,0.01,0.00,0.01,0.00,0.00,0.00,0.00,113.74,118.76,119.28,0.00,0.00,0.48,1.84%,0.00,0.12%,0.73%,0.04%,1.31%,0.03%,0.64%,0.02%,0.59%,0.02%,0.39%,0.02%,0.28%,0.01%,0.28%,0.01%,0.15%,0.01%,0.09%,0.01%,0.11%,0.01%,0.05%,0.01%,0.05%,0.00,0.00,0.00,0.00,0.00,0.00,0.00,0.00,0.00,0.00,0.00,0.00,0.00,0.00,0.00,0.00,0.00,0.00,0.00,0.00,0.00,0.00,0.00,0.00,226.72,236.56,237.50,0.00,0.00,0.00,1.81%,0.00,0.12%,0.69%,0.04%,1.30%,0.03%,0.65%,0.02%,0.58%,0.02%,0.38%,0.02%,0.27%,0.01%,0.27%,0.01%,0.13%,0.01%,0.08%,0.01%,0.10%,0.01%,0.04%,0.01%,0.04%,0.00,0.00,0.00,0.00,0.00,0.00,0.00,0.00,0.00,0.00,0.00,0.00,0.00,0.00,0.00,0.00,0.00,0.00,0.00,0.00,0.00,0.00,0.00,0.00,120,0.698,84,84,59.96,60.00,60.04
25-Jul-2018 05:50:00,10.000,Y,115.88,118.42,118.88,0.95,1.06,1.12,1.79%,0.14,0.12%,0.68%,0.04%,1.31%,0.03%,0.64%,0.02%,0.54%,0.02%,0.36%,0.02%,0.27%,0.01%,0.24%,0.01%,0.11%,0.01%,0.08%,0.01%,0.10%,0.01%,0.05%,0.01%,0.04%,0.01,0.09,0.00,0.07,0.00,0.03,0.00,0.05,0.00,0.04,0.00,0.03,0.00,0.02,0.00,0.00,0.00,0.01,0.00,0.01,0.00,0.00,0.00,0.00,116.22,118.62,119.06,0.00,0.00,0.38,1.84%,0.00,0.12%,0.73%,0.04%,1.32%,0.03%,0.64%,0.02%,0.57%,0.02%,0.37%,0.02%,0.29%,0.01%,0.27%,0.01%,0.14%,0.01%,0.08%,0.01%,0.11%,0.01%,0.05%,0.01%,0.05%,0.00,0.00,0.00,0.00,0.00,0.00,0.00,0.00,0.00,0.00,0.00,0.00,0.00,0.00,0.00,0.00,0.00,0.00,0.00,0.00,0.00,0.00,0.00,0.00,231.34,236.24,237.00,0.00,0.00,0.00,1.81%,0.00,0.12%,0.71%,0.04%,1.32%,0.03%,0.64%,0.02%,0.55%,0.02%,0.36%,0.02%,0.28%,0.01%,0.25%,0.01%,0.12%,0.01%,0.08%,0.01%,0.10%,0.01%,0.05%,0.01%,0.04%,0.00,0.00,0.00,0.00,0.00,0.00,0.00,0.00,0.00,0.00,0.00,0.00,0.00,0.00,0.00,0.00,0.00,0.00,0.00,0.00,0.00,0.00,0.00,0.00,120,0.698,84,84,59.95,60.00,60.04
25-Jul-2018 06:00:00,10.000,Y,117.56,118.52,118.78,0.97,1.05,1.11,1.80%,0.14,0.12%,0.70%,0.04%,1.32%,0.03%,0.65%,0.03%,0.54%,0.02%,0.35%,0.02%,0.26%,0.01%,0.25%,0.01%,0.11%,0.01%,0.08%,0.01%,0.09%,0.01%,0.04%,0.01%,0.04%,0.01,0.09,0.00,0.07,0.00,0.03,0.00,0.05,0.00,0.04,0.00,0.03,0.00,0.02,0.00,0.00,0.00,0.01,0.00,0.01,0.00,0.00,0.00,0.00,117.32,118.28,118.62,0.00,0.00,0.34,1.84%,0.00,0.12%,0.75%,0.04%,1.34%,0.03%,0.62%,0.02%,0.53%,0.02%,0.36%,0.02%,0.28%,0.01%,0.27%,0.01%,0.13%,0.01%,0.08%,0.01%,0.11%,0.01%,0.05%,0.01%,0.05%,0.00,0.00,0.00,0.00,0.00,0.00,0.00,0.00,0.00,0.00,0.00,0.00,0.00,0.00,0.00,0.00,0.00,0.00,0.00,0.00,0.00,0.00,0.00,0.00,234.54,236.00,236.48,0.00,0.00,0.00,1.82%,0.00,0.12%,0.73%,0.04%,1.33%,0.03%,0.63%,0.02%,0.53%,0.02%,0.35%,0.01%,0.27%,0.01%,0.26%,0.01%,0.11%,0.01%,0.08%,0.01%,0.10%,0.01%,0.04%,0.01%,0.05%,0.00,0.00,0.00,0.00,0.00,0.00,0.00,0.00,0.00,0.00,0.00,0.00,0.00,0.00,0.00,0.00,0.00,0.00,0.00,0.00,0.00,0.00,0.00,0.00,120,0.696,84,84,59.94,60.00,60.05
25-Jul-2018 06:10:00,10.000,Y,116.78,117.88,118.38,0.97,1.05,1.11,1.80%,0.15,0.13%,0.73%,0.05%,1.26%,0.03%,0.69%,0.03%,0.56%,0.02%,0.36%,0.02%,0.27%,0.02%,0.25%,0.01%,0.12%,0.01%,0.08%,0.01%,0.09%,0.01%,0.04%,0.01%,0.05%,0.01,0.09,0.00,0.07,0.00,0.03,0.00,0.05,0.00,0.04,0.00,0.03,0.00,0.02,0.00,0.01,0.00,0.01,0.00,0.01,0.00,0.00,0.00,0.00,116.90,117.90,118.34,0.00,0.00,0.35,1.86%,0.00,0.14%,0.80%,0.05%,1.31%,0.03%,0.68%,0.03%,0.53%,0.02%,0.34%,0.02%,0.31%,0.02%,0.27%,0.01%,0.12%,0.01%,0.07%,0.01%,0.11%,0.01%,0.04%,0.01%,0.04%,0.00,0.00,0.00,0.00,0.00,0.00,0.00,0.00,0.00,0.00,0.00,0.00,0.00,0.00,0.00,0.00,0.00,0.00,0.00,0.00,0.00,0.00,0.00,0.00,233.04,234.98,235.72,0.00,0.00,0.00,1.82%,0.00,0.14%,0.77%,0.05%,1.28%,0.03%,0.68%,0.03%,0.54%,0.02%,0.35%,0.02%,0.29%,0.02%,0.26%,0.01%,0.12%,0.01%,0.08%,0.01%,0.10%,0.01%,0.04%,0.01%,0.04%,0.00,0.00,0.00,0.00,0.00,0.00,0.00,0.00,0.00,0.00,0.00,0.00,0.00,0.00,0.00,0.00,0.00,0.00,0.00,0.00,0.00,0.00,0.00,0.00,120,0.702,84,84,59.97,60.01,60.05
25-Jul-2018 06:20:00,10.000,Y,113.38,117.94,118.74,0.90,1.05,1.19,1.80%,0.15,0.13%,0.77%,0.05%,1.23%,0.03%,0.70%,0.02%,0.57%,0.02%,0.36%,0.02%,0.27%,0.01%,0.25%,0.01%,0.11%,0.01%,0.08%,0.01%,0.09%,0.01%,0.04%,0.01%,0.04%,0.01,0.09,0.00,0.07,0.00,0.03,0.00,0.05,0.00,0.04,0.00,0.03,0.00,0.02,0.00,0.01,0.00,0.01,0.00,0.01,0.00,0.00,0.00,0.00,113.22,118.00,118.46,0.00,0.00,0.43,1.86%,0.00,0.13%,0.84%,0.05%,1.26%,0.03%,0.70%,0.02%,0.55%,0.02%,0.35%,0.02%,0.31%,0.02%,0.27%,0.01%,0.12%,0.01%,0.08%,0.01%,0.11%,0.01%,0.04%,0.01%,0.05%,0.00,0.00,0.00,0.00,0.00,0.00,0.00,0.00,0.00,0.00,0.00,0.00,0.00,0.00,0.00,0.00,0.00,0.00,0.00,0.00,0.00,0.00,0.00,0.00,225.84,235.16,235.98,0.00,0.00,0.00,1.82%,0.00,0.13%,0.80%,0.05%,1.24%,0.03%,0.70%,0.02%,0.55%,0.02%,0.35%,0.02%,0.29%,0.01%,0.26%,0.01%,0.11%,0.01%,0.08%,0.01%,0.10%,0.01%,0.04%,0.01%,0.04%,0.00,0.00,0.00,0.00,0.00,0.00,0.00,0.00,0.00,0.00,0.00,0.00,0.00,0.00,0.00,0.00,0.00,0.00,0.00,0.00,0.00,0.00,0.00,0.00,120,0.699,84,84,59.94,60.00,60.05
25-Jul-2018 06:30:00,10.000,Y,117.12,118.20,118.60,0.97,1.05,1.11,1.81%,0.14,0.12%,0.78%,0.04%,1.23%,0.03%,0.71%,0.02%,0.55%,0.02%,0.37%,0.02%,0.27%,0.01%,0.25%,0.01%,0.11%,0.01%,0.09%,0.01%,0.09%,0.01%,0.05%,0.01%,0.04%,0.01,0.09,0.00,0.07,0.00,0.03,0.00,0.05,0.00,0.04,0.00,0.03,0.00,0.02,0.00,0.01,0.00,0.01,0.00,0.01,0.00,0.00,0.00,0.00,116.76,117.76,118.18,0.00,0.00,0.35,1.88%,0.00,0.12%,0.87%,0.04%,1.26%,0.03%,0.72%,0.02%,0.56%,0.02%,0.37%,0.02%,0.31%,0.01%,0.28%,0.01%,0.13%,0.01%,0.09%,0.01%,0.11%,0.01%,0.05%,0.01%,0.05%,0.00,0.00,0.00,0.00,0.00,0.00,0.00,0.00,0.00,0.00,0.00,0.00,0.00,0.00,0.00,0.00,0.00,0.00,0.00,0.00,0.00,0.00,0.00,0.00,233.52,235.18,235.86,0.00,0.00,0.00,1.84%,0.00,0.12%,0.82%,0.04%,1.24%,0.03%,0.71%,0.02%,0.56%,0.02%,0.37%,0.01%,0.29%,0.01%,0.26%,0.01%,0.12%,0.01%,0.09%,0.01%,0.10%,0.01%,0.04%,0.01%,0.05%,0.00,0.00,0.00,0.00,0.00,0.00,0.00,0.00,0.00,0.00,0.00,0.00,0.00,0.00,0.00,0.00,0.00,0.00,0.00,0.00,0.00,0.00,0.00,0.00,120,0.694,84,84,59.96,60.00,60.06
25-Jul-2018 06:40:00,10.000,Y,116.54,117.88,118.44,0.97,1.04,1.10,1.82%,0.15,0.13%,0.85%,0.04%,1.22%,0.03%,0.70%,0.02%,0.55%,0.02%,0.37%,0.02%,0.27%,0.01%,0.24%,0.01%,0.11%,0.01%,0.07%,0.01%,0.09%,0.01%,0.04%,0.01%,0.04%,0.01,0.09,0.00,0.07,0.00,0.02,0.00,0.05,0.00,0.05,0.00,0.03,0.00,0.02,0.00,0.01,0.00,0.01,0.00,0.01,0.00,0.00,0.00,0.00,116.14,117.44,117.74,0.00,0.00,0.35,1.91%,0.00,0.13%,0.92%,0.04%,1.26%,0.03%,0.71%,0.02%,0.58%,0.02%,0.37%,0.02%,0.30%,0.01%,0.27%,0.01%,0.15%,0.01%,0.08%,0.01%,0.11%,0.01%,0.05%,0.01%,0.06%,0.00,0.00,0.00,0.00,0.00,0.00,0.00,0.00,0.00,0.00,0.00,0.00,0.00,0.00,0.00,0.00,0.00,0.00,0.00,0.00,0.00,0.00,0.00,0.00,232.04,234.52,235.22,0.00,0.00,0.00,1.86%,0.00,0.13%,0.88%,0.04%,1.24%,0.03%,0.70%,0.02%,0.57%,0.02%,0.37%,0.02%,0.28%,0.01%,0.25%,0.01%,0.12%,0.01%,0.07%,0.01%,0.10%,0.01%,0.04%,0.01%,0.05%,0.00,0.00,0.00,0.00,0.00,0.00,0.00,0.00,0.00,0.00,0.00,0.00,0.00,0.00,0.00,0.00,0.00,0.00,0.00,0.00,0.00,0.00,0.00,0.00,120,0.695,84,84,59.95,60.00,60.04
25-Jul-2018 06:50:00,10.000,Y,116.58,117.82,118.36,0.97,1.05,1.11,1.86%,0.15,0.12%,0.84%,0.04%,1.26%,0.03%,0.71%,0.02%,0.56%,0.02%,0.38%,0.02%,0.28%,0.01%,0.24%,0.01%,0.13%,0.01%,0.08%,0.01%,0.09%,0.01%,0.05%,0.01%,0.04%,0.01,0.09,0.00,0.07,0.00,0.02,0.00,0.05,0.00,0.04,0.00,0.03,0.00,0.02,0.00,0.01,0.00,0.01,0.00,0.01,0.00,0.00,0.00,0.00,116.72,117.72,118.26,0.00,0.00,0.35,1.95%,0.00,0.11%,0.92%,0.04%,1.32%,0.03%,0.71%,0.02%,0.57%,0.02%,0.38%,0.02%,0.30%,0.01%,0.27%,0.01%,0.16%,0.01%,0.08%,0.01%,0.11%,0.01%,0.05%,0.01%,0.06%,0.00,0.00,0.00,0.00,0.00,0.00,0.00,0.00,0.00,0.00,0.00,0.00,0.00,0.00,0.00,0.00,0.00,0.00,0.00,0.00,0.00,0.00,0.00,0.00,232.54,234.74,235.78,0.00,0.00,0.00,1.90%,0.00,0.12%,0.88%,0.04%,1.29%,0.03%,0.71%,0.02%,0.57%,0.02%,0.38%,0.01%,0.29%,0.01%,0.25%,0.01%,0.14%,0.01%,0.08%,0.01%,0.10%,0.01%,0.05%,0.01%,0.05%,0.00,0.00,0.00,0.00,0.00,0.00,0.00,0.00,0.00,0.00,0.00,0.00,0.00,0.00,0.00,0.00,0.00,0.00,0.00,0.00,0.00,0.00,0.00,0.00,120,0.695,84,84,59.95,60.00,60.05
25-Jul-2018 07:00:00,10.000,Y,117.02,118.02,118.44,0.97,1.05,1.11,1.87%,0.15,0.10%,0.86%,0.04%,1.26%,0.02%,0.71%,0.02%,0.58%,0.02%,0.35%,0.01%,0.29%,0.01%,0.24%,0.01%,0.12%,0.01%,0.07%,0.01%,0.09%,0.01%,0.04%,0.01%,0.04%,0.01,0.09,0.00,0.07,0.00,0.02,0.00,0.05,0.00,0.04,0.00,0.03,0.00,0.02,0.00,0.01,0.00,0.01,0.00,0.01,0.00,0.00,0.00,0.00,116.88,117.82,118.12,0.00,0.00,0.35,1.94%,0.00,0.10%,0.92%,0.04%,1.31%,0.02%,0.72%,0.02%,0.58%,0.02%,0.35%,0.01%,0.31%,0.01%,0.25%,0.01%,0.16%,0.01%,0.07%,0.01%,0.10%,0.01%,0.05%,0.01%,0.05%,0.00,0.00,0.00,0.00,0.00,0.00,0.00,0.00,0.00,0.00,0.00,0.00,0.00,0.00,0.00,0.00,0.00,0.00,0.00,0.00,0.00,0.00,0.00,0.00,233.22,235.04,235.60,0.00,0.00,0.00,1.90%,0.00,0.10%,0.89%,0.04%,1.29%,0.02%,0.71%,0.02%,0.58%,0.02%,0.35%,0.01%,0.30%,0.01%,0.24%,0.01%,0.14%,0.01%,0.07%,0.01%,0.10%,0.01%,0.05%,0.01%,0.04%,0.00,0.00,0.00,0.00,0.00,0.00,0.00,0.00,0.00,0.00,0.00,0.00,0.00,0.00,0.00,0.00,0.00,0.00,0.00,0.00,0.00,0.00,0.00,0.00,120,0.693,84,84,59.96,59.99,60.05
25-Jul-2018 07:10:00,10.000,Y,116.50,117.72,118.04,0.97,1.04,1.11,1.92%,0.15,0.13%,0.89%,0.05%,1.29%,0.03%,0.75%,0.02%,0.56%,0.02%,0.33%,0.02%,0.31%,0.02%,0.26%,0.01%,0.12%,0.01%,0.06%,0.01%,0.10%,0.01%,0.04%,0.01%,0.03%,0.01,0.09,0.00,0.07,0.00,0.03,0.00,0.05,0.00,0.05,0.00,0.04,0.00,0.02,0.00,0.01,0.00,0.01,0.00,0.01,0.00,0.00,0.00,0.00,116.66,117.56,117.94,0.00,0.00,0.35,1.96%,0.00,0.13%,0.94%,0.05%,1.30%,0.03%,0.73%,0.02%,0.59%,0.02%,0.36%,0.02%,0.31%,0.01%,0.26%,0.01%,0.15%,0.01%,0.07%,0.01%,0.10%,0.01%,0.05%,0.01%,0.05%,0.00,0.00,0.00,0.00,0.00,0.00,0.00,0.00,0.00,0.00,0.00,0.00,0.00,0.00,0.00,0.00,0.00,0.00,0.00,0.00,0.00,0.00,0.00,0.00,232.38,234.50,235.08,0.00,0.00,0.00,1.93%,0.00,0.13%,0.91%,0.05%,1.30%,0.03%,0.74%,0.02%,0.57%,0.02%,0.35%,0.02%,0.31%,0.01%,0.26%,0.01%,0.13%,0.01%,0.06%,0.01%,0.10%,0.01%,0.05%,0.01%,0.04%,0.00,0.00,0.00,0.00,0.00,0.00,0.00,0.00,0.00,0.00,0.00,0.00,0.00,0.00,0.00,0.00,0.00,0.00,0.00,0.00,0.00,0.00,0.00,0.00,120,0.695,84,84,59.95,60.00,60.04
25-Jul-2018 07:20:00,10.000,Y,116.54,117.40,117.74,0.96,1.04,1.12,1.91%,0.15,0.13%,0.94%,0.05%,1.24%,0.03%,0.77%,0.02%,0.55%,0.02%,0.34%,0.02%,0.30%,0.02%,0.25%,0.01%,0.11%,0.01%,0.07%,0.01%,0.10%,0.01%,0.04%,0.01%,0.03%,0.01,0.10,0.00,0.07,0.00,0.02,0.00,0.05,0.00,0.04,0.00,0.04,0.00,0.02,0.00,0.01,0.00,0.01,0.00,0.01,0.00,0.00,0.00,0.00,116.40,117.48,117.92,0.00,0.00,0.34,1.96%,0.00,0.13%,0.97%,0.05%,1.26%,0.03%,0.76%,0.03%,0.59%,0.02%,0.37%,0.02%,0.31%,0.02%,0.27%,0.01%,0.15%,0.01%,0.08%,0.01%,0.10%,0.01%,0.06%,0.01%,0.05%,0.00,0.00,0.00,0.00,0.00,0.00,0.00,0.00,0.00,0.00,0.00,0.00,0.00,0.00,0.00,0.00,0.00,0.00,0.00,0.00,0.00,0.00,0.00,0.00,232.56,234.10,234.80,0.00,0.00,0.00,1.93%,0.00,0.13%,0.95%,0.05%,1.25%,0.03%,0.76%,0.02%,0.57%,0.02%,0.35%,0.02%,0.31%,0.02%,0.26%,0.01%,0.12%,0.01%,0.07%,0.01%,0.10%,0.01%,0.05%,0.01%,0.04%,0.00,0.00,0.00,0.00,0.00,0.00,0.00,0.00,0.00,0.00,0.00,0.00,0.00,0.00,0.00,0.00,0.00,0.00,0.00,0.00,0.00,0.00,0.00,0.00,120,0.697,84,84,59.95,60.00,60.05
25-Jul-2018 07:30:00,10.000,Y,115.60,116.86,117.64,0.96,1.05,1.11,1.98%,0.15,0.10%,1.01%,0.04%,1.28%,0.02%,0.78%,0.02%,0.57%,0.02%,0.34%,0.01%,0.30%,0.01%,0.26%,0.01%,0.12%,0.01%,0.06%,0.01%,0.10%,0.01%,0.05%,0.01%,0.03%,0.01,0.10,0.00,0.07,0.00,0.02,0.00,0.06,0.00,0.04,0.00,0.04,0.00,0.02,0.00,0.01,0.00,0.01,0.00,0.01,0.00,0.00,0.00,0.00,116.50,117.38,117.78,0.00,0.00,0.34,1.99%,0.00,0.10%,1.02%,0.04%,1.29%,0.02%,0.74%,0.02%,0.58%,0.02%,0.37%,0.01%,0.30%,0.01%,0.26%,0.01%,0.15%,0.01%,0.07%,0.01%,0.10%,0.01%,0.05%,0.01%,0.05%,0.00,0.00,0.00,0.00,0.00,0.00,0.00,0.00,0.00,0.00,0.00,0.00,0.00,0.00,0.00,0.00,0.00,0.00,0.00,0.00,0.00,0.00,0.00,0.00,231.84,233.46,234.52,0.00,0.00,0.00,1.98%,0.00,0.10%,1.02%,0.04%,1.29%,0.02%,0.76%,0.02%,0.58%,0.02%,0.35%,0.01%,0.30%,0.01%,0.26%,0.01%,0.13%,0.01%,0.07%,0.01%,0.10%,0.01%,0.05%,0.01%,0.04%,0.00,0.00,0.00,0.00,0.00,0.00,0.00,0.00,0.00,0.00,0.00,0.00,0.00,0.00,0.00,0.00,0.00,0.00,0.00,0.00,0.00,0.00,0.00,0.00,120,0.702,84,84,59.94,59.99,60.02
25-Jul-2018 07:40:00,10.000,Y,115.42,116.60,117.82,0.95,1.04,1.10,1.97%,0.15,0.13%,1.00%,0.05%,1.26%,0.03%,0.79%,0.02%,0.57%,0.02%,0.33%,0.02%,0.31%,0.01%,0.25%,0.01%,0.11%,0.01%,0.07%,0.01%,0.10%,0.01%,0.05%,0.01%,0.03%,0.01,0.10,0.00,0.07,0.00,0.02,0.00,0.06,0.00,0.04,0.00,0.04,0.00,0.02,0.00,0.01,0.00,0.01,0.00,0.01,0.00,0.00,0.00,0.00,116.26,117.36,118.10,0.00,0.00,0.35,1.98%,0.00,0.13%,1.04%,0.05%,1.27%,0.03%,0.76%,0.02%,0.57%,0.02%,0.35%,0.02%,0.31%,0.01%,0.26%,0.01%,0.14%,0.01%,0.08%,0.01%,0.09%,0.01%,0.05%,0.01%,0.05%,0.00,0.00,0.00,0.00,0.00,0.00,0.00,0.00,0.00,0.00,0.00,0.00,0.00,0.00,0.00,0.00,0.00,0.00,0.00,0.00,0.00,0.00,0.00,0.00,230.92,233.16,235.06,0.00,0.00,0.00,1.97%,0.00,0.13%,1.02%,0.05%,1.26%,0.03%,0.78%,0.02%,0.57%,0.02%,0.34%,0.02%,0.30%,0.01%,0.25%,0.01%,0.13%,0.01%,0.07%,0.01%,0.09%,0.01%,0.05%,0.01%,0.04%,0.00,0.00,0.00,0.00,0.00,0.00,0.00,0.00,0.00,0.00,0.00,0.00,0.00,0.00,0.00,0.00,0.00,0.00,0.00,0.00,0.00,0.00,0.00,0.00,120,0.699,84,84,59.96,60.00,60.09
25-Jul-2018 07:50:00,10.000,Y,116.78,117.72,118.14,0.96,1.04,1.10,2.04%,0.15,0.18%,1.04%,0.07%,1.32%,0.04%,0.80%,0.03%,0.58%,0.03%,0.32%,0.02%,0.32%,0.02%,0.25%,0.02%,0.12%,0.02%,0.07%,0.01%,0.09%,0.01%,0.05%,0.01%,0.02%,0.01,0.10,0.00,0.07,0.00,0.02,0.00,0.06,0.00,0.04,0.00,0.03,0.00,0.02,0.00,0.01,0.00,0.01,0.00,0.01,0.00,0.00,0.00,0.00,116.10,117.62,118.12,0.00,0.00,0.34,2.07%,0.00,0.18%,1.08%,0.07%,1.33%,0.04%,0.78%,0.03%,0.59%,0.03%,0.33%,0.02%,0.33%,0.02%,0.26%,0.02%,0.14%,0.02%,0.08%,0.01%,0.08%,0.01%,0.06%,0.01%,0.05%,0.00,0.00,0.00,0.00,0.00,0.00,0.00,0.00,0.00,0.00,0.00,0.00,0.00,0.00,0.00,0.00,0.00,0.00,0.00,0.00,0.00,0.00,0.00,0.00,232.88,234.54,235.46,0.00,0.00,0.00,2.05%,0.00,0.18%,1.06%,0.07%,1.32%,0.04%,0.79%,0.03%,0.58%,0.03%,0.32%,0.02%,0.32%,0.02%,0.25%,0.02%,0.13%,0.02%,0.07%,0.01%,0.09%,0.01%,0.05%,0.01%,0.04%,0.00,0.00,0.00,0.00,0.00,0.00,0.00,0.00,0.00,0.00,0.00,0.00,0.00,0.00,0.00,0.00,0.00,0.00,0.00,0.00,0.00,0.00,0.00,0.00,120,0.694,84,84,59.97,60.03,60.09
25-Jul-2018 08:00:00,10.000,Y,116.82,118.22,118.92,0.97,1.05,1.10,2.02%,0.15,0.11%,1.05%,0.04%,1.31%,0.02%,0.78%,0.02%,0.59%,0.02%,0.31%,0.01%,0.31%,0.01%,0.24%,0.01%,0.14%,0.01%,0.06%,0.01%,0.10%,0.01%,0.05%,0.01%,0.02%,0.01,0.10,0.00,0.07,0.00,0.02,0.00,0.06,0.00,0.04,0.00,0.03,0.00,0.02,0.00,0.01,0.00,0.01,0.00,0.01,0.00,0.00,0.00,0.00,116.04,117.84,118.78,0.00,0.00,0.39,2.04%,0.00,0.11%,1.08%,0.04%,1.31%,0.03%,0.77%,0.02%,0.59%,0.02%,0.32%,0.02%,0.32%,0.01%,0.25%,0.01%,0.16%,0.01%,0.06%,0.01%,0.09%,0.01%,0.05%,0.01%,0.05%,0.00,0.00,0.00,0.00,0.00,0.00,0.00,0.00,0.00,0.00,0.00,0.00,0.00,0.00,0.00,0.00,0.00,0.00,0.00,0.00,0.00,0.00,0.00,0.00,232.82,235.26,236.52,0.00,0.00,0.00,2.03%,0.00,0.11%,1.06%,0.04%,1.31%,0.02%,0.77%,0.02%,0.59%,0.02%,0.31%,0.01%,0.32%,0.01%,0.24%,0.01%,0.15%,0.01%,0.06%,0.01%,0.09%,0.01%,0.05%,0.01%,0.03%,0.00,0.00,0.00,0.00,0.00,0.00,0.00,0.00,0.00,0.00,0.00,0.00,0.00,0.00,0.00,0.00,0.00,0.00,0.00,0.00,0.00,0.00,0.00,0.00,120,0.691,84,84,59.92,59.99,60.05
25-Jul-2018 08:10:00,10.000,Y,116.92,117.80,118.18,0.97,2.03,5.84,2.04%,0.80,0.15%,1.11%,0.05%,1.25%,0.03%,0.75%,0.03%,0.65%,0.02%,0.32%,0.02%,0.31%,0.02%,0.28%,0.01%,0.13%,0.01%,0.06%,0.01%,0.11%,0.01%,0.04%,0.01%,0.03%,0.01,0.58,0.01,0.31,0.00,0.23,0.01,0.27,0.01,0.19,0.00,0.13,0.00,0.11,0.00,0.08,0.00,0.05,0.00,0.05,0.00,0.02,0.00,0.01,116.84,118.00,118.42,0.24,0.32,3.09,2.08%,0.10,0.15%,1.13%,0.05%,1.30%,0.03%,0.77%,0.03%,0.62%,0.02%,0.33%,0.02%,0.34%,0.02%,0.25%,0.02%,0.17%,0.01%,0.07%,0.01%,0.09%,0.01%,0.05%,0.01%,0.05%,0.00,0.07,0.00,0.06,0.00,0.04,0.00,0.02,0.00,0.01,0.00,0.01,0.00,0.01,0.00,0.01,0.00,0.00,0.00,0.00,0.00,0.00,0.00,0.00,233.62,235.00,235.60,0.00,0.00,0.00,2.05%,0.00,0.15%,1.12%,0.05%,1.27%,0.03%,0.76%,0.03%,0.64%,0.02%,0.32%,0.02%,0.32%,0.02%,0.26%,0.01%,0.15%,0.01%,0.05%,0.01%,0.10%,0.01%,0.05%,0.01%,0.04%,0.00,0.00,0.00,0.00,0.00,0.00,0.00,0.00,0.00,0.00,0.00,0.00,0.00,0.00,0.00,0.00,0.00,0.00,0.00,0.00,0.00,0.00,0.00,0.00,276,0.755,216,72,59.96,60.01,60.07
25-Jul-2018 08:20:00,10.000,Y,116.20,117.54,118.26,3.75,4.06,4.44,2.11%,2.28,0.13%,1.22%,0.05%,1.21%,0.03%,0.70%,0.02%,0.74%,0.02%,0.37%,0.02%,0.30%,0.02%,0.36%,0.02%,0.15%,0.01%,0.06%,0.01%,0.17%,0.01%,0.05%,0.01%,0.05%,0.01,1.63,0.01,0.88,0.01,0.73,0.01,0.76,0.01,0.52,0.01,0.37,0.01,0.35,0.01,0.27,0.01,0.17,0.01,0.16,0.01,0.12,0.00,0.08,116.76,117.82,118.36,0.65,0.84,1.28,2.10%,0.32,0.13%,1.16%,0.05%,1.34%,0.03%,0.76%,0.02%,0.57%,0.02%,0.34%,0.02%,0.35%,0.02%,0.24%,0.01%,0.18%,0.01%,0.08%,0.01%,0.08%,0.01%,0.06%,0.01%,0.05%,0.00,0.22,0.00,0.18,0.00,0.11,0.00,0.06,0.00,0.02,0.00,0.03,0.00,0.03,0.00,0.02,0.00,0.01,0.00,0.01,0.00,0.01,0.00,0.01,232.94,234.56,235.18,0.00,0.00,0.00,2.09%,0.00,0.13%,1.19%,0.05%,1.28%,0.03%,0.72%,0.02%,0.65%,0.02%,0.35%,0.02%,0.31%,0.02%,0.29%,0.01%,0.16%,0.01%,0.04%,0.01%,0.12%,0.01%,0.05%,0.01%,0.03%,0.00,0.00,0.00,0.00,0.00,0.00,0.00,0.00,0.00,0.00,0.00,0.00,0.00,0.00,0.00,0.00,0.00,0.00,0.00,0.00,0.00,0.00,0.00,0.00,576,0.837,480,24,59.96,60.01,60.07
25-Jul-2018 08:30:00,10.000,Y,116.14,117.72,118.24,3.80,3.99,4.14,2.11%,2.22,0.11%,1.23%,0.04%,1.21%,0.03%,0.72%,0.02%,0.72%,0.02%,0.35%,0.02%,0.31%,0.02%,0.36%,0.01%,0.13%,0.01%,0.07%,0.01%,0.17%,0.01%,0.05%,0.01%,0.06%,0.02,1.59,0.01,0.86,0.01,0.71,0.01,0.73,0.01,0.49,0.01,0.35,0.01,0.33,0.01,0.25,0.01,0.17,0.01,0.16,0.01,0.12,0.01,0.08,115.16,117.10,117.90,0.65,0.76,1.27,2.21%,0.33,0.12%,1.29%,0.05%,1.40%,0.03%,0.76%,0.02%,0.57%,0.02%,0.33%,0.02%,0.35%,0.01%,0.23%,0.01%,0.18%,0.01%,0.09%,0.01%,0.09%,0.01%,0.06%,0.01%,0.04%,0.00,0.23,0.00,0.18,0.00,0.12,0.00,0.06,0.00,0.02,0.00,0.03,0.00,0.04,0.00,0.02,0.00,0.01,0.00,0.01,0.00,0.01,0.00,0.01,231.52,234.04,235.20,0.00,0.00,0.00,2.14%,0.00,0.12%,1.26%,0.04%,1.30%,0.03%,0.73%,0.02%,0.64%,0.02%,0.33%,0.02%,0.32%,0.01%,0.29%,0.01%,0.15%,0.01%,0.05%,0.01%,0.13%,0.01%,0.04%,0.01%,0.04%,0.00,0.00,0.00,0.00,0.00,0.00,0.00,0.00,0.00,0.00,0.00,0.00,0.00,0.00,0.00,0.00,0.00,0.00,0.00,0.00,0.00,0.00,0.00,0.00,552,0.833,456,24,59.95,59.99,60.03
25-Jul-2018 08:40:00,10.000,Y,115.40,116.64,117.76,3.81,4.00,4.15,2.14%,2.20,0.12%,1.31%,0.05%,1.24%,0.03%,0.69%,0.02%,0.68%,0.02%,0.33%,0.02%,0.32%,0.02%,0.33%,0.01%,0.12%,0.01%,0.07%,0.01%,0.17%,0.01%,0.03%,0.01%,0.06%,0.01,1.60,0.01,0.85,0.01,0.70,0.01,0.71,0.01,0.46,0.01,0.34,0.01,0.32,0.01,0.24,0.01,0.16,0.01,0.16,0.01,0.11,0.01,0.09,115.08,116.64,117.40,0.65,0.79,1.30,2.15%,0.33,0.13%,1.25%,0.05%,1.38%,0.03%,0.74%,0.02%,0.53%,0.02%,0.32%,0.02%,0.34%,0.01%,0.21%,0.01%,0.17%,0.01%,0.07%,0.01%,0.08%,0.01%,0.05%,0.01%,0.04%,0.00,0.23,0.00,0.18,0.00,0.12,0.00,0.06,0.00,0.01,0.00,0.03,0.00,0.03,0.00,0.02,0.00,0.01,0.00,0.01,0.00,0.01,0.00,0.01,231.02,232.50,233.46,0.00,0.00,0.00,2.14%,0.00,0.13%,1.28%,0.05%,1.31%,0.03%,0.71%,0.02%,0.61%,0.02%,0.32%,0.02%,0.32%,0.02%,0.27%,0.01%,0.14%,0.01%,0.04%,0.01%,0.12%,0.01%,0.04%,0.01%,0.04%,0.00,0.00,0.00,0.00,0.00,0.00,0.00,0.00,0.00,0.00,0.00,0.00,0.00,0.00,0.00,0.00,0.00,0.00,0.00,0.00,0.00,0.00,0.00,0.00,552,0.839,468,12,59.97,60.00,60.06
25-Jul-2018 08:50:00,10.000,Y,115.54,116.80,117.56,3.81,3.99,4.16,2.18%,2.20,0.12%,1.34%,0.04%,1.24%,0.03%,0.72%,0.02%,0.70%,0.02%,0.31%,0.02%,0.32%,0.01%,0.34%,0.01%,0.11%,0.01%,0.08%,0.01%,0.16%,0.01%,0.03%,0.01%,0.06%,0.02,1.59,0.01,0.84,0.01,0.70,0.01,0.71,0.01,0.47,0.01,0.34,0.01,0.33,0.01,0.25,0.01,0.17,0.01,0.16,0.01,0.12,0.00,0.09,114.88,116.62,117.22,0.67,0.82,1.30,2.16%,0.33,0.12%,1.25%,0.05%,1.38%,0.03%,0.77%,0.02%,0.54%,0.02%,0.31%,0.02%,0.34%,0.01%,0.21%,0.01%,0.16%,0.01%,0.05%,0.01%,0.08%,0.01%,0.05%,0.01%,0.03%,0.00,0.24,0.00,0.19,0.00,0.12,0.00,0.06,0.00,0.01,0.00,0.03,0.00,0.03,0.00,0.02,0.00,0.01,0.00,0.01,0.00,0.01,0.00,0.01,231.18,232.64,233.38,0.00,0.00,0.00,2.15%,0.00,0.12%,1.30%,0.05%,1.31%,0.03%,0.73%,0.02%,0.62%,0.02%,0.31%,0.02%,0.31%,0.01%,0.27%,0.01%,0.13%,0.01%,0.05%,0.01%,0.12%,0.01%,0.03%,0.01%,0.03%,0.00,0.00,0.00,0.00,0.00,0.00,0.00,0.00,0.00,0.00,0.00,0.00,0.00,0.00,0.00,0.00,0.00,0.00,0.00,0.00,0.00,0.00,0.00,0.00,552,0.840,468,12,59.96,60.00,60.05
25-Jul-2018 09:00:00,10.000,Y,112.54,115.90,116.96,3.44,3.81,8.90,2.17%,2.03,0.11%,1.36%,0.04%,1.23%,0.03%,0.72%,0.02%,0.68%,0.02%,0.29%,0.02%,0.31%,0.01%,0.32%,0.01%,0.11%,0.01%,0.09%,0.01%,0.15%,0.01%,0.03%,0.01%,0.06%,0.01,1.50,0.01,0.77,0.01,0.62,0.01,0.64,0.01,0.41,0.01,0.30,0.01,0.30,0.01,0.23,0.01,0.16,0.01,0.16,0.01,0.11,0.00,0.08,114.48,116.74,117.58,0.65,0.81,1.26,2.20%,0.33,0.11%,1.32%,0.04%,1.37%,0.02%,0.78%,0.02%,0.55%,0.02%,0.30%,0.02%,0.34%,0.01%,0.21%,0.01%,0.17%,0.01%,0.07%,0.01%,0.08%,0.01%,0.06%,0.01%,0.04%,0.00,0.23,0.00,0.19,0.00,0.12,0.00,0.06,0.00,0.01,0.00,0.03,0.00,0.03,0.00,0.02,0.00,0.01,0.00,0.01,0.00,0.01,0.00,0.01,226.28,231.86,233.14,0.00,0.00,0.00,2.17%,0.00,0.11%,1.34%,0.04%,1.30%,0.02%,0.74%,0.02%,0.61%,0.02%,0.29%,0.01%,0.31%,0.01%,0.26%,0.01%,0.14%,0.01%,0.05%,0.01%,0.11%,0.01%,0.03%,0.01%,0.03%,0.00,0.00,0.00,0.00,0.00,0.00,0.00,0.00,0.00,0.00,0.00,0.00,0.00,0.00,0.00,0.00,0.00,0.00,0.00,0.00,0.00,0.00,0.00,0.00,528,0.863,456,12,59.95,59.99,60.06
25-Jul-2018 09:10:00,10.000,Y,112.72,116.16,117.30,3.47,3.71,10.55,2.18%,1.94,0.14%,1.38%,0.05%,1.23%,0.03%,0.71%,0.03%,0.68%,0.02%,0.29%,0.02%,0.31%,0.02%,0.31%,0.01%,0.10%,0.01%,0.07%,0.01%,0.14%,0.01%,0.02%,0.01%,0.06%,0.01,1.44,0.01,0.73,0.01,0.59,0.01,0.61,0.01,0.39,0.01,0.29,0.01,0.30,0.01,0.23,0.01,0.16,0.01,0.15,0.01,0.11,0.00,0.08,113.16,115.50,116.94,0.64,0.77,1.25,2.19%,0.34,0.13%,1.37%,0.05%,1.34%,0.03%,0.72%,0.03%,0.54%,0.02%,0.31%,0.02%,0.33%,0.02%,0.20%,0.01%,0.16%,0.01%,0.06%,0.01%,0.08%,0.01%,0.06%,0.01%,0.03%,0.00,0.24,0.00,0.18,0.00,0.12,0.00,0.06,0.00,0.01,0.00,0.03,0.00,0.03,0.00,0.02,0.00,0.01,0.00,0.01,0.00,0.01,0.00,0.01,225.12,230.88,233.44,0.00,0.00,0.00,2.18%,0.00,0.13%,1.38%,0.05%,1.28%,0.03%,0.71%,0.03%,0.61%,0.02%,0.30%,0.02%,0.30%,0.02%,0.26%,0.01%,0.12%,0.01%,0.05%,0.01%,0.11%,0.01%,0.03%,0.01%,0.03%,0.00,0.00,0.00,0.00,0.00,0.00,0.00,0.00,0.00,0.00,0.00,0.00,0.00,0.00,0.00,0.00,0.00,0.00,0.00,0.00,0.00,0.00,0.00,0.00,516,0.850,432,24,59.96,60.00,60.04
25-Jul-2018 09:20:00,10.000,Y,114.20,116.24,116.88,3.50,3.72,10.38,2.15%,1.96,0.13%,1.38%,0.05%,1.19%,0.03%,0.69%,0.03%,0.68%,0.02%,0.30%,0.02%,0.29%,0.01%,0.31%,0.01%,0.11%,0.01%,0.07%,0.01%,0.14%,0.01%,0.03%,0.01%,0.06%,0.01,1.45,0.01,0.74,0.01,0.59,0.01,0.61,0.01,0.39,0.01,0.29,0.01,0.29,0.01,0.22,0.01,0.16,0.01,0.15,0.01,0.11,0.01,0.09,114.58,116.66,117.16,0.65,0.73,1.18,2.17%,0.33,0.13%,1.33%,0.05%,1.31%,0.03%,0.75%,0.02%,0.56%,0.02%,0.31%,0.02%,0.34%,0.01%,0.21%,0.01%,0.16%,0.01%,0.07%,0.01%,0.08%,0.01%,0.06%,0.01%,0.03%,0.00,0.24,0.00,0.18,0.00,0.12,0.00,0.06,0.00,0.01,0.00,0.03,0.00,0.03,0.00,0.03,0.00,0.01,0.00,0.01,0.00,0.01,0.00,0.01,228.02,232.12,233.24,0.00,0.00,0.00,2.15%,0.00,0.12%,1.35%,0.05%,1.25%,0.03%,0.72%,0.02%,0.62%,0.02%,0.31%,0.02%,0.30%,0.01%,0.25%,0.01%,0.13%,0.01%,0.05%,0.01%,0.11%,0.01%,0.04%,0.01%,0.04%,0.00,0.00,0.00,0.00,0.00,0.00,0.00,0.00,0.00,0.00,0.00,0.00,0.00,0.00,0.00,0.00,0.00,0.00,0.00,0.00,0.00,0.00,0.00,0.00,516,0.846,432,24,59.96,60.00,60.04
25-Jul-2018 09:30:00,10.000,Y,114.46,115.92,116.50,3.75,3.99,10.15,2.17%,2.15,0.11%,1.42%,0.04%,1.21%,0.03%,0.66%,0.02%,0.69%,0.02%,0.31%,0.02%,0.29%,0.01%,0.31%,0.01%,0.11%,0.01%,0.08%,0.01%,0.15%,0.01%,0.03%,0.01%,0.07%,0.01,1.59,0.01,0.82,0.01,0.66,0.01,0.67,0.01,0.44,0.01,0.33,0.01,0.32,0.01,0.25,0.01,0.17,0.01,0.17,0.01,0.12,0.01,0.09,114.88,116.44,116.98,0.65,0.75,1.30,2.19%,0.33,0.11%,1.35%,0.04%,1.34%,0.03%,0.74%,0.02%,0.55%,0.02%,0.32%,0.02%,0.33%,0.01%,0.21%,0.01%,0.16%,0.01%,0.06%,0.01%,0.08%,0.01%,0.06%,0.01%,0.03%,0.00,0.24,0.00,0.18,0.00,0.12,0.00,0.06,0.00,0.01,0.00,0.03,0.00,0.03,0.00,0.03,0.00,0.01,0.00,0.01,0.00,0.01,0.00,0.01,229.18,231.58,232.54,0.00,0.00,0.00,2.17%,0.00,0.11%,1.39%,0.04%,1.27%,0.03%,0.69%,0.02%,0.62%,0.02%,0.31%,0.01%,0.29%,0.01%,0.26%,0.01%,0.13%,0.01%,0.05%,0.01%,0.11%,0.01%,0.03%,0.01%,0.04%,0.00,0.00,0.00,0.00,0.00,0.00,0.00,0.00,0.00,0.00,0.00,0.00,0.00,0.00,0.00,0.00,0.00,0.00,0.00,0.00,0.00,0.00,0.00,0.00,552,0.843,456,12,59.95,59.99,60.04
25-Jul-2018 09:40:00,10.000,Y,113.62,116.06,117.46,3.48,3.78,9.80,2.21%,1.98,0.15%,1.45%,0.05%,1.22%,0.03%,0.68%,0.03%,0.71%,0.02%,0.31%,0.02%,0.28%,0.02%,0.30%,0.02%,0.11%,0.01%,0.09%,0.01%,0.14%,0.01%,0.02%,0.01%,0.07%,0.02,1.45,0.01,0.74,0.01,0.64,0.01,0.64,0.01,0.39,0.01,0.28,0.01,0.28,0.01,0.21,0.01,0.16,0.01,0.17,0.01,0.12,0.01,0.10,113.98,115.52,116.74,0.60,0.82,1.29,2.21%,0.33,0.15%,1.38%,0.05%,1.34%,0.03%,0.75%,0.03%,0.57%,0.02%,0.30%,0.02%,0.33%,0.02%,0.21%,0.02%,0.15%,0.01%,0.07%,0.01%,0.07%,0.01%,0.07%,0.01%,0.03%,0.00,0.23,0.00,0.19,0.00,0.12,0.00,0.06,0.00,0.01,0.00,0.03,0.00,0.03,0.00,0.02,0.00,0.01,0.00,0.01,0.00,0.01,0.00,0.01,228.66,230.80,232.72,0.00,0.00,0.00,2.20%,0.00,0.15%,1.41%,0.05%,1.28%,0.03%,0.71%,0.03%,0.63%,0.02%,0.30%,0.02%,0.29%,0.02%,0.25%,0.01%,0.13%,0.01%,0.06%,0.01%,0.11%,0.01%,0.04%,0.01%,0.04%,0.00,0.00,0.00,0.00,0.00,0.00,0.00,0.00,0.00,0.00,0.00,0.00,0.00,0.00,0.00,0.00,0.00,0.00,0.00,0.00,0.00,0.00,0.00,0.00,528,0.858,456,24,59.97,60.01,60.08
25-Jul-2018 09:50:00,10.000,Y,115.80,116.86,117.42,3.49,3.70,10.36,2.23%,1.93,0.11%,1.45%,0.04%,1.23%,0.03%,0.69%,0.02%,0.73%,0.02%,0.32%,0.01%,0.28%,0.01%,0.30%,0.01%,0.12%,0.01%,0.07%,0.01%,0.15%,0.01%,0.02%,0.01%,0.07%,0.01,1.41,0.01,0.71,0.01,0.63,0.01,0.64,0.01,0.40,0.01,0.27,0.01,0.27,0.01,0.20,0.01,0.15,0.01,0.16,0.00,0.12,0.00,0.09,113.60,115.12,115.62,0.67,0.77,1.44,2.23%,0.34,0.11%,1.42%,0.04%,1.34%,0.02%,0.73%,0.02%,0.56%,0.02%,0.29%,0.01%,0.34%,0.01%,0.21%,0.01%,0.14%,0.01%,0.07%,0.01%,0.08%,0.01%,0.06%,0.01%,0.03%,0.00,0.25,0.00,0.19,0.00,0.12,0.00,0.06,0.00,0.01,0.00,0.03,0.00,0.04,0.00,0.03,0.00,0.01,0.00,0.01,0.00,0.01,0.00,0.01,229.32,231.20,232.06,0.00,0.00,0.00,2.22%,0.00,0.11%,1.43%,0.04%,1.28%,0.02%,0.71%,0.02%,0.64%,0.02%,0.30%,0.01%,0.30%,0.01%,0.26%,0.01%,0.13%,0.01%,0.06%,0.01%,0.11%,0.01%,0.03%,0.01%,0.04%,0.00,0.00,0.00,0.00,0.00,0.00,0.00,0.00,0.00,0.00,0.00,0.00,0.00,0.00,0.00,0.00,0.00,0.00,0.00,0.00,0.00,0.00,0.00,0.00,516,0.849,444,24,59.94,59.99,60.04
25-Jul-2018 10:00:00,10.000,Y,115.38,116.58,117.44,3.47,3.70,10.14,2.24%,1.93,0.11%,1.49%,0.04%,1.20%,0.03%,0.68%,0.02%,0.74%,0.02%,0.33%,0.01%,0.29%,0.01%,0.31%,0.01%,0.13%,0.01%,0.07%,0.01%,0.15%,0.01%,0.03%,0.01%,0.07%,0.02,1.40,0.01,0.72,0.01,0.64,0.01,0.65,0.01,0.40,0.01,0.27,0.01,0.27,0.01,0.20,0.01,0.15,0.01,0.16,0.01,0.12,0.00,0.09,113.60,115.70,117.16,0.65,0.80,1.35,2.25%,0.34,0.11%,1.45%,0.04%,1.34%,0.02%,0.74%,0.02%,0.56%,0.02%,0.28%,0.01%,0.35%,0.01%,0.22%,0.01%,0.15%,0.01%,0.07%,0.01%,0.08%,0.01%,0.06%,0.01%,0.03%,0.00,0.24,0.00,0.19,0.00,0.12,0.00,0.06,0.00,0.01,0.00,0.03,0.00,0.03,0.00,0.03,0.00,0.01,0.00,0.01,0.00,0.01,0.00,0.01,229.16,231.50,233.30,0.00,0.00,0.00,2.23%,0.00,0.11%,1.47%,0.04%,1.27%,0.02%,0.70%,0.02%,0.65%,0.01%,0.30%,0.01%,0.31%,0.01%,0.26%,0.01%,0.14%,0.01%,0.06%,0.01%,0.11%,0.01%,0.04%,0.01%,0.04%,0.00,0.00,0.00,0.00,0.00,0.00,0.00,0.00,0.00,0.00,0.00,0.00,0.00,0.00,0.00,0.00,0.00,0.00,0.00,0.00,0.00,0.00,0.00,0.00,516,0.850,444,24,59.95,59.99,60.03
25-Jul-2018 10:10:00,10.000,Y,115.76,116.90,117.54,3.39,3.68,10.05,2.22%,1.93,0.12%,1.50%,0.04%,1.16%,0.03%,0.67%,0.02%,0.72%,0.02%,0.32%,0.02%,0.28%,0.01%,0.31%,0.01%,0.14%,0.01%,0.07%,0.01%,0.15%,0.01%,0.03%,0.01%,0.07%,0.02,1.40,0.01,0.72,0.01,0.62,0.01,0.64,0.01,0.41,0.01,0.28,0.01,0.27,0.01,0.21,0.01,0.15,0.01,0.16,0.01,0.12,0.01,0.10,114.56,115.82,116.80,0.67,0.79,1.28,2.25%,0.34,0.12%,1.47%,0.04%,1.30%,0.03%,0.75%,0.02%,0.57%,0.02%,0.26%,0.02%,0.35%,0.02%,0.22%,0.01%,0.16%,0.01%,0.07%,0.01%,0.07%,0.01%,0.07%,0.01%,0.04%,0.00,0.24,0.00,0.19,0.00,0.12,0.00,0.07,0.00,0.01,0.00,0.03,0.00,0.03,0.00,0.02,0.00,0.01,0.00,0.00,0.00,0.01,0.00,0.01,229.56,231.94,233.10,0.00,0.00,0.00,2.22%,0.00,0.12%,1.49%,0.04%,1.23%,0.03%,0.71%,0.02%,0.65%,0.02%,0.29%,0.01%,0.31%,0.01%,0.26%,0.01%,0.14%,0.01%,0.06%,0.01%,0.11%,0.01%,0.04%,0.01%,0.03%,0.00,0.00,0.00,0.00,0.00,0.00,0.00,0.00,0.00,0.00,0.00,0.00,0.00,0.00,0.00,0.00,0.00,0.00,0.00,0.00,0.00,0.00,0.00,0.00,516,0.848,444,24,59.96,60.00,60.04
25-Jul-2018 10:20:00,10.000,Y,114.98,116.46,116.88,3.46,3.66,3.81,2.13%,1.93,0.12%,1.42%,0.05%,1.13%,0.03%,0.64%,0.02%,0.73%,0.02%,0.31%,0.02%,0.27%,0.01%,0.30%,0.01%,0.11%,0.01%,0.06%,0.01%,0.14%,0.01%,0.03%,0.01%,0.06%,0.02,1.40,0.01,0.73,0.01,0.63,0.01,0.65,0.01,0.41,0.01,0.28,0.01,0.28,0.01,0.22,0.01,0.15,0.01,0.16,0.01,0.11,0.00,0.08,114.50,115.84,116.46,0.55,0.75,1.22,2.25%,0.35,0.12%,1.47%,0.05%,1.32%,0.03%,0.73%,0.02%,0.57%,0.02%,0.27%,0.02%,0.34%,0.02%,0.23%,0.01%,0.15%,0.01%,0.07%,0.01%,0.09%,0.01%,0.06%,0.01%,0.04%,0.00,0.25,0.00,0.19,0.00,0.13,0.00,0.07,0.00,0.01,0.00,0.02,0.00,0.03,0.00,0.03,0.00,0.02,0.00,0.00,0.00,0.01,0.00,0.01,228.74,231.52,232.28,0.00,0.00,0.00,2.18%,0.00,0.12%,1.44%,0.05%,1.22%,0.03%,0.67%,0.02%,0.64%,0.02%,0.28%,0.02%,0.30%,0.01%,0.26%,0.01%,0.13%,0.01%,0.05%,0.01%,0.11%,0.01%,0.03%,0.01%,0.03%,0.00,0.00,0.00,0.00,0.00,0.00,0.00,0.00,0.00,0.00,0.00,0.00,0.00,0.00,0.00,0.00,0.00,0.00,0.00,0.00,0.00,0.00,0.00,0.00,504,0.843,432,36,59.97,60.00,60.05
25-Jul-2018 10:30:00,10.000,Y,114.24,116.16,116.96,3.15,3.65,3.83,2.15%,1.93,0.13%,1.44%,0.05%,1.14%,0.03%,0.63%,0.02%,0.73%,0.02%,0.30%,0.02%,0.28%,0.02%,0.29%,0.01%,0.10%,0.01%,0.06%,0.01%,0.14%,0.01%,0.03%,0.01%,0.06%,0.01,1.41,0.01,0.74,0.01,0.61,0.01,0.63,0.01,0.39,0.01,0.27,0.01,0.28,0.01,0.22,0.01,0.15,0.01,0.16,0.01,0.11,0.00,0.08,113.58,115.50,116.66,0.66,0.75,1.29,2.40%,0.36,0.13%,1.61%,0.05%,1.39%,0.03%,0.74%,0.02%,0.60%,0.02%,0.28%,0.02%,0.35%,0.02%,0.21%,0.01%,0.16%,0.01%,0.08%,0.01%,0.10%,0.01%,0.06%,0.01%,0.04%,0.01,0.26,0.01,0.20,0.00,0.13,0.00,0.07,0.00,0.02,0.00,0.03,0.00,0.04,0.00,0.03,0.00,0.02,0.00,0.00,0.00,0.01,0.00,0.01,228.40,230.88,232.04,0.00,0.00,0.00,2.26%,0.00,0.13%,1.52%,0.05%,1.27%,0.03%,0.67%,0.02%,0.66%,0.02%,0.28%,0.02%,0.31%,0.02%,0.25%,0.01%,0.12%,0.01%,0.05%,0.01%,0.12%,0.01%,0.04%,0.01%,0.03%,0.00,0.00,0.00,0.00,0.00,0.00,0.00,0.00,0.00,0.00,0.00,0.00,0.00,0.00,0.00,0.00,0.00,0.00,0.00,0.00,0.00,0.00,0.00,0.00,504,0.843,432,24,59.96,60.00,60.04
25-Jul-2018 10:40:00,10.000,Y,114.38,116.12,116.82,3.47,3.81,10.53,2.16%,2.04,0.10%,1.46%,0.04%,1.12%,0.02%,0.63%,0.02%,0.74%,0.02%,0.31%,0.01%,0.28%,0.01%,0.31%,0.01%,0.12%,0.01%,0.06%,0.01%,0.14%,0.01%,0.03%,0.01%,0.05%,0.01,1.50,0.01,0.78,0.01,0.63,0.01,0.65,0.01,0.42,0.01,0.29,0.01,0.30,0.01,0.23,0.01,0.15,0.01,0.16,0.00,0.11,0.00,0.08,114.22,115.50,116.28,0.65,0.76,1.22,2.28%,0.35,0.10%,1.50%,0.04%,1.33%,0.02%,0.73%,0.02%,0.58%,0.02%,0.29%,0.02%,0.35%,0.01%,0.22%,0.01%,0.17%,0.01%,0.08%,0.01%,0.09%,0.01%,0.07%,0.01%,0.04%,0.00,0.25,0.00,0.19,0.00,0.13,0.00,0.07,0.00,0.01,0.00,0.03,0.00,0.04,0.00,0.03,0.00,0.02,0.00,0.00,0.00,0.01,0.00,0.01,229.30,230.86,231.92,0.00,0.00,0.00,2.21%,0.00,0.10%,1.48%,0.04%,1.23%,0.02%,0.67%,0.02%,0.66%,0.02%,0.29%,0.01%,0.30%,0.01%,0.26%,0.01%,0.14%,0.01%,0.06%,0.01%,0.11%,0.01%,0.04%,0.01%,0.03%,0.00,0.00,0.00,0.00,0.00,0.00,0.00,0.00,0.00,0.00,0.00,0.00,0.00,0.00,0.00,0.00,0.00,0.00,0.00,0.00,0.00,0.00,0.00,0.00,528,0.845,444,24,59.96,59.99,60.03
25-Jul-2018 10:50:00,10.000,Y,114.74,116.12,116.56,3.73,3.94,10.37,2.19%,2.14,0.12%,1.51%,0.04%,1.12%,0.03%,0.62%,0.02%,0.74%,0.02%,0.31%,0.02%,0.27%,0.02%,0.31%,0.01%,0.12%,0.01%,0.07%,0.01%,0.14%,0.01%,0.03%,0.01%,0.05%,0.01,1.57,0.01,0.84,0.01,0.66,0.01,0.68,0.01,0.44,0.01,0.32,0.01,0.32,0.01,0.24,0.01,0.16,0.01,0.16,0.01,0.12,0.00,0.08,114.08,115.28,115.86,0.65,0.76,1.25,2.28%,0.35,0.12%,1.52%,0.05%,1.32%,0.03%,0.71%,0.02%,0.58%,0.02%,0.29%,0.02%,0.34%,0.02%,0.22%,0.01%,0.17%,0.01%,0.08%,0.01%,0.08%,0.01%,0.07%,0.01%,0.04%,0.00,0.25,0.00,0.19,0.00,0.13,0.00,0.07,0.00,0.01,0.00,0.03,0.00,0.04,0.00,0.03,0.00,0.02,0.00,0.00,0.00,0.01,0.00,0.01,228.28,230.60,231.54,0.00,0.00,0.00,2.22%,0.00,0.12%,1.51%,0.05%,1.22%,0.03%,0.65%,0.02%,0.65%,0.02%,0.29%,0.02%,0.29%,0.01%,0.26%,0.01%,0.14%,0.01%,0.05%,0.01%,0.11%,0.01%,0.04%,0.01%,0.03%,0.00,0.00,0.00,0.00,0.00,0.00,0.00,0.00,0.00,0.00,0.00,0.00,0.00,0.00,0.00,0.00,0.00,0.00,0.00,0.00,0.00,0.00,0.00,0.00,540,0.836,456,12,59.95,60.00,60.06
25-Jul-2018 11:00:00,10.000,Y,114.92,116.32,117.10,3.76,3.94,9.47,2.22%,2.16,0.12%,1.54%,0.05%,1.11%,0.03%,0.64%,0.02%,0.77%,0.02%,0.31%,0.02%,0.26%,0.02%,0.31%,0.01%,0.12%,0.01%,0.07%,0.01%,0.13%,0.01%,0.03%,0.01%,0.05%,0.01,1.57,0.01,0.84,0.01,0.68,0.01,0.70,0.01,0.45,0.01,0.32,0.01,0.31,0.01,0.24,0.01,0.15,0.01,0.15,0.01,0.11,0.01,0.08,113.54,115.12,115.90,0.65,0.76,1.24,2.33%,0.34,0.13%,1.55%,0.05%,1.32%,0.03%,0.76%,0.02%,0.61%,0.02%,0.28%,0.02%,0.34%,0.02%,0.22%,0.01%,0.16%,0.01%,0.08%,0.01%,0.08%,0.01%,0.08%,0.01%,0.03%,0.00,0.25,0.00,0.19,0.00,0.12,0.00,0.06,0.00,0.01,0.00,0.03,0.00,0.04,0.00,0.03,0.00,0.01,0.00,0.00,0.00,0.01,0.00,0.01,227.78,230.66,231.60,0.00,0.00,0.00,2.26%,0.00,0.13%,1.54%,0.05%,1.22%,0.03%,0.69%,0.02%,0.69%,0.02%,0.29%,0.02%,0.29%,0.02%,0.26%,0.01%,0.14%,0.01%,0.05%,0.01%,0.11%,0.01%,0.05%,0.01%,0.03%,0.00,0.00,0.00,0.00,0.00,0.00,0.00,0.00,0.00,0.00,0.00,0.00,0.00,0.00,0.00,0.00,0.00,0.00,0.00,0.00,0.00,0.00,0.00,0.00,540,0.835,456,12,59.96,60.00,60.05
25-Jul-2018 11:10:00,10.000,Y,114.98,116.34,117.00,3.75,3.94,4.12,2.24%,2.17,0.12%,1.55%,0.04%,1.12%,0.03%,0.65%,0.02%,0.77%,0.02%,0.31%,0.02%,0.28%,0.01%,0.31%,0.01%,0.11%,0.01%,0.07%,0.01%,0.14%,0.01%,0.03%,0.01%,0.05%,0.01,1.57,0.01,0.84,0.01,0.69,0.01,0.71,0.01,0.46,0.01,0.32,0.01,0.32,0.01,0.24,0.01,0.15,0.01,0.16,0.01,0.11,0.00,0.08,113.10,114.72,115.42,0.65,0.75,1.22,2.32%,0.35,0.13%,1.55%,0.04%,1.32%,0.03%,0.76%,0.02%,0.60%,0.02%,0.27%,0.02%,0.33%,0.01%,0.21%,0.01%,0.15%,0.01%,0.07%,0.01%,0.08%,0.01%,0.07%,0.01%,0.04%,0.00,0.25,0.00,0.19,0.00,0.12,0.00,0.06,0.00,0.02,0.00,0.03,0.00,0.04,0.00,0.03,0.00,0.01,0.00,0.00,0.00,0.01,0.00,0.01,227.38,230.28,231.64,0.00,0.00,0.00,2.27%,0.00,0.12%,1.55%,0.04%,1.22%,0.03%,0.70%,0.02%,0.68%,0.02%,0.28%,0.02%,0.30%,0.01%,0.26%,0.01%,0.13%,0.01%,0.05%,0.01%,0.11%,0.01%,0.05%,0.01%,0.03%,0.00,0.00,0.00,0.00,0.00,0.00,0.00,0.00,0.00,0.00,0.00,0.00,0.00,0.00,0.00,0.00,0.00,0.00,0.00,0.00,0.00,0.00,0.00,0.00,540,0.834,456,12,59.96,60.00,60.05
25-Jul-2018 11:20:00,10.000,Y,114.28,115.72,116.36,3.70,3.90,4.04,2.34%,2.13,0.13%,1.64%,0.05%,1.18%,0.03%,0.69%,0.03%,0.75%,0.02%,0.30%,0.02%,0.29%,0.02%,0.32%,0.01%,0.12%,0.01%,0.07%,0.01%,0.15%,0.01%,0.03%,0.01%,0.05%,0.01,1.53,0.01,0.80,0.01,0.68,0.01,0.71,0.01,0.46,0.01,0.34,0.01,0.33,0.01,0.24,0.01,0.16,0.01,0.16,0.01,0.11,0.01,0.08,113.52,114.94,115.48,0.65,0.76,1.36,2.36%,0.35,0.13%,1.61%,0.05%,1.35%,0.03%,0.74%,0.03%,0.56%,0.02%,0.27%,0.02%,0.34%,0.02%,0.21%,0.01%,0.15%,0.01%,0.07%,0.01%,0.08%,0.01%,0.07%,0.01%,0.04%,0.00,0.25,0.00,0.19,0.00,0.12,0.00,0.06,0.00,0.01,0.00,0.03,0.00,0.04,0.00,0.03,0.00,0.01,0.00,0.00,0.00,0.01,0.00,0.01,227.42,229.88,231.02,0.00,0.00,0.00,2.34%,0.00,0.13%,1.62%,0.05%,1.26%,0.03%,0.70%,0.03%,0.66%,0.02%,0.27%,0.02%,0.30%,0.02%,0.26%,0.01%,0.13%,0.01%,0.05%,0.01%,0.11%,0.01%,0.05%,0.01%,0.02%,0.00,0.00,0.00,0.00,0.00,0.00,0.00,0.00,0.00,0.00,0.00,0.00,0.00,0.00,0.00,0.00,0.00,0.00,0.00,0.00,0.00,0.00,0.00,0.00,540,0.835,444,24,59.96,60.00,60.04
25-Jul-2018 11:30:00,10.000,Y,114.00,115.32,115.74,3.70,3.92,10.59,2.39%,2.12,0.12%,1.69%,0.04%,1.20%,0.03%,0.70%,0.02%,0.76%,0.02%,0.28%,0.02%,0.29%,0.01%,0.31%,0.01%,0.12%,0.01%,0.07%,0.01%,0.15%,0.01%,0.02%,0.01%,0.07%,0.01,1.53,0.01,0.79,0.01,0.69,0.01,0.71,0.01,0.45,0.01,0.32,0.01,0.31,0.01,0.22,0.01,0.15,0.01,0.16,0.01,0.12,0.01,0.09,113.26,114.70,115.12,0.67,0.76,1.27,2.38%,0.35,0.12%,1.65%,0.04%,1.34%,0.03%,0.75%,0.02%,0.57%,0.02%,0.27%,0.02%,0.33%,0.01%,0.21%,0.01%,0.14%,0.01%,0.06%,0.01%,0.09%,0.01%,0.07%,0.01%,0.03%,0.00,0.25,0.00,0.19,0.00,0.12,0.00,0.06,0.00,0.01,0.00,0.03,0.00,0.04,0.00,0.03,0.00,0.02,0.00,0.00,0.00,0.01,0.00,0.01,226.72,229.22,229.92,0.00,0.00,0.00,2.38%,0.00,0.12%,1.67%,0.04%,1.27%,0.03%,0.72%,0.02%,0.66%,0.02%,0.27%,0.01%,0.30%,0.01%,0.26%,0.01%,0.13%,0.01%,0.05%,0.01%,0.12%,0.01%,0.04%,0.01%,0.03%,0.00,0.00,0.00,0.00,0.00,0.00,0.00,0.00,0.00,0.00,0.00,0.00,0.00,0.00,0.00,0.00,0.00,0.00,0.00,0.00,0.00,0.00,0.00,0.00,540,0.838,444,12,59.95,60.00,60.03
25-Jul-2018 11:40:00,10.000,Y,114.34,115.58,116.06,3.69,3.90,10.57,2.44%,2.12,0.13%,1.72%,0.05%,1.23%,0.03%,0.75%,0.03%,0.77%,0.02%,0.29%,0.02%,0.29%,0.02%,0.32%,0.01%,0.13%,0.01%,0.07%,0.01%,0.15%,0.01%,0.03%,0.01%,0.06%,0.02,1.52,0.01,0.78,0.01,0.70,0.01,0.73,0.01,0.48,0.01,0.33,0.01,0.31,0.01,0.22,0.01,0.14,0.01,0.16,0.01,0.12,0.01,0.09,112.82,114.34,115.02,0.67,0.75,1.26,2.45%,0.35,0.14%,1.69%,0.05%,1.36%,0.03%,0.80%,0.03%,0.60%,0.02%,0.27%,0.02%,0.34%,0.02%,0.21%,0.01%,0.15%,0.01%,0.07%,0.01%,0.08%,0.01%,0.09%,0.01%,0.04%,0.00,0.25,0.00,0.19,0.00,0.12,0.00,0.06,0.00,0.02,0.00,0.03,0.00,0.04,0.00,0.03,0.00,0.02,0.00,0.00,0.00,0.01,0.00,0.01,227.64,229.16,230.00,0.00,0.00,0.00,2.44%,0.00,0.13%,1.70%,0.05%,1.29%,0.03%,0.77%,0.03%,0.68%,0.02%,0.27%,0.02%,0.30%,0.02%,0.27%,0.01%,0.14%,0.01%,0.05%,0.01%,0.11%,0.01%,0.06%,0.01%,0.03%,0.00,0.00,0.00,0.00,0.00,0.00,0.00,0.00,0.00,0.00,0.00,0.00,0.00,0.00,0.00,0.00,0.00,0.00,0.00,0.00,0.00,0.00,0.00,0.00,540,0.837,444,24,59.96,60.00,60.04
25-Jul-2018 11:50:00,10.000,Y,114.32,115.30,115.96,3.71,3.93,10.68,2.45%,2.12,0.11%,1.73%,0.04%,1.23%,0.02%,0.73%,0.02%,0.77%,0.02%,0.29%,0.02%,0.31%,0.02%,0.33%,0.01%,0.12%,0.01%,0.09%,0.01%,0.15%,0.01%,0.02%,0.01%,0.07%,0.01,1.52,0.01,0.78,0.01,0.70,0.01,0.73,0.01,0.46,0.01,0.33,0.01,0.32,0.01,0.22,0.01,0.15,0.01,0.16,0.01,0.11,0.00,0.09,113.54,114.48,114.94,0.67,0.76,1.25,2.46%,0.35,0.11%,1.71%,0.04%,1.37%,0.03%,0.77%,0.02%,0.58%,0.02%,0.27%,0.01%,0.34%,0.01%,0.21%,0.01%,0.15%,0.01%,0.07%,0.01%,0.08%,0.01%,0.08%,0.01%,0.03%,0.00,0.25,0.00,0.19,0.00,0.12,0.00,0.06,0.00,0.02,0.00,0.03,0.00,0.04,0.00,0.03,0.00,0.02,0.00,0.00,0.00,0.01,0.00,0.01,227.54,229.02,230.00,0.00,0.00,0.00,2.44%,0.00,0.11%,1.72%,0.04%,1.30%,0.02%,0.74%,0.02%,0.67%,0.02%,0.27%,0.01%,0.31%,0.01%,0.27%,0.01%,0.14%,0.01%,0.07%,0.01%,0.11%,0.01%,0.05%,0.01%,0.03%,0.00,0.00,0.00,0.00,0.00,0.00,0.00,0.00,0.00,0.00,0.00,0.00,0.00,0.00,0.00,0.00,0.00,0.00,0.00,0.00,0.00,0.00,0.00,0.00,540,0.839,444,12,59.95,59.99,60.05
25-Jul-2018 12:00:00,10.000,Y,114.52,115.72,116.26,3.72,3.90,4.04,2.49%,2.12,0.12%,1.75%,0.05%,1.28%,0.03%,0.72%,0.02%,0.78%,0.02%,0.28%,0.02%,0.31%,0.02%,0.33%,0.01%,0.12%,0.01%,0.10%,0.01%,0.15%,0.01%,0.02%,0.01%,0.07%,0.02,1.51,0.01,0.77,0.01,0.71,0.01,0.74,0.01,0.47,0.01,0.33,0.01,0.32,0.01,0.23,0.01,0.15,0.01,0.16,0.01,0.11,0.01,0.09,113.02,114.26,115.20,0.68,0.78,1.36,2.52%,0.37,0.12%,1.78%,0.05%,1.42%,0.03%,0.73%,0.02%,0.57%,0.02%,0.26%,0.02%,0.34%,0.02%,0.20%,0.01%,0.16%,0.01%,0.07%,0.01%,0.07%,0.01%,0.07%,0.01%,0.03%,0.01,0.27,0.00,0.20,0.00,0.13,0.00,0.07,0.00,0.02,0.00,0.03,0.00,0.04,0.00,0.03,0.00,0.02,0.00,0.00,0.00,0.01,0.00,0.01,227.92,229.22,230.08,0.00,0.00,0.00,2.49%,0.00,0.12%,1.76%,0.05%,1.35%,0.03%,0.72%,0.02%,0.67%,0.02%,0.26%,0.02%,0.31%,0.02%,0.27%,0.01%,0.13%,0.01%,0.07%,0.01%,0.11%,0.01%,0.04%,0.01%,0.03%,0.00,0.00,0.00,0.00,0.00,0.00,0.00,0.00,0.00,0.00,0.00,0.00,0.00,0.00,0.00,0.00,0.00,0.00,0.00,0.00,0.00,0.00,0.00,0.00,540,0.836,456,12,59.95,60.00,60.04
25-Jul-2018 12:10:00,10.000,Y,112.58,115.68,116.58,3.70,3.92,9.40,2.55%,2.10,0.13%,1.78%,0.05%,1.34%,0.03%,0.75%,0.02%,0.78%,0.02%,0.26%,0.02%,0.34%,0.02%,0.34%,0.01%,0.13%,0.01%,0.11%,0.01%,0.16%,0.01%,0.02%,0.01%,0.07%,0.01,1.50,0.01,0.76,0.01,0.71,0.01,0.72,0.01,0.46,0.01,0.35,0.01,0.33,0.01,0.22,0.01,0.15,0.01,0.16,0.01,0.11,0.01,0.09,111.70,114.92,115.78,0.65,0.77,1.56,2.49%,0.35,0.13%,1.71%,0.05%,1.42%,0.03%,0.77%,0.02%,0.60%,0.02%,0.28%,0.02%,0.34%,0.02%,0.20%,0.02%,0.17%,0.01%,0.07%,0.01%,0.08%,0.01%,0.07%,0.01%,0.03%,0.00,0.26,0.00,0.19,0.00,0.12,0.00,0.06,0.00,0.02,0.00,0.03,0.00,0.04,0.00,0.03,0.00,0.01,0.00,0.00,0.00,0.01,0.00,0.01,223.52,229.82,231.60,0.00,0.00,0.00,2.51%,0.00,0.13%,1.74%,0.05%,1.38%,0.03%,0.75%,0.02%,0.69%,0.02%,0.26%,0.02%,0.32%,0.02%,0.27%,0.01%,0.15%,0.01%,0.07%,0.01%,0.12%,0.01%,0.05%,0.01%,0.04%,0.00,0.00,0.00,0.00,0.00,0.00,0.00,0.00,0.00,0.00,0.00,0.00,0.00,0.00,0.00,0.00,0.00,0.00,0.00,0.00,0.00,0.00,0.00,0.00,540,0.839,456,24,59.94,60.00,60.05
25-Jul-2018 12:20:00,10.000,Y,114.20,115.86,116.46,3.69,3.86,4.06,2.64%,2.08,0.11%,1.83%,0.04%,1.39%,0.03%,0.80%,0.02%,0.78%,0.02%,0.28%,0.01%,0.35%,0.01%,0.36%,0.01%,0.14%,0.01%,0.11%,0.01%,0.17%,0.01%,0.04%,0.01%,0.08%,0.01,1.47,0.01,0.74,0.01,0.70,0.01,0.73,0.01,0.46,0.01,0.35,0.01,0.34,0.01,0.22,0.01,0.15,0.01,0.16,0.01,0.11,0.00,0.09,113.36,114.94,115.96,0.66,0.76,1.22,2.53%,0.35,0.11%,1.77%,0.04%,1.41%,0.02%,0.75%,0.02%,0.61%,0.02%,0.31%,0.01%,0.35%,0.01%,0.21%,0.01%,0.17%,0.01%,0.08%,0.01%,0.08%,0.01%,0.07%,0.01%,0.03%,0.00,0.25,0.00,0.19,0.00,0.12,0.00,0.06,0.00,0.02,0.00,0.03,0.00,0.04,0.00,0.03,0.00,0.01,0.00,0.01,0.00,0.01,0.00,0.01,227.52,230.04,231.22,0.00,0.00,0.00,2.57%,0.00,0.11%,1.80%,0.04%,1.40%,0.03%,0.77%,0.02%,0.69%,0.02%,0.29%,0.01%,0.33%,0.01%,0.28%,0.01%,0.15%,0.01%,0.08%,0.01%,0.12%,0.01%,0.06%,0.01%,0.04%,0.00,0.00,0.00,0.00,0.00,0.00,0.00,0.00,0.00,0.00,0.00,0.00,0.00,0.00,0.00,0.00,0.00,0.00,0.00,0.00,0.00,0.00,0.00,0.00,528,0.840,444,24,59.95,59.99,60.04
25-Jul-2018 12:30:00,10.000,Y,114.84,115.92,116.38,3.74,4.15,5.09,2.63%,2.31,0.14%,1.81%,0.05%,1.37%,0.03%,0.79%,0.03%,0.81%,0.02%,0.30%,0.02%,0.36%,0.02%,0.38%,0.02%,0.14%,0.01%,0.12%,0.01%,0.18%,0.01%,0.04%,0.01%,0.08%,0.02,1.62,0.01,0.83,0.01,0.79,0.01,0.81,0.01,0.53,0.01,0.40,0.01,0.38,0.01,0.26,0.01,0.17,0.01,0.17,0.01,0.11,0.01,0.08,113.68,115.04,116.26,0.67,0.77,1.30,2.49%,0.34,0.14%,1.70%,0.05%,1.41%,0.03%,0.76%,0.03%,0.61%,0.02%,0.33%,0.02%,0.36%,0.02%,0.20%,0.02%,0.17%,0.01%,0.10%,0.01%,0.08%,0.01%,0.06%,0.01%,0.03%,0.00,0.25,0.00,0.18,0.00,0.11,0.00,0.05,0.00,0.02,0.00,0.04,0.00,0.04,0.00,0.02,0.00,0.01,0.00,0.01,0.00,0.01,0.00,0.01,228.28,230.18,231.58,0.00,0.00,0.00,2.54%,0.00,0.14%,1.76%,0.05%,1.39%,0.03%,0.77%,0.03%,0.71%,0.02%,0.30%,0.02%,0.34%,0.01%,0.29%,0.01%,0.15%,0.01%,0.09%,0.01%,0.13%,0.01%,0.05%,0.01%,0.04%,0.00,0.00,0.00,0.00,0.00,0.00,0.00,0.00,0.00,0.00,0.00,0.00,0.00,0.00,0.00,0.00,0.00,0.00,0.00,0.00,0.00,0.00,0.00,0.00,564,0.832,468,12,59.96,60.01,60.06
25-Jul-2018 12:40:00,10.000,Y,115.00,116.26,116.84,3.70,3.94,4.84,2.62%,2.14,0.14%,1.80%,0.05%,1.36%,0.03%,0.79%,0.03%,0.79%,0.02%,0.31%,0.02%,0.37%,0.02%,0.38%,0.01%,0.14%,0.01%,0.13%,0.01%,0.19%,0.01%,0.05%,0.01%,0.08%,0.02,1.51,0.01,0.76,0.01,0.73,0.01,0.75,0.01,0.48,0.01,0.38,0.01,0.36,0.01,0.25,0.01,0.17,0.01,0.17,0.01,0.11,0.01,0.08,114.96,116.08,116.58,0.51,0.74,1.28,2.53%,0.33,0.14%,1.74%,0.05%,1.42%,0.03%,0.77%,0.03%,0.62%,0.02%,0.32%,0.02%,0.37%,0.02%,0.21%,0.01%,0.17%,0.01%,0.12%,0.01%,0.09%,0.01%,0.07%,0.01%,0.04%,0.00,0.24,0.00,0.18,0.00,0.11,0.00,0.05,0.00,0.02,0.00,0.04,0.00,0.04,0.00,0.02,0.00,0.01,0.00,0.01,0.00,0.01,0.00,0.01,229.96,231.56,232.44,0.00,0.00,0.00,2.56%,0.00,0.14%,1.77%,0.05%,1.39%,0.03%,0.77%,0.03%,0.71%,0.02%,0.31%,0.02%,0.35%,0.02%,0.29%,0.01%,0.15%,0.01%,0.10%,0.01%,0.13%,0.01%,0.06%,0.01%,0.04%,0.00,0.00,0.00,0.00,0.00,0.00,0.00,0.00,0.00,0.00,0.00,0.00,0.00,0.00,0.00,0.00,0.00,0.00,0.00,0.00,0.00,0.00,0.00,0.00,540,0.838,456,24,59.96,60.01,60.05
25-Jul-2018 12:50:00,10.000,Y,114.98,116.34,116.80,3.42,3.68,4.02,2.53%,1.94,0.11%,1.75%,0.04%,1.34%,0.03%,0.75%,0.03%,0.76%,0.02%,0.29%,0.02%,0.35%,0.01%,0.36%,0.01%,0.13%,0.01%,0.10%,0.01%,0.17%,0.01%,0.04%,0.01%,0.07%,0.01,1.38,0.01,0.71,0.01,0.65,0.01,0.66,0.01,0.42,0.01,0.33,0.01,0.33,0.01,0.23,0.01,0.15,0.01,0.15,0.00,0.10,0.00,0.07,115.08,116.38,116.92,0.65,0.74,1.26,2.53%,0.34,0.11%,1.74%,0.04%,1.41%,0.03%,0.77%,0.02%,0.64%,0.02%,0.31%,0.02%,0.38%,0.01%,0.22%,0.01%,0.16%,0.01%,0.13%,0.01%,0.09%,0.01%,0.07%,0.01%,0.05%,0.00,0.24,0.00,0.18,0.00,0.11,0.00,0.05,0.00,0.02,0.00,0.04,0.00,0.04,0.00,0.02,0.00,0.01,0.00,0.01,0.00,0.01,0.00,0.01,229.30,231.94,232.78,0.00,0.00,0.00,2.52%,0.00,0.11%,1.74%,0.04%,1.37%,0.03%,0.75%,0.03%,0.70%,0.02%,0.30%,0.02%,0.35%,0.01%,0.29%,0.01%,0.14%,0.01%,0.09%,0.01%,0.13%,0.01%,0.05%,0.01%,0.04%,0.00,0.00,0.00,0.00,0.00,0.00,0.00,0.00,0.00,0.00,0.00,0.00,0.00,0.00,0.00,0.00,0.00,0.00,0.00,0.00,0.00,0.00,0.00,0.00,516,0.844,432,36,59.94,59.99,60.03
25-Jul-2018 13:00:00,10.000,Y,115.04,116.24,116.78,3.39,3.57,3.69,2.54%,1.85,0.13%,1.75%,0.05%,1.35%,0.03%,0.74%,0.03%,0.77%,0.02%,0.30%,0.02%,0.35%,0.02%,0.36%,0.01%,0.14%,0.01%,0.11%,0.01%,0.17%,0.01%,0.04%,0.01%,0.07%,0.01,1.31,0.01,0.68,0.01,0.62,0.01,0.63,0.01,0.40,0.01,0.31,0.01,0.31,0.01,0.22,0.01,0.14,0.01,0.14,0.01,0.10,0.00,0.07,115.20,116.36,116.78,0.65,0.74,1.37,2.50%,0.34,0.13%,1.71%,0.05%,1.41%,0.03%,0.77%,0.03%,0.63%,0.02%,0.30%,0.02%,0.38%,0.02%,0.23%,0.01%,0.15%,0.01%,0.13%,0.01%,0.08%,0.01%,0.07%,0.01%,0.04%,0.00,0.25,0.00,0.18,0.00,0.12,0.00,0.06,0.00,0.02,0.00,0.03,0.00,0.04,0.00,0.03,0.00,0.01,0.00,0.01,0.00,0.01,0.00,0.01,229.62,231.82,232.66,0.00,0.00,0.00,2.51%,0.00,0.13%,1.73%,0.05%,1.38%,0.03%,0.75%,0.03%,0.70%,0.02%,0.30%,0.02%,0.35%,0.01%,0.29%,0.01%,0.14%,0.01%,0.09%,0.01%,0.12%,0.01%,0.05%,0.01%,0.04%,0.00,0.00,0.00,0.00,0.00,0.00,0.00,0.00,0.00,0.00,0.00,0.00,0.00,0.00,0.00,0.00,0.00,0.00,0.00,0.00,0.00,0.00,0.00,0.00,492,0.847,420,36,59.96,60.00,60.04
25-Jul-2018 13:10:00,10.000,Y,115.64,116.82,117.24,0.97,2.41,9.62,2.49%,1.10,0.12%,1.68%,0.04%,1.36%,0.03%,0.76%,0.02%,0.73%,0.02%,0.30%,0.02%,0.35%,0.01%,0.32%,0.01%,0.14%,0.01%,0.09%,0.01%,0.13%,0.01%,0.06%,0.01%,0.05%,0.01,0.77,0.01,0.41,0.00,0.35,0.01,0.39,0.01,0.26,0.01,0.19,0.01,0.18,0.01,0.13,0.00,0.08,0.00,0.08,0.00,0.06,0.00,0.04,115.38,116.42,117.02,0.24,0.36,1.29,2.47%,0.17,0.12%,1.70%,0.04%,1.38%,0.02%,0.73%,0.02%,0.64%,0.02%,0.30%,0.02%,0.38%,0.01%,0.24%,0.01%,0.14%,0.01%,0.12%,0.01%,0.09%,0.01%,0.06%,0.01%,0.04%,0.00,0.13,0.00,0.09,0.00,0.06,0.00,0.03,0.00,0.01,0.00,0.02,0.00,0.02,0.00,0.01,0.00,0.01,0.00,0.00,0.00,0.00,0.00,0.01,231.24,232.44,233.14,0.00,0.00,0.00,2.47%,0.00,0.12%,1.69%,0.04%,1.37%,0.02%,0.74%,0.02%,0.69%,0.02%,0.30%,0.02%,0.36%,0.01%,0.28%,0.01%,0.14%,0.01%,0.09%,0.01%,0.11%,0.01%,0.06%,0.01%,0.04%,0.00,0.00,0.00,0.00,0.00,0.00,0.00,0.00,0.00,0.00,0.00,0.00,0.00,0.00,0.00,0.00,0.00,0.00,0.00,0.00,0.00,0.00,0.00,0.00,324,0.781,264,60,59.95,60.00,60.04
25-Jul-2018 13:20:00,10.000,Y,115.86,116.92,117.26,0.96,1.05,1.11,2.46%,0.16,0.13%,1.65%,0.05%,1.41%,0.04%,0.75%,0.03%,0.67%,0.03%,0.29%,0.02%,0.36%,0.01%,0.26%,0.01%,0.15%,0.01%,0.08%,0.01%,0.09%,0.01%,0.07%,0.01%,0.04%,0.01,0.11,0.00,0.07,0.00,0.02,0.00,0.07,0.00,0.05,0.00,0.04,0.00,0.01,0.00,0.01,0.00,0.01,0.00,0.01,0.00,0.00,0.00,0.00,115.60,116.80,117.42,0.00,0.00,0.35,2.50%,0.00,0.13%,1.76%,0.05%,1.39%,0.04%,0.66%,0.03%,0.67%,0.02%,0.31%,0.02%,0.38%,0.02%,0.25%,0.02%,0.15%,0.01%,0.10%,0.01%,0.10%,0.01%,0.06%,0.01%,0.03%,0.00,0.00,0.00,0.00,0.00,0.00,0.00,0.00,0.00,0.00,0.00,0.00,0.00,0.00,0.00,0.00,0.00,0.00,0.00,0.00,0.00,0.00,0.00,0.00,231.08,232.94,233.78,0.00,0.00,0.00,2.48%,0.00,0.13%,1.70%,0.05%,1.40%,0.04%,0.70%,0.03%,0.67%,0.03%,0.30%,0.02%,0.36%,0.01%,0.25%,0.01%,0.15%,0.01%,0.09%,0.01%,0.09%,0.01%,0.07%,0.01%,0.03%,0.00,0.00,0.00,0.00,0.00,0.00,0.00,0.00,0.00,0.00,0.00,0.00,0.00,0.00,0.00,0.00,0.00,0.00,0.00,0.00,0.00,0.00,0.00,0.00,120,0.701,84,84,59.96,60.00,60.05
25-Jul-2018 13:30:00,10.000,Y,115.16,116.84,117.36,0.96,1.05,1.12,2.48%,0.16,0.09%,1.64%,0.04%,1.43%,0.03%,0.77%,0.02%,0.69%,0.02%,0.29%,0.01%,0.36%,0.01%,0.27%,0.01%,0.15%,0.01%,0.09%,0.01%,0.10%,0.01%,0.07%,0.01%,0.04%,0.01,0.11,0.00,0.07,0.00,0.02,0.00,0.07,0.00,0.05,0.00,0.04,0.00,0.01,0.00,0.01,0.00,0.01,0.00,0.01,0.00,0.00,0.00,0.00,115.24,116.90,117.40,0.00,0.00,0.38,2.45%,0.00,0.09%,1.70%,0.04%,1.37%,0.03%,0.66%,0.02%,0.68%,0.02%,0.32%,0.01%,0.39%,0.01%,0.24%,0.01%,0.15%,0.01%,0.12%,0.01%,0.09%,0.01%,0.06%,0.01%,0.03%,0.00,0.00,0.00,0.00,0.00,0.00,0.00,0.00,0.00,0.00,0.00,0.00,0.00,0.00,0.00,0.00,0.00,0.00,0.00,0.00,0.00,0.00,0.00,0.00,229.62,232.96,233.92,0.00,0.00,0.00,2.46%,0.00,0.09%,1.67%,0.04%,1.40%,0.03%,0.71%,0.02%,0.69%,0.02%,0.30%,0.01%,0.37%,0.01%,0.26%,0.01%,0.15%,0.01%,0.10%,0.01%,0.09%,0.01%,0.07%,0.01%,0.03%,0.00,0.00,0.00,0.00,0.00,0.00,0.00,0.00,0.00,0.00,0.00,0.00,0.00,0.00,0.00,0.00,0.00,0.00,0.00,0.00,0.00,0.00,0.00,0.00,120,0.700,84,84,59.90,59.98,60.05
25-Jul-2018 13:40:00,10.000,Y,115.96,117.06,117.46,0.96,1.05,1.11,2.50%,0.16,0.13%,1.63%,0.05%,1.45%,0.03%,0.77%,0.03%,0.70%,0.02%,0.30%,0.02%,0.36%,0.02%,0.28%,0.01%,0.15%,0.01%,0.09%,0.01%,0.11%,0.01%,0.07%,0.01%,0.05%,0.01,0.11,0.00,0.07,0.00,0.02,0.00,0.07,0.00,0.05,0.00,0.04,0.00,0.01,0.00,0.01,0.00,0.01,0.00,0.01,0.00,0.00,0.00,0.00,115.46,116.64,117.48,0.00,0.00,0.48,2.51%,0.00,0.14%,1.70%,0.05%,1.44%,0.03%,0.70%,0.03%,0.67%,0.02%,0.32%,0.02%,0.38%,0.02%,0.28%,0.01%,0.15%,0.01%,0.09%,0.01%,0.11%,0.01%,0.07%,0.01%,0.04%,0.00,0.00,0.00,0.00,0.00,0.00,0.00,0.00,0.00,0.00,0.00,0.00,0.00,0.00,0.00,0.00,0.00,0.00,0.00,0.00,0.00,0.00,0.00,0.00,231.06,232.92,234.00,0.00,0.00,0.00,2.50%,0.00,0.14%,1.66%,0.05%,1.44%,0.03%,0.74%,0.03%,0.68%,0.02%,0.31%,0.02%,0.37%,0.02%,0.28%,0.01%,0.15%,0.01%,0.09%,0.01%,0.11%,0.01%,0.07%,0.01%,0.04%,0.00,0.00,0.00,0.00,0.00,0.00,0.00,0.00,0.00,0.00,0.00,0.00,0.00,0.00,0.00,0.00,0.00,0.00,0.00,0.00,0.00,0.00,0.00,0.00,120,0.699,84,84,59.96,60.00,60.06
25-Jul-2018 13:50:00,10.000,Y,116.16,117.28,117.68,0.97,1.05,1.13,2.54%,0.16,0.12%,1.68%,0.05%,1.46%,0.03%,0.77%,0.03%,0.72%,0.02%,0.30%,0.02%,0.38%,0.01%,0.29%,0.01%,0.16%,0.01%,0.10%,0.01%,0.11%,0.01%,0.07%,0.01%,0.05%,0.01,0.11,0.00,0.07,0.00,0.01,0.00,0.07,0.00,0.05,0.00,0.03,0.00,0.01,0.00,0.01,0.00,0.01,0.00,0.01,0.00,0.00,0.00,0.00,115.88,117.26,117.76,0.00,0.00,0.35,2.53%,0.00,0.12%,1.70%,0.05%,1.46%,0.03%,0.73%,0.03%,0.69%,0.02%,0.31%,0.02%,0.38%,0.01%,0.28%,0.01%,0.17%,0.01%,0.09%,0.01%,0.11%,0.01%,0.06%,0.01%,0.04%,0.00,0.00,0.00,0.00,0.00,0.00,0.00,0.00,0.00,0.00,0.00,0.00,0.00,0.00,0.00,0.00,0.00,0.00,0.00,0.00,0.00,0.00,0.00,0.00,231.66,233.74,234.62,0.00,0.00,0.00,2.53%,0.00,0.12%,1.69%,0.05%,1.46%,0.03%,0.75%,0.02%,0.70%,0.02%,0.31%,0.02%,0.37%,0.01%,0.28%,0.01%,0.16%,0.01%,0.09%,0.01%,0.11%,0.01%,0.07%,0.01%,0.04%,0.00,0.00,0.00,0.00,0.00,0.00,0.00,0.00,0.00,0.00,0.00,0.00,0.00,0.00,0.00,0.00,0.00,0.00,0.00,0.00,0.00,0.00,0.00,0.00,120,0.699,84,84,59.95,60.00,60.05
25-Jul-2018 14:00:00,10.000,Y,116.46,117.52,117.86,0.11,1.33,1.86,2.57%,0.14,0.15%,1.70%,0.06%,1.47%,0.04%,0.78%,0.03%,0.72%,0.02%,0.32%,0.02%,0.38%,0.02%,0.31%,0.02%,0.16%,0.01%,0.12%,0.01%,0.12%,0.01%,0.07%,0.01%,0.06%,0.01,0.09,0.00,0.06,0.00,0.03,0.00,0.06,0.00,0.04,0.00,0.02,0.00,0.01,0.00,0.01,0.00,0.01,0.00,0.01,0.00,0.00,0.00,0.00,116.54,117.48,117.88,0.00,0.00,0.35,2.56%,0.00,0.15%,1.71%,0.06%,1.47%,0.03%,0.73%,0.03%,0.70%,0.02%,0.35%,0.02%,0.38%,0.02%,0.30%,0.02%,0.17%,0.02%,0.12%,0.01%,0.11%,0.01%,0.07%,0.01%,0.04%,0.00,0.00,0.00,0.00,0.00,0.00,0.00,0.00,0.00,0.00,0.00,0.00,0.00,0.00,0.00,0.00,0.00,0.00,0.00,0.00,0.00,0.00,0.00,0.00,232.64,234.20,234.80,0.00,0.00,0.00,2.56%,0.00,0.15%,1.70%,0.06%,1.47%,0.03%,0.75%,0.03%,0.71%,0.02%,0.33%,0.02%,0.38%,0.02%,0.30%,0.02%,0.16%,0.01%,0.11%,0.01%,0.11%,0.01%,0.07%,0.01%,0.04%,0.00,0.00,0.00,0.00,0.00,0.00,0.00,0.00,0.00,0.00,0.00,0.00,0.00,0.00,0.00,0.00,0.00,0.00,0.00,0.00,0.00,0.00,0.00,0.00,156,0.820,132,48,59.98,60.02,60.06
25-Jul-2018 14:10:00,10.000,Y,113.40,116.94,117.52,0.10,1.41,1.81,2.59%,0.09,0.18%,1.72%,0.07%,1.48%,0.04%,0.78%,0.04%,0.70%,0.03%,0.32%,0.02%,0.36%,0.02%,0.30%,0.02%,0.16%,0.02%,0.10%,0.01%,0.12%,0.01%,0.07%,0.01%,0.04%,0.01,0.05,0.00,0.05,0.00,0.03,0.00,0.03,0.00,0.02,0.00,0.01,0.00,0.01,0.00,0.01,0.00,0.01,0.00,0.01,0.00,0.00,0.00,0.00,113.30,117.26,117.70,0.00,0.00,0.42,2.55%,0.00,0.19%,1.71%,0.07%,1.47%,0.04%,0.73%,0.04%,0.68%,0.03%,0.35%,0.02%,0.36%,0.02%,0.29%,0.02%,0.17%,0.02%,0.10%,0.02%,0.12%,0.01%,0.07%,0.01%,0.03%,0.00,0.00,0.00,0.00,0.00,0.00,0.00,0.00,0.00,0.00,0.00,0.00,0.00,0.00,0.00,0.00,0.00,0.00,0.00,0.00,0.00,0.00,0.00,0.00,225.94,233.40,234.10,0.00,0.00,0.00,2.56%,0.00,0.19%,1.71%,0.07%,1.47%,0.04%,0.75%,0.04%,0.69%,0.03%,0.33%,0.02%,0.35%,0.02%,0.29%,0.02%,0.16%,0.01%,0.10%,0.01%,0.11%,0.01%,0.07%,0.01%,0.03%,0.00,0.00,0.00,0.00,0.00,0.00,0.00,0.00,0.00,0.00,0.00,0.00,0.00,0.00,0.00,0.00,0.00,0.00,0.00,0.00,0.00,0.00,0.00,0.00,168,-0.995,168,0,59.96,60.03,60.08
25-Jul-2018 14:20:00,10.000,Y,115.84,117.04,117.40,0.00,0.00,0.19,2.67%,0.00,0.14%,1.77%,0.05%,1.56%,0.04%,0.82%,0.03%,0.70%,0.03%,0.31%,0.02%,0.39%,0.02%,0.30%,0.01%,0.16%,0.01%,0.12%,0.01%,0.11%,0.01%,0.08%,0.01%,0.05%,0.00,0.00,0.00,0.00,0.00,0.00,0.00,0.00,0.00,0.00,0.00,0.00,0.00,0.00,0.00,0.00,0.00,0.00,0.00,0.00,0.00,0.00,0.00,0.00,116.54,117.48,117.80,0.00,0.00,0.35,2.62%,0.00,0.14%,1.75%,0.05%,1.52%,0.04%,0.76%,0.03%,0.68%,0.02%,0.34%,0.02%,0.39%,0.02%,0.30%,0.01%,0.16%,0.01%,0.10%,0.01%,0.12%,0.01%,0.07%,0.01%,0.04%,0.00,0.00,0.00,0.00,0.00,0.00,0.00,0.00,0.00,0.00,0.00,0.00,0.00,0.00,0.00,0.00,0.00,0.00,0.00,0.00,0.00,0.00,0.00,0.00,232.26,233.72,234.30,0.00,0.00,0.00,2.64%,0.00,0.14%,1.76%,0.05%,1.54%,0.04%,0.78%,0.03%,0.69%,0.02%,0.33%,0.02%,0.38%,0.02%,0.30%,0.01%,0.16%,0.01%,0.11%,0.01%,0.11%,0.01%,0.07%,0.01%,0.04%,0.00,0.00,0.00,0.00,0.00,0.00,0.00,0.00,0.00,0.00,0.00,0.00,0.00,0.00,0.00,0.00,0.00,0.00,0.00,0.00,0.00,0.00,0.00,0.00,0,1.000,0,0,59.97,60.01,60.05
25-Jul-2018 14:30:00,10.000,Y,116.02,117.20,117.54,0.00,0.00,0.19,2.61%,0.00,0.14%,1.66%,0.05%,1.56%,0.04%,0.82%,0.03%,0.72%,0.02%,0.30%,0.02%,0.40%,0.02%,0.31%,0.01%,0.16%,0.01%,0.11%,0.01%,0.12%,0.01%,0.07%,0.01%,0.04%,0.00,0.00,0.00,0.00,0.00,0.00,0.00,0.00,0.00,0.00,0.00,0.00,0.00,0.00,0.00,0.00,0.00,0.00,0.00,0.00,0.00,0.00,0.00,0.00,116.78,117.58,117.90,0.00,0.00,0.40,2.60%,0.00,0.14%,1.68%,0.05%,1.55%,0.04%,0.77%,0.03%,0.69%,0.02%,0.34%,0.02%,0.40%,0.02%,0.30%,0.02%,0.17%,0.01%,0.09%,0.01%,0.12%,0.01%,0.07%,0.01%,0.03%,0.00,0.00,0.00,0.00,0.00,0.00,0.00,0.00,0.00,0.00,0.00,0.00,0.00,0.00,0.00,0.00,0.00,0.00,0.00,0.00,0.00,0.00,0.00,0.00,232.80,233.98,234.46,0.00,0.00,0.00,2.60%,0.00,0.14%,1.67%,0.05%,1.55%,0.04%,0.79%,0.03%,0.70%,0.02%,0.32%,0.02%,0.39%,0.02%,0.30%,0.01%,0.16%,0.01%,0.09%,0.01%,0.12%,0.01%,0.07%,0.01%,0.04%,0.00,0.00,0.00,0.00,0.00,0.00,0.00,0.00,0.00,0.00,0.00,0.00,0.00,0.00,0.00,0.00,0.00,0.00,0.00,0.00,0.00,0.00,0.00,0.00,0,1.000,0,0,59.97,60.01,60.04
25-Jul-2018 14:40:00,10.000,Y,116.12,117.28,118.06,0.10,0.99,13.81,2.54%,0.15,0.15%,1.65%,0.05%,1.48%,0.03%,0.76%,0.03%,0.72%,0.02%,0.33%,0.02%,0.36%,0.02%,0.29%,0.02%,0.17%,0.01%,0.09%,0.01%,0.10%,0.01%,0.07%,0.01%,0.05%,0.01,0.11,0.00,0.06,0.00,0.01,0.00,0.07,0.00,0.04,0.00,0.03,0.00,0.01,0.00,0.01,0.00,0.01,0.00,0.01,0.00,0.00,0.00,0.00,116.20,117.22,117.82,0.00,0.00,0.36,2.56%,0.00,0.14%,1.71%,0.05%,1.49%,0.03%,0.72%,0.03%,0.68%,0.02%,0.33%,0.02%,0.39%,0.02%,0.30%,0.02%,0.16%,0.01%,0.09%,0.01%,0.11%,0.01%,0.06%,0.01%,0.03%,0.00,0.00,0.00,0.00,0.00,0.00,0.00,0.00,0.00,0.00,0.00,0.00,0.00,0.00,0.00,0.00,0.00,0.00,0.00,0.00,0.00,0.00,0.00,0.00,232.46,233.70,234.62,0.00,0.00,0.00,2.54%,0.00,0.14%,1.68%,0.05%,1.49%,0.03%,0.74%,0.03%,0.70%,0.02%,0.33%,0.02%,0.37%,0.02%,0.29%,0.02%,0.16%,0.01%,0.09%,0.01%,0.10%,0.01%,0.06%,0.01%,0.04%,0.00,0.00,0.00,0.00,0.00,0.00,0.00,0.00,0.00,0.00,0.00,0.00,0.00,0.00,0.00,0.00,0.00,0.00,0.00,0.00,0.00,0.00,0.00,0.00,120,0.759,84,72,59.97,60.01,60.04
25-Jul-2018 14:50:00,10.000,Y,114.08,117.76,118.66,0.93,1.07,1.19,2.52%,0.17,0.13%,1.61%,0.05%,1.47%,0.03%,0.80%,0.02%,0.74%,0.02%,0.34%,0.02%,0.36%,0.01%,0.29%,0.02%,0.18%,0.01%,0.10%,0.01%,0.10%,0.01%,0.08%,0.01%,0.05%,0.01,0.12,0.00,0.07,0.00,0.01,0.00,0.07,0.00,0.05,0.00,0.03,0.00,0.01,0.00,0.01,0.00,0.01,0.00,0.01,0.00,0.00,0.00,0.00,114.18,117.68,118.80,0.00,0.00,0.44,2.54%,0.00,0.13%,1.66%,0.05%,1.48%,0.03%,0.75%,0.02%,0.69%,0.02%,0.34%,0.02%,0.39%,0.02%,0.31%,0.02%,0.16%,0.01%,0.09%,0.01%,0.12%,0.01%,0.07%,0.01%,0.03%,0.00,0.00,0.00,0.00,0.00,0.00,0.00,0.00,0.00,0.00,0.00,0.00,0.00,0.00,0.00,0.00,0.00,0.00,0.00,0.00,0.00,0.00,0.00,0.00,227.50,234.66,236.66,0.00,0.00,0.00,2.53%,0.00,0.13%,1.63%,0.05%,1.48%,0.03%,0.77%,0.02%,0.71%,0.02%,0.34%,0.02%,0.37%,0.01%,0.30%,0.01%,0.17%,0.01%,0.09%,0.01%,0.11%,0.01%,0.07%,0.01%,0.04%,0.00,0.00,0.00,0.00,0.00,0.00,0.00,0.00,0.00,0.00,0.00,0.00,0.00,0.00,0.00,0.00,0.00,0.00,0.00,0.00,0.00,0.00,0.00,0.00,132,0.708,84,84,59.95,60.00,60.05
25-Jul-2018 15:00:00,10.000,Y,114.64,117.98,119.06,0.95,1.07,1.19,2.49%,0.17,0.12%,1.55%,0.05%,1.48%,0.03%,0.81%,0.03%,0.74%,0.02%,0.34%,0.02%,0.37%,0.01%,0.30%,0.01%,0.17%,0.01%,0.10%,0.01%,0.11%,0.01%,0.08%,0.01%,0.05%,0.01,0.11,0.00,0.07,0.00,0.01,0.00,0.07,0.00,0.05,0.00,0.03,0.00,0.01,0.00,0.01,0.00,0.01,0.00,0.01,0.00,0.00,0.00,0.00,114.62,118.22,119.12,0.00,0.00,0.44,2.55%,0.00,0.12%,1.62%,0.05%,1.50%,0.03%,0.78%,0.03%,0.72%,0.02%,0.36%,0.02%,0.39%,0.01%,0.33%,0.01%,0.18%,0.01%,0.10%,0.01%,0.13%,0.01%,0.08%,0.01%,0.04%,0.00,0.00,0.00,0.00,0.00,0.00,0.00,0.00,0.00,0.00,0.00,0.00,0.00,0.00,0.00,0.00,0.00,0.00,0.00,0.00,0.00,0.00,0.00,0.00,228.52,235.42,237.38,0.00,0.00,0.00,2.52%,0.00,0.12%,1.58%,0.05%,1.49%,0.03%,0.79%,0.02%,0.73%,0.02%,0.35%,0.02%,0.38%,0.01%,0.31%,0.01%,0.17%,0.01%,0.10%,0.01%,0.12%,0.01%,0.08%,0.01%,0.04%,0.00,0.00,0.00,0.00,0.00,0.00,0.00,0.00,0.00,0.00,0.00,0.00,0.00,0.00,0.00,0.00,0.00,0.00,0.00,0.00,0.00,0.00,0.00,0.00,132,0.706,84,84,59.96,60.00,60.10
25-Jul-2018 15:10:00,10.000,Y,116.94,117.84,118.20,0.99,1.07,1.14,2.50%,0.17,0.12%,1.57%,0.04%,1.48%,0.03%,0.79%,0.02%,0.73%,0.02%,0.34%,0.02%,0.37%,0.01%,0.30%,0.01%,0.16%,0.01%,0.10%,0.01%,0.12%,0.01%,0.07%,0.01%,0.06%,0.01,0.12,0.00,0.07,0.00,0.01,0.00,0.07,0.00,0.05,0.00,0.03,0.00,0.01,0.00,0.01,0.00,0.01,0.00,0.01,0.00,0.00,0.00,0.00,117.36,118.28,118.62,0.00,0.00,0.38,2.58%,0.00,0.12%,1.64%,0.05%,1.52%,0.03%,0.79%,0.03%,0.73%,0.02%,0.36%,0.02%,0.40%,0.01%,0.34%,0.01%,0.17%,0.01%,0.11%,0.01%,0.13%,0.01%,0.08%,0.01%,0.05%,0.00,0.00,0.00,0.00,0.00,0.00,0.00,0.00,0.00,0.00,0.00,0.00,0.00,0.00,0.00,0.00,0.00,0.00,0.00,0.00,0.00,0.00,0.00,0.00,234.08,235.32,235.90,0.00,0.00,0.00,2.54%,0.00,0.12%,1.61%,0.04%,1.50%,0.03%,0.79%,0.02%,0.73%,0.02%,0.35%,0.02%,0.38%,0.01%,0.32%,0.01%,0.16%,0.01%,0.10%,0.01%,0.12%,0.01%,0.07%,0.01%,0.05%,0.00,0.00,0.00,0.00,0.00,0.00,0.00,0.00,0.00,0.00,0.00,0.00,0.00,0.00,0.00,0.00,0.00,0.00,0.00,0.00,0.00,0.00,0.00,0.00,132,0.708,84,84,59.95,60.00,60.06
25-Jul-2018 15:20:00,10.000,Y,116.46,117.76,118.12,0.96,1.06,1.13,2.49%,0.17,0.13%,1.56%,0.05%,1.47%,0.03%,0.81%,0.03%,0.73%,0.02%,0.33%,0.02%,0.37%,0.02%,0.30%,0.01%,0.16%,0.01%,0.10%,0.01%,0.12%,0.01%,0.07%,0.01%,0.05%,0.01,0.11,0.00,0.07,0.00,0.01,0.00,0.07,0.00,0.05,0.00,0.03,0.00,0.01,0.00,0.01,0.00,0.01,0.00,0.01,0.00,0.00,0.00,0.00,116.64,117.96,118.54,0.00,0.00,0.35,2.55%,0.00,0.13%,1.64%,0.05%,1.49%,0.03%,0.77%,0.03%,0.71%,0.02%,0.34%,0.02%,0.40%,0.02%,0.32%,0.01%,0.18%,0.01%,0.10%,0.01%,0.13%,0.01%,0.08%,0.01%,0.04%,0.00,0.00,0.00,0.00,0.00,0.00,0.00,0.00,0.00,0.00,0.00,0.00,0.00,0.00,0.00,0.00,0.00,0.00,0.00,0.00,0.00,0.00,0.00,0.00,232.34,234.92,235.66,0.00,0.00,0.00,2.51%,0.00,0.13%,1.60%,0.05%,1.48%,0.03%,0.79%,0.03%,0.72%,0.02%,0.34%,0.02%,0.38%,0.01%,0.31%,0.01%,0.16%,0.01%,0.10%,0.01%,0.12%,0.01%,0.07%,0.01%,0.05%,0.00,0.00,0.00,0.00,0.00,0.00,0.00,0.00,0.00,0.00,0.00,0.00,0.00,0.00,0.00,0.00,0.00,0.00,0.00,0.00,0.00,0.00,0.00,0.00,120,0.703,84,84,59.96,60.00,60.05
25-Jul-2018 15:30:00,10.000,Y,116.96,117.98,118.34,0.98,1.06,1.13,2.47%,0.17,0.14%,1.54%,0.05%,1.46%,0.03%,0.80%,0.03%,0.74%,0.02%,0.33%,0.02%,0.37%,0.02%,0.30%,0.02%,0.15%,0.01%,0.10%,0.01%,0.12%,0.01%,0.07%,0.01%,0.05%,0.01,0.11,0.00,0.07,0.00,0.01,0.00,0.07,0.00,0.05,0.00,0.03,0.00,0.01,0.00,0.01,0.00,0.01,0.00,0.01,0.00,0.00,0.00,0.00,117.06,118.12,118.52,0.00,0.00,0.34,2.57%,0.00,0.14%,1.64%,0.05%,1.50%,0.03%,0.78%,0.03%,0.72%,0.02%,0.38%,0.02%,0.41%,0.02%,0.32%,0.01%,0.17%,0.01%,0.11%,0.01%,0.14%,0.01%,0.09%,0.01%,0.05%,0.00,0.00,0.00,0.00,0.00,0.00,0.00,0.00,0.00,0.00,0.00,0.00,0.00,0.00,0.00,0.00,0.00,0.00,0.00,0.00,0.00,0.00,0.00,0.00,233.90,235.30,235.82,0.00,0.00,0.00,2.51%,0.00,0.14%,1.59%,0.05%,1.48%,0.03%,0.78%,0.03%,0.73%,0.02%,0.35%,0.02%,0.38%,0.02%,0.31%,0.01%,0.16%,0.01%,0.10%,0.01%,0.12%,0.01%,0.08%,0.01%,0.05%,0.00,0.00,0.00,0.00,0.00,0.00,0.00,0.00,0.00,0.00,0.00,0.00,0.00,0.00,0.00,0.00,0.00,0.00,0.00,0.00,0.00,0.00,0.00,0.00,120,0.701,84,84,59.98,60.00,60.04
25-Jul-2018 15:40:00,10.000,Y,116.72,118.00,118.30,0.98,1.06,1.12,2.45%,0.16,0.13%,1.53%,0.05%,1.46%,0.03%,0.76%,0.03%,0.72%,0.02%,0.35%,0.02%,0.36%,0.02%,0.30%,0.01%,0.16%,0.01%,0.10%,0.01%,0.11%,0.01%,0.07%,0.01%,0.06%,0.01,0.11,0.00,0.07,0.00,0.01,0.00,0.07,0.00,0.05,0.00,0.03,0.00,0.01,0.00,0.01,0.00,0.01,0.00,0.01,0.00,0.00,0.00,0.00,116.84,118.08,118.42,0.00,0.00,0.45,2.56%,0.00,0.13%,1.61%,0.05%,1.50%,0.03%,0.78%,0.03%,0.75%,0.02%,0.38%,0.02%,0.40%,0.02%,0.33%,0.01%,0.18%,0.01%,0.11%,0.01%,0.14%,0.01%,0.09%,0.01%,0.06%,0.00,0.00,0.00,0.00,0.00,0.00,0.00,0.00,0.00,0.00,0.00,0.00,0.00,0.00,0.00,0.00,0.00,0.00,0.00,0.00,0.00,0.00,0.00,0.00,232.80,235.28,235.84,0.00,0.00,0.00,2.50%,0.00,0.13%,1.57%,0.05%,1.48%,0.03%,0.77%,0.03%,0.73%,0.02%,0.36%,0.02%,0.38%,0.02%,0.31%,0.01%,0.17%,0.01%,0.11%,0.01%,0.12%,0.01%,0.08%,0.01%,0.06%,0.00,0.00,0.00,0.00,0.00,0.00,0.00,0.00,0.00,0.00,0.00,0.00,0.00,0.00,0.00,0.00,0.00,0.00,0.00,0.00,0.00,0.00,0.00,0.00,120,0.700,84,84,59.96,60.00,60.05
25-Jul-2018 15:50:00,10.000,Y,116.34,117.88,118.38,0.98,1.06,1.12,2.42%,0.16,0.12%,1.55%,0.04%,1.42%,0.03%,0.73%,0.02%,0.71%,0.02%,0.36%,0.02%,0.35%,0.01%,0.28%,0.01%,0.16%,0.01%,0.10%,0.01%,0.10%,0.01%,0.07%,0.01%,0.06%,0.01,0.11,0.00,0.07,0.00,0.01,0.00,0.07,0.00,0.05,0.00,0.03,0.00,0.01,0.00,0.01,0.00,0.01,0.00,0.01,0.00,0.00,0.00,0.00,116.52,118.04,118.54,0.00,0.00,0.34,2.54%,0.00,0.12%,1.61%,0.04%,1.48%,0.03%,0.78%,0.02%,0.74%,0.02%,0.38%,0.02%,0.41%,0.01%,0.33%,0.01%,0.18%,0.01%,0.11%,0.01%,0.14%,0.01%,0.09%,0.01%,0.06%,0.00,0.00,0.00,0.00,0.00,0.00,0.00,0.00,0.00,0.00,0.00,0.00,0.00,0.00,0.00,0.00,0.00,0.00,0.00,0.00,0.00,0.00,0.00,0.00,232.08,235.12,236.02,0.00,0.00,0.00,2.48%,0.00,0.12%,1.58%,0.04%,1.45%,0.03%,0.75%,0.02%,0.72%,0.02%,0.37%,0.02%,0.38%,0.01%,0.30%,0.01%,0.17%,0.01%,0.11%,0.01%,0.12%,0.01%,0.07%,0.01%,0.06%,0.00,0.00,0.00,0.00,0.00,0.00,0.00,0.00,0.00,0.00,0.00,0.00,0.00,0.00,0.00,0.00,0.00,0.00,0.00,0.00,0.00,0.00,0.00,0.00,120,0.700,84,84,59.96,59.99,60.03
25-Jul-2018 16:00:00,10.000,Y,116.72,117.78,118.14,0.98,1.06,1.12,2.46%,0.16,0.14%,1.59%,0.05%,1.45%,0.03%,0.73%,0.03%,0.70%,0.02%,0.35%,0.02%,0.35%,0.02%,0.29%,0.01%,0.16%,0.01%,0.10%,0.01%,0.09%,0.01%,0.06%,0.01%,0.05%,0.01,0.11,0.00,0.07,0.00,0.01,0.00,0.07,0.00,0.05,0.00,0.03,0.00,0.01,0.00,0.01,0.00,0.01,0.00,0.01,0.00,0.00,0.00,0.00,117.12,118.12,118.58,0.00,0.00,0.34,2.54%,0.00,0.15%,1.60%,0.05%,1.51%,0.03%,0.75%,0.03%,0.73%,0.02%,0.37%,0.02%,0.40%,0.02%,0.34%,0.02%,0.18%,0.01%,0.11%,0.01%,0.13%,0.01%,0.09%,0.01%,0.06%,0.00,0.00,0.00,0.00,0.00,0.00,0.00,0.00,0.00,0.00,0.00,0.00,0.00,0.00,0.00,0.00,0.00,0.00,0.00,0.00,0.00,0.00,0.00,0.00,233.60,235.10,235.70,0.00,0.00,0.00,2.50%,0.00,0.15%,1.59%,0.05%,1.48%,0.03%,0.74%,0.03%,0.71%,0.02%,0.36%,0.02%,0.37%,0.02%,0.31%,0.01%,0.17%,0.01%,0.10%,0.01%,0.11%,0.01%,0.07%,0.01%,0.05%,0.00,0.00,0.00,0.00,0.00,0.00,0.00,0.00,0.00,0.00,0.00,0.00,0.00,0.00,0.00,0.00,0.00,0.00,0.00,0.00,0.00,0.00,0.00,0.00,120,0.699,84,84,59.96,60.01,60.06
25-Jul-2018 16:10:00,10.000,Y,117.06,118.10,118.58,0.98,1.76,7.06,2.49%,0.61,0.16%,1.61%,0.06%,1.45%,0.04%,0.72%,0.03%,0.73%,0.03%,0.37%,0.02%,0.35%,0.02%,0.32%,0.02%,0.15%,0.01%,0.11%,0.01%,0.11%,0.01%,0.05%,0.01%,0.05%,0.01,0.44,0.00,0.23,0.00,0.17,0.00,0.21,0.00,0.14,0.00,0.10,0.00,0.08,0.00,0.06,0.00,0.04,0.00,0.04,0.00,0.02,0.00,0.01,116.92,117.98,118.38,0.00,0.00,0.34,2.56%,0.00,0.17%,1.62%,0.06%,1.52%,0.04%,0.75%,0.03%,0.71%,0.03%,0.38%,0.02%,0.40%,0.02%,0.34%,0.02%,0.19%,0.02%,0.11%,0.01%,0.13%,0.01%,0.08%,0.01%,0.05%,0.00,0.00,0.00,0.00,0.00,0.00,0.00,0.00,0.00,0.00,0.00,0.00,0.00,0.00,0.00,0.00,0.00,0.00,0.00,0.00,0.00,0.00,0.00,0.00,233.82,235.28,235.88,0.00,0.00,0.00,2.52%,0.00,0.16%,1.62%,0.06%,1.48%,0.04%,0.73%,0.03%,0.72%,0.03%,0.37%,0.02%,0.37%,0.02%,0.32%,0.02%,0.16%,0.01%,0.11%,0.01%,0.12%,0.01%,0.06%,0.01%,0.05%,0.00,0.00,0.00,0.00,0.00,0.00,0.00,0.00,0.00,0.00,0.00,0.00,0.00,0.00,0.00,0.00,0.00,0.00,0.00,0.00,0.00,0.00,0.00,0.00,204,0.736,168,72,59.94,60.02,60.07
25-Jul-2018 16:20:00,10.000,Y,116.68,117.72,118.06,3.27,3.54,4.18,2.55%,1.81,0.12%,1.69%,0.05%,1.44%,0.03%,0.66%,0.03%,0.82%,0.02%,0.36%,0.02%,0.34%,0.01%,0.40%,0.01%,0.11%,0.01%,0.12%,0.01%,0.17%,0.01%,0.02%,0.01%,0.08%,0.01,1.28,0.01,0.66,0.01,0.60,0.01,0.62,0.01,0.38,0.01,0.29,0.01,0.29,0.01,0.22,0.01,0.16,0.01,0.15,0.01,0.10,0.00,0.07,116.88,117.90,118.36,0.00,0.00,0.34,2.61%,0.00,0.12%,1.65%,0.05%,1.57%,0.03%,0.75%,0.03%,0.73%,0.02%,0.38%,0.02%,0.41%,0.01%,0.34%,0.01%,0.18%,0.01%,0.10%,0.01%,0.13%,0.01%,0.09%,0.01%,0.05%,0.00,0.00,0.00,0.00,0.00,0.00,0.00,0.00,0.00,0.00,0.00,0.00,0.00,0.00,0.00,0.00,0.00,0.00,0.00,0.00,0.00,0.00,0.00,0.00,233.48,234.82,235.50,0.00,0.00,0.00,2.57%,0.00,0.12%,1.67%,0.05%,1.50%,0.03%,0.70%,0.02%,0.77%,0.02%,0.36%,0.02%,0.36%,0.01%,0.36%,0.01%,0.15%,0.01%,0.10%,0.01%,0.15%,0.01%,0.05%,0.01%,0.06%,0.00,0.00,0.00,0.00,0.00,0.00,0.00,0.00,0.00,0.00,0.00,0.00,0.00,0.00,0.00,0.00,0.00,0.00,0.00,0.00,0.00,0.00,0.00,0.00,420,0.844,348,60,59.95,60.00,60.05
25-Jul-2018 16:30:00,10.000,Y,116.62,117.68,118.00,3.30,3.48,3.65,2.50%,1.77,0.13%,1.65%,0.05%,1.40%,0.03%,0.66%,0.03%,0.81%,0.02%,0.36%,0.02%,0.31%,0.02%,0.39%,0.01%,0.11%,0.01%,0.12%,0.01%,0.16%,0.01%,0.02%,0.01%,0.07%,0.01,1.26,0.01,0.66,0.01,0.60,0.01,0.61,0.01,0.37,0.01,0.27,0.01,0.26,0.01,0.20,0.01,0.15,0.01,0.15,0.01,0.10,0.00,0.08,117.08,118.16,118.72,0.00,0.00,0.34,2.60%,0.00,0.13%,1.63%,0.05%,1.55%,0.03%,0.78%,0.03%,0.75%,0.02%,0.39%,0.02%,0.39%,0.02%,0.34%,0.02%,0.19%,0.01%,0.11%,0.01%,0.13%,0.01%,0.10%,0.01%,0.05%,0.00,0.00,0.00,0.00,0.00,0.00,0.00,0.00,0.00,0.00,0.00,0.00,0.00,0.00,0.00,0.00,0.00,0.00,0.00,0.00,0.00,0.00,0.00,0.00,233.48,235.04,235.74,0.00,0.00,0.00,2.54%,0.00,0.13%,1.64%,0.05%,1.48%,0.03%,0.72%,0.03%,0.78%,0.02%,0.37%,0.02%,0.34%,0.02%,0.36%,0.01%,0.15%,0.01%,0.10%,0.01%,0.14%,0.01%,0.06%,0.01%,0.05%,0.00,0.00,0.00,0.00,0.00,0.00,0.00,0.00,0.00,0.00,0.00,0.00,0.00,0.00,0.00,0.00,0.00,0.00,0.00,0.00,0.00,0.00,0.00,0.00,408,0.844,348,60,59.97,60.01,60.04
25-Jul-2018 16:40:00,10.000,Y,116.56,117.50,117.92,3.28,3.47,3.62,2.51%,1.77,0.12%,1.67%,0.04%,1.41%,0.03%,0.65%,0.02%,0.82%,0.02%,0.37%,0.02%,0.29%,0.02%,0.38%,0.01%,0.13%,0.01%,0.11%,0.01%,0.15%,0.01%,0.02%,0.01%,0.07%,0.02,1.27,0.01,0.68,0.01,0.59,0.01,0.60,0.01,0.37,0.01,0.25,0.01,0.24,0.01,0.19,0.01,0.14,0.01,0.15,0.01,0.11,0.01,0.09,117.66,118.48,118.86,0.00,0.00,0.34,2.59%,0.00,0.12%,1.61%,0.04%,1.57%,0.03%,0.77%,0.02%,0.75%,0.02%,0.38%,0.02%,0.39%,0.01%,0.34%,0.01%,0.19%,0.01%,0.11%,0.01%,0.13%,0.01%,0.10%,0.01%,0.05%,0.00,0.00,0.00,0.00,0.00,0.00,0.00,0.00,0.00,0.00,0.00,0.00,0.00,0.00,0.00,0.00,0.00,0.00,0.00,0.00,0.00,0.00,0.00,0.00,233.94,235.18,235.96,0.00,0.00,0.00,2.54%,0.00,0.12%,1.64%,0.04%,1.49%,0.03%,0.70%,0.02%,0.78%,0.02%,0.38%,0.02%,0.33%,0.01%,0.36%,0.01%,0.16%,0.01%,0.10%,0.01%,0.14%,0.01%,0.06%,0.01%,0.05%,0.00,0.00,0.00,0.00,0.00,0.00,0.00,0.00,0.00,0.00,0.00,0.00,0.00,0.00,0.00,0.00,0.00,0.00,0.00,0.00,0.00,0.00,0.00,0.00,408,0.843,348,60,59.95,60.00,60.05
25-Jul-2018 16:50:00,10.000,Y,116.98,118.20,118.68,3.30,3.47,3.62,2.57%,1.79,0.15%,1.71%,0.05%,1.42%,0.04%,0.69%,0.03%,0.85%,0.03%,0.36%,0.02%,0.31%,0.02%,0.41%,0.02%,0.12%,0.02%,0.12%,0.01%,0.16%,0.01%,0.03%,0.01%,0.07%,0.01,1.26,0.01,0.68,0.01,0.59,0.01,0.62,0.01,0.40,0.01,0.28,0.01,0.27,0.01,0.21,0.01,0.15,0.01,0.14,0.01,0.11,0.01,0.08,117.68,118.62,118.98,0.00,0.00,0.35,2.63%,0.00,0.15%,1.64%,0.06%,1.55%,0.04%,0.78%,0.03%,0.79%,0.03%,0.40%,0.02%,0.39%,0.02%,0.36%,0.02%,0.21%,0.02%,0.13%,0.01%,0.14%,0.01%,0.11%,0.01%,0.05%,0.00,0.00,0.00,0.00,0.00,0.00,0.00,0.00,0.00,0.00,0.00,0.00,0.00,0.00,0.00,0.00,0.00,0.00,0.00,0.00,0.00,0.00,0.00,0.00,234.06,236.04,236.72,0.00,0.00,0.00,2.59%,0.00,0.15%,1.68%,0.05%,1.48%,0.04%,0.73%,0.03%,0.81%,0.02%,0.38%,0.02%,0.34%,0.02%,0.38%,0.02%,0.17%,0.02%,0.11%,0.01%,0.15%,0.01%,0.07%,0.01%,0.05%,0.00,0.00,0.00,0.00,0.00,0.00,0.00,0.00,0.00,0.00,0.00,0.00,0.00,0.00,0.00,0.00,0.00,0.00,0.00,0.00,0.00,0.00,0.00,0.00,408,0.839,348,60,59.97,60.02,60.06
25-Jul-2018 17:00:00,10.000,Y,117.14,118.28,118.78,0.98,1.98,5.87,2.52%,0.82,0.13%,1.66%,0.05%,1.46%,0.03%,0.69%,0.03%,0.76%,0.02%,0.34%,0.02%,0.32%,0.02%,0.34%,0.02%,0.14%,0.01%,0.11%,0.01%,0.12%,0.01%,0.05%,0.01%,0.06%,0.01,0.58,0.01,0.32,0.00,0.24,0.01,0.28,0.01,0.19,0.00,0.14,0.00,0.12,0.00,0.09,0.00,0.07,0.00,0.06,0.00,0.04,0.00,0.03,117.52,118.56,118.96,0.00,0.00,0.34,2.71%,0.00,0.13%,1.71%,0.05%,1.58%,0.03%,0.80%,0.03%,0.83%,0.02%,0.42%,0.02%,0.41%,0.02%,0.38%,0.02%,0.22%,0.01%,0.15%,0.01%,0.17%,0.01%,0.13%,0.01%,0.08%,0.00,0.00,0.00,0.00,0.00,0.00,0.00,0.00,0.00,0.00,0.00,0.00,0.00,0.00,0.00,0.00,0.00,0.00,0.00,0.00,0.00,0.00,0.00,0.00,234.54,236.04,236.78,0.00,0.00,0.00,2.61%,0.00,0.13%,1.68%,0.05%,1.52%,0.03%,0.74%,0.03%,0.79%,0.02%,0.38%,0.02%,0.36%,0.02%,0.36%,0.02%,0.17%,0.01%,0.12%,0.01%,0.14%,0.01%,0.09%,0.01%,0.06%,0.00,0.00,0.00,0.00,0.00,0.00,0.00,0.00,0.00,0.00,0.00,0.00,0.00,0.00,0.00,0.00,0.00,0.00,0.00,0.00,0.00,0.00,0.00,0.00,228,0.749,180,72,59.95,60.01,60.05
25-Jul-2018 17:10:00,10.000,Y,117.04,118.02,118.38,0.97,1.05,1.12,2.55%,0.17,0.12%,1.69%,0.04%,1.50%,0.03%,0.68%,0.02%,0.73%,0.02%,0.35%,0.02%,0.34%,0.01%,0.31%,0.01%,0.15%,0.01%,0.10%,0.01%,0.10%,0.01%,0.06%,0.01%,0.05%,0.01,0.11,0.00,0.07,0.00,0.01,0.00,0.07,0.00,0.05,0.00,0.04,0.00,0.01,0.00,0.01,0.00,0.01,0.00,0.01,0.00,0.00,0.00,0.00,117.18,118.20,118.78,0.00,0.00,0.34,2.79%,0.00,0.12%,1.77%,0.04%,1.63%,0.03%,0.80%,0.02%,0.84%,0.02%,0.39%,0.02%,0.43%,0.01%,0.39%,0.01%,0.23%,0.01%,0.14%,0.01%,0.18%,0.01%,0.12%,0.01%,0.08%,0.00,0.00,0.00,0.00,0.00,0.00,0.00,0.00,0.00,0.00,0.00,0.00,0.00,0.00,0.00,0.00,0.00,0.00,0.00,0.00,0.00,0.00,0.00,0.00,233.88,235.42,236.32,0.00,0.00,0.00,2.66%,0.00,0.12%,1.73%,0.04%,1.56%,0.03%,0.74%,0.02%,0.79%,0.02%,0.37%,0.02%,0.38%,0.01%,0.34%,0.01%,0.19%,0.01%,0.12%,0.01%,0.14%,0.01%,0.08%,0.01%,0.06%,0.00,0.00,0.00,0.00,0.00,0.00,0.00,0.00,0.00,0.00,0.00,0.00,0.00,0.00,0.00,0.00,0.00,0.00,0.00,0.00,0.00,0.00,0.00,0.00,120,0.693,84,84,59.96,60.00,60.04
25-Jul-2018 17:20:00,10.000,Y,117.22,118.14,118.46,0.97,1.05,1.11,2.53%,0.17,0.12%,1.69%,0.05%,1.44%,0.03%,0.69%,0.03%,0.74%,0.02%,0.37%,0.02%,0.33%,0.02%,0.32%,0.01%,0.15%,0.01%,0.10%,0.01%,0.09%,0.01%,0.07%,0.01%,0.04%,0.01,0.11,0.00,0.07,0.00,0.01,0.00,0.07,0.00,0.05,0.00,0.04,0.00,0.01,0.00,0.01,0.00,0.01,0.00,0.01,0.00,0.00,0.00,0.00,116.50,117.76,118.62,0.00,0.00,0.34,2.90%,0.00,0.14%,1.91%,0.05%,1.63%,0.03%,0.79%,0.03%,0.87%,0.02%,0.42%,0.02%,0.44%,0.02%,0.37%,0.02%,0.24%,0.01%,0.15%,0.01%,0.19%,0.01%,0.13%,0.01%,0.08%,0.00,0.00,0.00,0.00,0.00,0.00,0.00,0.00,0.00,0.00,0.00,0.00,0.00,0.00,0.00,0.00,0.00,0.00,0.00,0.00,0.00,0.00,0.00,0.00,233.46,235.10,236.18,0.00,0.00,0.00,2.71%,0.00,0.13%,1.80%,0.05%,1.53%,0.03%,0.74%,0.02%,0.81%,0.02%,0.39%,0.02%,0.38%,0.02%,0.35%,0.01%,0.19%,0.01%,0.12%,0.01%,0.14%,0.01%,0.10%,0.01%,0.06%,0.00,0.00,0.00,0.00,0.00,0.00,0.00,0.00,0.00,0.00,0.00,0.00,0.00,0.00,0.00,0.00,0.00,0.00,0.00,0.00,0.00,0.00,0.00,0.00,120,0.692,84,84,59.96,60.00,60.05
25-Jul-2018 17:30:00,10.000,Y,116.74,118.02,118.34,0.98,1.05,1.11,2.59%,0.17,0.13%,1.76%,0.04%,1.45%,0.03%,0.66%,0.03%,0.79%,0.02%,0.38%,0.02%,0.31%,0.02%,0.35%,0.01%,0.15%,0.01%,0.10%,0.01%,0.10%,0.01%,0.07%,0.01%,0.04%,0.01,0.12,0.00,0.07,0.00,0.01,0.00,0.08,0.00,0.05,0.00,0.04,0.00,0.01,0.00,0.01,0.00,0.01,0.00,0.01,0.00,0.00,0.00,0.00,116.38,117.74,118.28,0.00,0.00,0.34,2.86%,0.00,0.13%,1.89%,0.05%,1.59%,0.03%,0.76%,0.03%,0.89%,0.02%,0.41%,0.02%,0.41%,0.02%,0.40%,0.02%,0.24%,0.01%,0.15%,0.01%,0.17%,0.01%,0.14%,0.01%,0.08%,0.00,0.00,0.00,0.00,0.00,0.00,0.00,0.00,0.00,0.00,0.00,0.00,0.00,0.00,0.00,0.00,0.00,0.00,0.00,0.00,0.00,0.00,0.00,0.00,232.36,234.98,235.66,0.00,0.00,0.00,2.72%,0.00,0.13%,1.83%,0.04%,1.52%,0.03%,0.71%,0.03%,0.84%,0.02%,0.40%,0.02%,0.36%,0.02%,0.37%,0.01%,0.19%,0.01%,0.12%,0.01%,0.13%,0.01%,0.10%,0.01%,0.06%,0.00,0.00,0.00,0.00,0.00,0.00,0.00,0.00,0.00,0.00,0.00,0.00,0.00,0.00,0.00,0.00,0.00,0.00,0.00,0.00,0.00,0.00,0.00,0.00,120,0.692,84,84,59.97,60.01,60.05
25-Jul-2018 17:40:00,10.000,Y,115.30,117.66,118.16,0.97,1.05,1.12,2.59%,0.17,0.12%,1.80%,0.04%,1.44%,0.03%,0.61%,0.02%,0.78%,0.02%,0.37%,0.02%,0.30%,0.02%,0.32%,0.02%,0.16%,0.01%,0.09%,0.01%,0.10%,0.01%,0.06%,0.01%,0.04%,0.01,0.12,0.00,0.07,0.00,0.01,0.00,0.08,0.00,0.05,0.00,0.04,0.00,0.02,0.00,0.01,0.00,0.01,0.00,0.01,0.00,0.00,0.00,0.00,114.72,117.54,118.06,0.00,0.00,0.39,2.90%,0.00,0.12%,1.98%,0.05%,1.56%,0.03%,0.73%,0.02%,0.92%,0.02%,0.40%,0.02%,0.42%,0.02%,0.41%,0.02%,0.23%,0.01%,0.16%,0.01%,0.15%,0.01%,0.14%,0.01%,0.10%,0.00,0.00,0.00,0.00,0.00,0.00,0.00,0.00,0.00,0.00,0.00,0.00,0.00,0.00,0.00,0.00,0.00,0.00,0.00,0.00,0.00,0.00,0.00,0.00,229.32,234.40,235.18,0.00,0.00,0.00,2.74%,0.00,0.12%,1.89%,0.05%,1.50%,0.03%,0.67%,0.02%,0.85%,0.02%,0.39%,0.02%,0.36%,0.02%,0.36%,0.01%,0.19%,0.01%,0.12%,0.01%,0.13%,0.01%,0.10%,0.01%,0.07%,0.00,0.00,0.00,0.00,0.00,0.00,0.00,0.00,0.00,0.00,0.00,0.00,0.00,0.00,0.00,0.00,0.00,0.00,0.00,0.00,0.00,0.00,0.00,0.00,120,0.696,84,84,59.96,60.00,60.06
25-Jul-2018 17:50:00,10.000,Y,116.54,117.58,117.94,0.97,1.06,1.12,2.76%,0.18,0.15%,1.94%,0.06%,1.48%,0.03%,0.60%,0.03%,0.87%,0.03%,0.42%,0.02%,0.35%,0.02%,0.35%,0.02%,0.19%,0.02%,0.12%,0.02%,0.13%,0.01%,0.08%,0.01%,0.08%,0.01,0.12,0.00,0.07,0.00,0.01,0.00,0.08,0.00,0.05,0.00,0.04,0.00,0.02,0.00,0.01,0.00,0.02,0.00,0.01,0.00,0.00,0.00,0.00,116.50,117.38,117.88,0.00,0.00,0.41,3.11%,0.00,0.15%,2.16%,0.06%,1.59%,0.03%,0.73%,0.03%,1.02%,0.03%,0.46%,0.02%,0.45%,0.02%,0.47%,0.02%,0.27%,0.02%,0.19%,0.01%,0.17%,0.02%,0.18%,0.01%,0.13%,0.00,0.00,0.00,0.00,0.00,0.00,0.00,0.00,0.00,0.00,0.00,0.00,0.00,0.00,0.00,0.00,0.00,0.00,0.00,0.00,0.00,0.00,0.00,0.00,232.88,234.16,234.78,0.00,0.00,0.00,2.93%,0.00,0.15%,2.05%,0.06%,1.54%,0.03%,0.67%,0.03%,0.94%,0.03%,0.44%,0.02%,0.40%,0.02%,0.41%,0.02%,0.22%,0.02%,0.15%,0.01%,0.15%,0.01%,0.13%,0.01%,0.10%,0.00,0.00,0.00,0.00,0.00,0.00,0.00,0.00,0.00,0.00,0.00,0.00,0.00,0.00,0.00,0.00,0.00,0.00,0.00,0.00,0.00,0.00,0.00,0.00,120,0.698,84,84,59.98,60.01,60.05
25-Jul-2018 18:00:00,10.000,Y,114.86,117.30,117.76,0.95,1.05,1.11,2.97%,0.18,0.16%,2.08%,0.06%,1.61%,0.04%,0.62%,0.03%,1.03%,0.03%,0.41%,0.02%,0.33%,0.02%,0.30%,0.02%,0.16%,0.02%,0.10%,0.02%,0.10%,0.02%,0.08%,0.02%,0.09%,0.01,0.13,0.00,0.07,0.00,0.01,0.00,0.08,0.00,0.05,0.00,0.05,0.00,0.02,0.00,0.01,0.00,0.02,0.00,0.01,0.00,0.00,0.00,0.00,114.76,117.16,117.74,0.00,0.00,0.37,3.21%,0.00,0.16%,2.24%,0.06%,1.67%,0.04%,0.70%,0.03%,1.15%,0.03%,0.43%,0.02%,0.43%,0.02%,0.36%,0.02%,0.19%,0.02%,0.15%,0.01%,0.14%,0.01%,0.13%,0.01%,0.10%,0.00,0.00,0.00,0.00,0.00,0.00,0.00,0.00,0.00,0.00,0.00,0.00,0.00,0.00,0.00,0.00,0.00,0.00,0.00,0.00,0.00,0.00,0.00,0.00,229.00,233.68,234.54,0.00,0.00,0.00,3.09%,0.00,0.16%,2.16%,0.06%,1.64%,0.04%,0.66%,0.03%,1.09%,0.03%,0.42%,0.02%,0.38%,0.02%,0.32%,0.02%,0.17%,0.02%,0.12%,0.01%,0.12%,0.01%,0.10%,0.01%,0.09%,0.00,0.00,0.00,0.00,0.00,0.00,0.00,0.00,0.00,0.00,0.00,0.00,0.00,0.00,0.00,0.00,0.00,0.00,0.00,0.00,0.00,0.00,0.00,0.00,120,0.695,84,84,59.97,60.02,60.05
25-Jul-2018 18:10:00,10.000,Y,115.98,117.46,117.78,0.97,1.05,1.11,3.08%,0.18,0.14%,2.16%,0.05%,1.69%,0.03%,0.63%,0.03%,1.08%,0.02%,0.36%,0.02%,0.31%,0.02%,0.27%,0.01%,0.15%,0.01%,0.07%,0.01%,0.10%,0.01%,0.05%,0.01%,0.07%,0.01,0.13,0.00,0.07,0.00,0.01,0.00,0.08,0.00,0.05,0.00,0.05,0.00,0.02,0.00,0.01,0.00,0.02,0.00,0.01,0.00,0.00,0.00,0.00,116.54,117.66,118.06,0.00,0.00,0.34,3.31%,0.00,0.14%,2.33%,0.06%,1.73%,0.03%,0.71%,0.03%,1.22%,0.03%,0.38%,0.02%,0.42%,0.02%,0.31%,0.02%,0.18%,0.01%,0.12%,0.01%,0.13%,0.01%,0.11%,0.01%,0.06%,0.00,0.00,0.00,0.00,0.00,0.00,0.00,0.00,0.00,0.00,0.00,0.00,0.00,0.00,0.00,0.00,0.00,0.00,0.00,0.00,0.00,0.00,0.00,0.00,232.70,234.32,234.94,0.00,0.00,0.00,3.19%,0.00,0.14%,2.25%,0.05%,1.71%,0.03%,0.67%,0.03%,1.15%,0.02%,0.37%,0.02%,0.36%,0.02%,0.28%,0.02%,0.16%,0.01%,0.09%,0.01%,0.11%,0.01%,0.07%,0.01%,0.06%,0.00,0.00,0.00,0.00,0.00,0.00,0.00,0.00,0.00,0.00,0.00,0.00,0.00,0.00,0.00,0.00,0.00,0.00,0.00,0.00,0.00,0.00,0.00,0.00,120,0.695,84,84,59.96,60.01,60.05
25-Jul-2018 18:20:00,10.000,Y,116.36,117.40,117.92,0.97,1.05,1.11,3.11%,0.18,0.09%,2.18%,0.04%,1.75%,0.02%,0.59%,0.02%,1.08%,0.02%,0.33%,0.02%,0.31%,0.01%,0.25%,0.01%,0.14%,0.01%,0.07%,0.01%,0.09%,0.01%,0.04%,0.01%,0.08%,0.01,0.13,0.00,0.07,0.00,0.01,0.00,0.08,0.00,0.05,0.00,0.05,0.00,0.02,0.00,0.01,0.00,0.02,0.00,0.01,0.00,0.00,0.00,0.00,115.48,117.16,118.06,0.00,0.00,0.34,3.32%,0.00,0.09%,2.36%,0.03%,1.77%,0.02%,0.66%,0.02%,1.22%,0.02%,0.34%,0.01%,0.42%,0.01%,0.26%,0.01%,0.17%,0.01%,0.11%,0.01%,0.09%,0.01%,0.11%,0.01%,0.06%,0.00,0.00,0.00,0.00,0.00,0.00,0.00,0.00,0.00,0.00,0.00,0.00,0.00,0.00,0.00,0.00,0.00,0.00,0.00,0.00,0.00,0.00,0.00,0.00,231.72,233.78,234.86,0.00,0.00,0.00,3.21%,0.00,0.09%,2.27%,0.03%,1.76%,0.02%,0.63%,0.02%,1.15%,0.02%,0.34%,0.01%,0.36%,0.01%,0.25%,0.01%,0.15%,0.01%,0.08%,0.01%,0.09%,0.01%,0.07%,0.01%,0.06%,0.00,0.00,0.00,0.00,0.00,0.00,0.00,0.00,0.00,0.00,0.00,0.00,0.00,0.00,0.00,0.00,0.00,0.00,0.00,0.00,0.00,0.00,0.00,0.00,120,0.695,84,84,59.94,59.98,60.01
25-Jul-2018 18:30:00,10.000,Y,116.28,117.46,117.92,0.97,1.05,1.11,3.16%,0.18,0.12%,2.22%,0.04%,1.76%,0.03%,0.60%,0.02%,1.11%,0.02%,0.34%,0.02%,0.32%,0.02%,0.27%,0.01%,0.14%,0.01%,0.08%,0.01%,0.11%,0.01%,0.04%,0.01%,0.08%,0.01,0.13,0.00,0.07,0.00,0.01,0.00,0.08,0.00,0.05,0.00,0.05,0.00,0.02,0.00,0.01,0.00,0.02,0.00,0.01,0.00,0.00,0.00,0.00,114.94,116.22,117.06,0.00,0.00,0.35,3.45%,0.00,0.13%,2.54%,0.05%,1.80%,0.03%,0.61%,0.02%,1.18%,0.02%,0.34%,0.02%,0.39%,0.01%,0.27%,0.01%,0.19%,0.01%,0.13%,0.01%,0.10%,0.01%,0.11%,0.01%,0.05%,0.00,0.00,0.00,0.00,0.00,0.00,0.00,0.00,0.00,0.00,0.00,0.00,0.00,0.00,0.00,0.00,0.00,0.00,0.00,0.00,0.00,0.00,0.00,0.00,231.28,232.90,233.76,0.00,0.00,0.00,3.30%,0.00,0.12%,2.38%,0.04%,1.78%,0.03%,0.61%,0.02%,1.14%,0.02%,0.34%,0.02%,0.35%,0.01%,0.27%,0.01%,0.17%,0.01%,0.09%,0.01%,0.10%,0.01%,0.07%,0.01%,0.06%,0.00,0.00,0.00,0.00,0.00,0.00,0.00,0.00,0.00,0.00,0.00,0.00,0.00,0.00,0.00,0.00,0.00,0.00,0.00,0.00,0.00,0.00,0.00,0.00,120,0.693,84,84,59.95,59.99,60.04
25-Jul-2018 18:40:00,10.000,Y,115.82,117.74,118.30,0.97,1.05,1.12,3.16%,0.18,0.12%,2.23%,0.04%,1.77%,0.03%,0.56%,0.02%,1.11%,0.02%,0.32%,0.02%,0.33%,0.01%,0.26%,0.01%,0.12%,0.01%,0.07%,0.01%,0.10%,0.01%,0.03%,0.01%,0.06%,0.01,0.13,0.00,0.07,0.00,0.01,0.00,0.08,0.00,0.05,0.00,0.05,0.00,0.02,0.00,0.01,0.00,0.01,0.00,0.01,0.00,0.00,0.00,0.00,115.02,116.48,117.44,0.00,0.00,0.39,3.40%,0.00,0.12%,2.46%,0.05%,1.82%,0.03%,0.62%,0.02%,1.19%,0.02%,0.36%,0.02%,0.40%,0.01%,0.26%,0.01%,0.16%,0.01%,0.10%,0.01%,0.08%,0.01%,0.08%,0.01%,0.05%,0.00,0.00,0.00,0.00,0.00,0.00,0.00,0.00,0.00,0.00,0.00,0.00,0.00,0.00,0.00,0.00,0.00,0.00,0.00,0.00,0.00,0.00,0.00,0.00,230.06,233.44,234.70,0.00,0.00,0.00,3.28%,0.00,0.12%,2.34%,0.04%,1.79%,0.03%,0.59%,0.02%,1.15%,0.02%,0.34%,0.02%,0.36%,0.01%,0.26%,0.01%,0.14%,0.01%,0.08%,0.01%,0.09%,0.01%,0.05%,0.01%,0.04%,0.00,0.00,0.00,0.00,0.00,0.00,0.00,0.00,0.00,0.00,0.00,0.00,0.00,0.00,0.00,0.00,0.00,0.00,0.00,0.00,0.00,0.00,0.00,0.00,120,0.693,84,84,59.95,59.99,60.03
25-Jul-2018 18:50:00,10.000,Y,115.42,117.48,117.98,0.97,1.05,1.11,3.18%,0.18,0.12%,2.24%,0.04%,1.79%,0.03%,0.56%,0.02%,1.11%,0.02%,0.31%,0.02%,0.32%,0.02%,0.27%,0.01%,0.10%,0.01%,0.08%,0.01%,0.10%,0.01%,0.03%,0.01%,0.05%,0.01,0.13,0.00,0.07,0.00,0.01,0.00,0.08,0.00,0.05,0.00,0.05,0.00,0.02,0.00,0.01,0.00,0.02,0.00,0.01,0.00,0.00,0.00,0.00,114.92,117.24,117.80,0.00,0.00,0.39,3.38%,0.00,0.12%,2.42%,0.05%,1.83%,0.03%,0.63%,0.02%,1.18%,0.02%,0.36%,0.02%,0.40%,0.01%,0.25%,0.01%,0.14%,0.01%,0.10%,0.01%,0.08%,0.01%,0.07%,0.01%,0.04%,0.00,0.00,0.00,0.00,0.00,0.00,0.00,0.00,0.00,0.00,0.00,0.00,0.00,0.00,0.00,0.00,0.00,0.00,0.00,0.00,0.00,0.00,0.00,0.00,229.58,233.92,234.92,0.00,0.00,0.00,3.28%,0.00,0.12%,2.33%,0.05%,1.81%,0.03%,0.60%,0.02%,1.14%,0.02%,0.34%,0.02%,0.35%,0.01%,0.26%,0.01%,0.12%,0.01%,0.08%,0.01%,0.09%,0.01%,0.05%,0.01%,0.04%,0.00,0.00,0.00,0.00,0.00,0.00,0.00,0.00,0.00,0.00,0.00,0.00,0.00,0.00,0.00,0.00,0.00,0.00,0.00,0.00,0.00,0.00,0.00,0.00,120,0.694,84,84,59.96,60.00,60.04
25-Jul-2018 19:00:00,10.000,Y,116.60,117.62,118.02,0.96,1.05,1.12,3.24%,0.18,0.15%,2.29%,0.06%,1.82%,0.04%,0.56%,0.03%,1.10%,0.03%,0.34%,0.02%,0.32%,0.02%,0.26%,0.02%,0.10%,0.01%,0.08%,0.01%,0.09%,0.01%,0.02%,0.01%,0.06%,0.01,0.13,0.00,0.07,0.00,0.01,0.00,0.08,0.00,0.05,0.00,0.05,0.00,0.02,0.00,0.01,0.00,0.01,0.00,0.01,0.00,0.00,0.00,0.00,116.34,117.36,118.00,0.00,0.00,0.36,3.46%,0.00,0.15%,2.49%,0.06%,1.84%,0.04%,0.63%,0.03%,1.24%,0.02%,0.37%,0.02%,0.40%,0.02%,0.27%,0.01%,0.15%,0.01%,0.12%,0.01%,0.08%,0.01%,0.07%,0.01%,0.05%,0.00,0.00,0.00,0.00,0.00,0.00,0.00,0.00,0.00,0.00,0.00,0.00,0.00,0.00,0.00,0.00,0.00,0.00,0.00,0.00,0.00,0.00,0.00,0.00,232.52,234.20,235.10,0.00,0.00,0.00,3.34%,0.00,0.15%,2.39%,0.06%,1.83%,0.04%,0.60%,0.03%,1.17%,0.03%,0.35%,0.02%,0.36%,0.02%,0.26%,0.01%,0.12%,0.01%,0.08%,0.01%,0.08%,0.01%,0.04%,0.01%,0.05%,0.00,0.00,0.00,0.00,0.00,0.00,0.00,0.00,0.00,0.00,0.00,0.00,0.00,0.00,0.00,0.00,0.00,0.00,0.00,0.00,0.00,0.00,0.00,0.00,120,0.696,84,84,59.98,60.01,60.04
25-Jul-2018 19:10:00,10.000,Y,116.60,117.60,118.02,0.97,1.05,1.12,3.27%,0.19,0.14%,2.31%,0.05%,1.84%,0.03%,0.57%,0.03%,1.13%,0.02%,0.36%,0.02%,0.32%,0.02%,0.26%,0.02%,0.11%,0.01%,0.08%,0.01%,0.09%,0.01%,0.03%,0.01%,0.06%,0.01,0.13,0.00,0.07,0.00,0.01,0.00,0.08,0.00,0.05,0.00,0.05,0.00,0.02,0.00,0.01,0.00,0.02,0.00,0.01,0.00,0.00,0.00,0.00,116.54,117.64,118.04,0.00,0.00,0.36,3.48%,0.00,0.14%,2.47%,0.05%,1.89%,0.03%,0.64%,0.03%,1.25%,0.02%,0.37%,0.02%,0.42%,0.02%,0.28%,0.02%,0.16%,0.01%,0.10%,0.01%,0.09%,0.01%,0.07%,0.01%,0.05%,0.00,0.00,0.00,0.00,0.00,0.00,0.00,0.00,0.00,0.00,0.00,0.00,0.00,0.00,0.00,0.00,0.00,0.00,0.00,0.00,0.00,0.00,0.00,0.00,233.24,234.44,235.22,0.00,0.00,0.00,3.37%,0.00,0.14%,2.39%,0.05%,1.86%,0.03%,0.60%,0.03%,1.18%,0.02%,0.36%,0.02%,0.37%,0.02%,0.26%,0.01%,0.13%,0.01%,0.08%,0.01%,0.09%,0.01%,0.04%,0.01%,0.05%,0.00,0.00,0.00,0.00,0.00,0.00,0.00,0.00,0.00,0.00,0.00,0.00,0.00,0.00,0.00,0.00,0.00,0.00,0.00,0.00,0.00,0.00,0.00,0.00,120,0.697,84,84,59.97,60.01,60.05
25-Jul-2018 19:20:00,10.000,Y,116.76,117.76,118.26,0.97,1.05,1.10,3.27%,0.18,0.12%,2.29%,0.05%,1.86%,0.03%,0.57%,0.02%,1.14%,0.02%,0.35%,0.02%,0.32%,0.01%,0.26%,0.01%,0.11%,0.01%,0.08%,0.01%,0.10%,0.01%,0.03%,0.01%,0.07%,0.01,0.13,0.00,0.07,0.00,0.01,0.00,0.08,0.00,0.05,0.00,0.05,0.00,0.02,0.00,0.01,0.00,0.01,0.00,0.01,0.00,0.00,0.00,0.00,116.10,117.58,118.20,0.00,0.00,0.34,3.58%,0.00,0.11%,2.55%,0.05%,1.95%,0.03%,0.65%,0.03%,1.26%,0.02%,0.37%,0.02%,0.43%,0.02%,0.28%,0.01%,0.17%,0.01%,0.10%,0.01%,0.11%,0.01%,0.08%,0.01%,0.05%,0.00,0.00,0.00,0.00,0.00,0.00,0.00,0.00,0.00,0.00,0.00,0.00,0.00,0.00,0.00,0.00,0.00,0.00,0.00,0.00,0.00,0.00,0.00,0.00,232.88,234.54,235.40,0.00,0.00,0.00,3.42%,0.00,0.11%,2.42%,0.05%,1.90%,0.03%,0.60%,0.02%,1.20%,0.02%,0.36%,0.02%,0.37%,0.01%,0.27%,0.01%,0.14%,0.01%,0.08%,0.01%,0.10%,0.01%,0.05%,0.01%,0.05%,0.00,0.00,0.00,0.00,0.00,0.00,0.00,0.00,0.00,0.00,0.00,0.00,0.00,0.00,0.00,0.00,0.00,0.00,0.00,0.00,0.00,0.00,0.00,0.00,120,0.692,84,84,59.96,59.99,60.03
25-Jul-2018 19:30:00,10.000,Y,117.10,118.08,118.48,0.98,1.05,1.11,3.32%,0.19,0.14%,2.35%,0.06%,1.84%,0.04%,0.58%,0.03%,1.17%,0.03%,0.35%,0.02%,0.34%,0.02%,0.28%,0.01%,0.10%,0.01%,0.09%,0.01%,0.09%,0.01%,0.03%,0.01%,0.06%,0.01,0.13,0.00,0.07,0.00,0.01,0.00,0.08,0.00,0.05,0.00,0.05,0.00,0.02,0.00,0.01,0.00,0.02,0.00,0.01,0.00,0.00,0.00,0.00,116.52,117.46,117.80,0.00,0.00,0.35,3.51%,0.00,0.15%,2.49%,0.06%,1.91%,0.04%,0.63%,0.03%,1.24%,0.03%,0.35%,0.02%,0.43%,0.02%,0.28%,0.01%,0.14%,0.01%,0.10%,0.01%,0.09%,0.01%,0.08%,0.01%,0.04%,0.00,0.00,0.00,0.00,0.00,0.00,0.00,0.00,0.00,0.00,0.00,0.00,0.00,0.00,0.00,0.00,0.00,0.00,0.00,0.00,0.00,0.00,0.00,0.00,233.36,234.74,235.44,0.00,0.00,0.00,3.41%,0.00,0.15%,2.42%,0.06%,1.87%,0.04%,0.61%,0.03%,1.20%,0.03%,0.35%,0.02%,0.38%,0.02%,0.28%,0.01%,0.11%,0.01%,0.09%,0.01%,0.09%,0.01%,0.05%,0.01%,0.04%,0.00,0.00,0.00,0.00,0.00,0.00,0.00,0.00,0.00,0.00,0.00,0.00,0.00,0.00,0.00,0.00,0.00,0.00,0.00,0.00,0.00,0.00,0.00,0.00,120,0.691,84,84,59.97,60.01,60.06
25-Jul-2018 19:40:00,10.000,Y,116.94,118.10,118.36,0.97,1.05,1.11,3.31%,0.19,0.12%,2.35%,0.05%,1.83%,0.03%,0.58%,0.03%,1.17%,0.02%,0.36%,0.02%,0.34%,0.02%,0.28%,0.01%,0.09%,0.01%,0.10%,0.01%,0.08%,0.01%,0.03%,0.01%,0.07%,0.01,0.13,0.00,0.07,0.00,0.01,0.00,0.08,0.00,0.05,0.00,0.05,0.00,0.02,0.00,0.01,0.00,0.02,0.00,0.01,0.00,0.00,0.00,0.00,116.72,117.64,118.04,0.00,0.00,0.34,3.52%,0.00,0.12%,2.48%,0.05%,1.90%,0.03%,0.65%,0.03%,1.29%,0.02%,0.37%,0.02%,0.44%,0.02%,0.30%,0.01%,0.14%,0.01%,0.10%,0.01%,0.09%,0.01%,0.08%,0.01%,0.03%,0.00,0.00,0.00,0.00,0.00,0.00,0.00,0.00,0.00,0.00,0.00,0.00,0.00,0.00,0.00,0.00,0.00,0.00,0.00,0.00,0.00,0.00,0.00,0.00,233.42,234.94,235.50,0.00,0.00,0.00,3.41%,0.00,0.12%,2.41%,0.05%,1.86%,0.03%,0.61%,0.03%,1.23%,0.02%,0.37%,0.02%,0.38%,0.01%,0.29%,0.01%,0.11%,0.01%,0.09%,0.01%,0.08%,0.01%,0.05%,0.01%,0.04%,0.00,0.00,0.00,0.00,0.00,0.00,0.00,0.00,0.00,0.00,0.00,0.00,0.00,0.00,0.00,0.00,0.00,0.00,0.00,0.00,0.00,0.00,0.00,0.00,120,0.690,84,84,59.97,60.00,60.03
25-Jul-2018 19:50:00,10.000,Y,117.20,118.04,118.36,0.97,1.05,1.11,3.22%,0.18,0.12%,2.27%,0.04%,1.81%,0.03%,0.57%,0.02%,1.13%,0.02%,0.34%,0.02%,0.32%,0.02%,0.27%,0.01%,0.08%,0.01%,0.09%,0.01%,0.08%,0.01%,0.03%,0.01%,0.06%,0.01,0.13,0.00,0.07,0.00,0.01,0.00,0.08,0.00,0.05,0.00,0.05,0.00,0.02,0.00,0.01,0.00,0.01,0.00,0.01,0.00,0.00,0.00,0.00,116.90,117.66,117.96,0.00,0.00,0.34,3.44%,0.00,0.12%,2.41%,0.04%,1.87%,0.03%,0.64%,0.03%,1.28%,0.02%,0.35%,0.02%,0.45%,0.02%,0.28%,0.01%,0.15%,0.01%,0.10%,0.01%,0.08%,0.01%,0.07%,0.01%,0.03%,0.00,0.00,0.00,0.00,0.00,0.00,0.00,0.00,0.00,0.00,0.00,0.00,0.00,0.00,0.00,0.00,0.00,0.00,0.00,0.00,0.00,0.00,0.00,0.00,233.88,234.90,235.40,0.00,0.00,0.00,3.33%,0.00,0.12%,2.34%,0.04%,1.84%,0.03%,0.60%,0.02%,1.20%,0.02%,0.35%,0.02%,0.38%,0.02%,0.27%,0.01%,0.11%,0.01%,0.08%,0.01%,0.08%,0.01%,0.04%,0.01%,0.04%,0.00,0.00,0.00,0.00,0.00,0.00,0.00,0.00,0.00,0.00,0.00,0.00,0.00,0.00,0.00,0.00,0.00,0.00,0.00,0.00,0.00,0.00,0.00,0.00,120,0.691,84,84,59.97,59.99,60.03
25-Jul-2018 20:00:00,10.000,Y,117.48,118.44,118.82,0.97,1.05,1.12,3.26%,0.18,0.13%,2.27%,0.05%,1.82%,0.03%,0.58%,0.03%,1.18%,0.03%,0.36%,0.02%,0.35%,0.02%,0.27%,0.01%,0.09%,0.01%,0.10%,0.01%,0.08%,0.01%,0.02%,0.01%,0.05%,0.01,0.13,0.00,0.07,0.00,0.01,0.00,0.08,0.00,0.05,0.00,0.05,0.00,0.02,0.00,0.01,0.00,0.01,0.00,0.01,0.00,0.00,0.00,0.00,116.90,117.86,118.30,0.00,0.00,0.34,3.45%,0.00,0.13%,2.40%,0.05%,1.89%,0.03%,0.63%,0.03%,1.29%,0.02%,0.35%,0.02%,0.46%,0.02%,0.29%,0.01%,0.14%,0.01%,0.10%,0.01%,0.09%,0.01%,0.07%,0.01%,0.04%,0.00,0.00,0.00,0.00,0.00,0.00,0.00,0.00,0.00,0.00,0.00,0.00,0.00,0.00,0.00,0.00,0.00,0.00,0.00,0.00,0.00,0.00,0.00,0.00,234.04,235.50,236.26,0.00,0.00,0.00,3.35%,0.00,0.13%,2.34%,0.05%,1.86%,0.03%,0.60%,0.03%,1.23%,0.02%,0.35%,0.02%,0.40%,0.02%,0.28%,0.01%,0.11%,0.01%,0.09%,0.01%,0.09%,0.01%,0.04%,0.01%,0.04%,0.00,0.00,0.00,0.00,0.00,0.00,0.00,0.00,0.00,0.00,0.00,0.00,0.00,0.00,0.00,0.00,0.00,0.00,0.00,0.00,0.00,0.00,0.00,0.00,120,0.690,84,84,59.96,60.00,60.04
25-Jul-2018 20:10:00,10.000,Y,117.56,118.60,118.96,0.97,1.05,1.12,3.18%,0.18,0.13%,2.20%,0.05%,1.79%,0.03%,0.56%,0.03%,1.18%,0.02%,0.36%,0.02%,0.34%,0.02%,0.27%,0.01%,0.11%,0.01%,0.09%,0.01%,0.08%,0.01%,0.03%,0.01%,0.06%,0.01,0.13,0.00,0.07,0.00,0.02,0.00,0.08,0.00,0.05,0.00,0.05,0.00,0.02,0.00,0.01,0.00,0.01,0.00,0.01,0.00,0.00,0.00,0.00,117.08,118.16,118.72,0.00,0.00,0.35,3.53%,0.00,0.13%,2.47%,0.05%,1.93%,0.03%,0.63%,0.03%,1.31%,0.03%,0.36%,0.02%,0.48%,0.02%,0.31%,0.01%,0.16%,0.01%,0.12%,0.01%,0.10%,0.01%,0.08%,0.01%,0.04%,0.00,0.00,0.00,0.00,0.00,0.00,0.00,0.00,0.00,0.00,0.00,0.00,0.00,0.00,0.00,0.00,0.00,0.00,0.00,0.00,0.00,0.00,0.00,0.00,234.70,235.94,236.56,0.00,0.00,0.00,3.35%,0.00,0.13%,2.34%,0.05%,1.86%,0.03%,0.59%,0.03%,1.24%,0.02%,0.36%,0.02%,0.41%,0.02%,0.28%,0.01%,0.13%,0.01%,0.10%,0.01%,0.09%,0.01%,0.05%,0.01%,0.04%,0.00,0.00,0.00,0.00,0.00,0.00,0.00,0.00,0.00,0.00,0.00,0.00,0.00,0.00,0.00,0.00,0.00,0.00,0.00,0.00,0.00,0.00,0.00,0.00,120,0.689,84,84,59.97,60.00,60.03
25-Jul-2018 20:20:00,10.000,Y,117.78,118.70,119.12,0.98,1.06,1.13,3.17%,0.19,0.11%,2.18%,0.04%,1.81%,0.03%,0.55%,0.02%,1.18%,0.02%,0.35%,0.02%,0.33%,0.01%,0.27%,0.01%,0.11%,0.01%,0.09%,0.01%,0.09%,0.01%,0.05%,0.01%,0.07%,0.01,0.13,0.00,0.07,0.00,0.02,0.00,0.08,0.00,0.04,0.00,0.05,0.00,0.02,0.00,0.01,0.00,0.01,0.00,0.01,0.00,0.00,0.00,0.00,117.36,118.38,119.06,0.00,0.00,0.38,3.52%,0.00,0.12%,2.43%,0.04%,1.97%,0.03%,0.66%,0.03%,1.29%,0.02%,0.35%,0.02%,0.48%,0.02%,0.30%,0.01%,0.16%,0.01%,0.11%,0.01%,0.12%,0.01%,0.09%,0.01%,0.04%,0.00,0.00,0.00,0.00,0.00,0.00,0.00,0.00,0.00,0.00,0.00,0.00,0.00,0.00,0.00,0.00,0.00,0.00,0.00,0.00,0.00,0.00,0.00,0.00,234.80,236.26,237.22,0.00,0.00,0.00,3.34%,0.00,0.12%,2.30%,0.04%,1.89%,0.03%,0.61%,0.03%,1.23%,0.02%,0.35%,0.02%,0.40%,0.01%,0.28%,0.01%,0.13%,0.01%,0.09%,0.01%,0.10%,0.01%,0.06%,0.01%,0.05%,0.00,0.00,0.00,0.00,0.00,0.00,0.00,0.00,0.00,0.00,0.00,0.00,0.00,0.00,0.00,0.00,0.00,0.00,0.00,0.00,0.00,0.00,0.00,0.00,120,0.693,84,84,59.96,59.99,60.04
25-Jul-2018 20:30:00,10.000,Y,117.86,118.68,118.90,0.98,1.06,1.13,3.22%,0.18,0.13%,2.19%,0.05%,1.87%,0.03%,0.54%,0.03%,1.19%,0.02%,0.34%,0.02%,0.32%,0.02%,0.28%,0.01%,0.10%,0.01%,0.09%,0.01%,0.08%,0.01%,0.04%,0.01%,0.07%,0.01,0.13,0.00,0.07,0.00,0.02,0.00,0.08,0.00,0.05,0.00,0.05,0.00,0.02,0.00,0.01,0.00,0.01,0.00,0.01,0.00,0.00,0.00,0.00,117.24,118.16,118.50,0.00,0.00,0.34,3.48%,0.00,0.13%,2.37%,0.05%,1.97%,0.03%,0.65%,0.03%,1.29%,0.02%,0.34%,0.02%,0.48%,0.02%,0.28%,0.01%,0.14%,0.01%,0.11%,0.01%,0.09%,0.01%,0.09%,0.01%,0.04%,0.00,0.00,0.00,0.00,0.00,0.00,0.00,0.00,0.00,0.00,0.00,0.00,0.00,0.00,0.00,0.00,0.00,0.00,0.00,0.00,0.00,0.00,0.00,0.00,234.88,236.02,236.56,0.00,0.00,0.00,3.34%,0.00,0.13%,2.28%,0.05%,1.92%,0.03%,0.60%,0.03%,1.23%,0.02%,0.34%,0.02%,0.40%,0.02%,0.27%,0.01%,0.11%,0.01%,0.09%,0.01%,0.08%,0.01%,0.05%,0.01%,0.05%,0.00,0.00,0.00,0.00,0.00,0.00,0.00,0.00,0.00,0.00,0.00,0.00,0.00,0.00,0.00,0.00,0.00,0.00,0.00,0.00,0.00,0.00,0.00,0.00,120,0.689,84,84,59.95,60.00,60.05
25-Jul-2018 20:40:00,10.000,Y,118.00,118.96,119.30,0.97,1.06,1.12,3.20%,0.18,0.12%,2.16%,0.05%,1.87%,0.03%,0.56%,0.02%,1.19%,0.02%,0.33%,0.02%,0.32%,0.01%,0.28%,0.01%,0.10%,0.01%,0.08%,0.01%,0.08%,0.01%,0.04%,0.01%,0.07%,0.01,0.13,0.00,0.07,0.00,0.02,0.00,0.08,0.00,0.05,0.00,0.05,0.00,0.02,0.00,0.01,0.00,0.01,0.00,0.01,0.00,0.00,0.00,0.00,117.62,118.44,118.78,0.00,0.00,0.34,3.42%,0.00,0.12%,2.32%,0.05%,1.94%,0.03%,0.65%,0.03%,1.28%,0.02%,0.31%,0.02%,0.47%,0.02%,0.29%,0.01%,0.12%,0.01%,0.11%,0.01%,0.09%,0.01%,0.08%,0.01%,0.04%,0.00,0.00,0.00,0.00,0.00,0.00,0.00,0.00,0.00,0.00,0.00,0.00,0.00,0.00,0.00,0.00,0.00,0.00,0.00,0.00,0.00,0.00,0.00,0.00,235.32,236.58,237.10,0.00,0.00,0.00,3.31%,0.00,0.12%,2.24%,0.05%,1.90%,0.03%,0.61%,0.03%,1.23%,0.02%,0.32%,0.02%,0.40%,0.01%,0.28%,0.01%,0.11%,0.01%,0.08%,0.01%,0.09%,0.01%,0.05%,0.01%,0.05%,0.00,0.00,0.00,0.00,0.00,0.00,0.00,0.00,0.00,0.00,0.00,0.00,0.00,0.00,0.00,0.00,0.00,0.00,0.00,0.00,0.00,0.00,0.00,0.00,120,0.687,84,84,59.96,60.00,60.03
25-Jul-2018 20:50:00,10.000,Y,115.50,119.06,119.80,0.94,1.06,1.13,3.15%,0.18,0.13%,2.10%,0.05%,1.85%,0.03%,0.56%,0.03%,1.19%,0.02%,0.34%,0.02%,0.33%,0.02%,0.29%,0.01%,0.09%,0.01%,0.08%,0.01%,0.09%,0.01%,0.05%,0.01%,0.07%,0.01,0.13,0.00,0.07,0.00,0.02,0.00,0.08,0.00,0.05,0.00,0.05,0.00,0.02,0.00,0.01,0.00,0.01,0.00,0.01,0.00,0.00,0.00,0.00,114.74,118.72,119.38,0.00,0.00,0.41,3.47%,0.00,0.13%,2.33%,0.05%,1.96%,0.03%,0.67%,0.03%,1.33%,0.02%,0.33%,0.02%,0.48%,0.02%,0.34%,0.01%,0.13%,0.01%,0.12%,0.01%,0.12%,0.01%,0.09%,0.01%,0.05%,0.00,0.00,0.00,0.00,0.00,0.00,0.00,0.00,0.00,0.00,0.00,0.00,0.00,0.00,0.00,0.00,0.00,0.00,0.00,0.00,0.00,0.00,0.00,0.00,229.48,236.98,238.04,0.00,0.00,0.00,3.30%,0.00,0.13%,2.21%,0.05%,1.90%,0.03%,0.61%,0.03%,1.26%,0.02%,0.34%,0.02%,0.40%,0.02%,0.31%,0.01%,0.11%,0.01%,0.10%,0.01%,0.10%,0.01%,0.06%,0.01%,0.05%,0.00,0.00,0.00,0.00,0.00,0.00,0.00,0.00,0.00,0.00,0.00,0.00,0.00,0.00,0.00,0.00,0.00,0.00,0.00,0.00,0.00,0.00,0.00,0.00,120,0.687,84,84,59.97,60.00,60.04
25-Jul-2018 21:00:00,10.000,Y,118.04,119.12,119.40,0.98,1.06,1.11,3.18%,0.18,0.12%,2.08%,0.04%,1.90%,0.03%,0.60%,0.02%,1.20%,0.02%,0.34%,0.02%,0.34%,0.02%,0.29%,0.01%,0.11%,0.01%,0.09%,0.01%,0.08%,0.01%,0.06%,0.01%,0.06%,0.01,0.13,0.00,0.07,0.00,0.02,0.00,0.08,0.00,0.05,0.00,0.05,0.00,0.02,0.00,0.01,0.00,0.01,0.00,0.01,0.00,0.00,0.00,0.00,118.34,119.18,119.48,0.00,0.00,0.34,3.45%,0.00,0.12%,2.22%,0.05%,2.01%,0.03%,0.72%,0.02%,1.36%,0.02%,0.35%,0.02%,0.47%,0.02%,0.34%,0.01%,0.14%,0.01%,0.14%,0.01%,0.10%,0.01%,0.09%,0.01%,0.04%,0.00,0.00,0.00,0.00,0.00,0.00,0.00,0.00,0.00,0.00,0.00,0.00,0.00,0.00,0.00,0.00,0.00,0.00,0.00,0.00,0.00,0.00,0.00,0.00,236.12,237.50,238.02,0.00,0.00,0.00,3.31%,0.00,0.12%,2.15%,0.05%,1.95%,0.03%,0.66%,0.02%,1.27%,0.02%,0.34%,0.02%,0.41%,0.02%,0.31%,0.01%,0.12%,0.01%,0.11%,0.01%,0.09%,0.01%,0.07%,0.01%,0.05%,0.00,0.00,0.00,0.00,0.00,0.00,0.00,0.00,0.00,0.00,0.00,0.00,0.00,0.00,0.00,0.00,0.00,0.00,0.00,0.00,0.00,0.00,0.00,0.00,120,0.686,84,84,59.97,60.00,60.03
25-Jul-2018 21:10:00,10.000,Y,118.04,119.10,119.48,0.98,1.06,1.12,3.14%,0.18,0.12%,1.99%,0.04%,1.94%,0.03%,0.63%,0.02%,1.17%,0.02%,0.32%,0.01%,0.36%,0.01%,0.29%,0.01%,0.10%,0.01%,0.09%,0.01%,0.10%,0.01%,0.06%,0.01%,0.07%,0.01,0.12,0.00,0.07,0.00,0.02,0.00,0.08,0.00,0.05,0.00,0.05,0.00,0.02,0.00,0.01,0.00,0.01,0.00,0.01,0.00,0.00,0.00,0.00,118.14,118.94,119.30,0.00,0.00,0.34,3.39%,0.00,0.12%,2.14%,0.05%,2.03%,0.03%,0.71%,0.02%,1.33%,0.02%,0.33%,0.02%,0.49%,0.02%,0.30%,0.01%,0.13%,0.01%,0.15%,0.01%,0.10%,0.01%,0.10%,0.01%,0.05%,0.00,0.00,0.00,0.00,0.00,0.00,0.00,0.00,0.00,0.00,0.00,0.00,0.00,0.00,0.00,0.00,0.00,0.00,0.00,0.00,0.00,0.00,0.00,0.00,236.18,237.24,237.76,0.00,0.00,0.00,3.26%,0.00,0.12%,2.06%,0.05%,1.99%,0.03%,0.67%,0.02%,1.25%,0.02%,0.32%,0.01%,0.42%,0.01%,0.29%,0.01%,0.11%,0.01%,0.11%,0.01%,0.09%,0.01%,0.08%,0.01%,0.05%,0.00,0.00,0.00,0.00,0.00,0.00,0.00,0.00,0.00,0.00,0.00,0.00,0.00,0.00,0.00,0.00,0.00,0.00,0.00,0.00,0.00,0.00,0.00,0.00,120,0.685,84,84,59.96,59.99,60.04
25-Jul-2018 21:20:00,10.000,Y,118.24,119.12,119.46,0.98,1.06,1.12,3.11%,0.18,0.11%,1.92%,0.05%,1.96%,0.03%,0.64%,0.03%,1.15%,0.02%,0.33%,0.02%,0.36%,0.02%,0.28%,0.01%,0.11%,0.01%,0.08%,0.01%,0.10%,0.01%,0.06%,0.01%,0.07%,0.01,0.12,0.00,0.07,0.00,0.02,0.00,0.08,0.00,0.04,0.00,0.05,0.00,0.02,0.00,0.01,0.00,0.01,0.00,0.01,0.00,0.00,0.00,0.00,118.02,118.98,119.40,0.00,0.00,0.34,3.33%,0.00,0.11%,2.04%,0.05%,2.08%,0.03%,0.69%,0.02%,1.26%,0.02%,0.34%,0.02%,0.47%,0.02%,0.29%,0.01%,0.14%,0.01%,0.12%,0.01%,0.11%,0.01%,0.09%,0.01%,0.06%,0.00,0.00,0.00,0.00,0.00,0.00,0.00,0.00,0.00,0.00,0.00,0.00,0.00,0.00,0.00,0.00,0.00,0.00,0.00,0.00,0.00,0.00,0.00,0.00,236.04,237.30,237.92,0.00,0.00,0.00,3.21%,0.00,0.11%,1.98%,0.05%,2.02%,0.03%,0.67%,0.02%,1.20%,0.02%,0.33%,0.02%,0.41%,0.02%,0.28%,0.01%,0.12%,0.01%,0.10%,0.01%,0.10%,0.01%,0.07%,0.01%,0.06%,0.00,0.00,0.00,0.00,0.00,0.00,0.00,0.00,0.00,0.00,0.00,0.00,0.00,0.00,0.00,0.00,0.00,0.00,0.00,0.00,0.00,0.00,0.00,0.00,120,0.685,84,84,59.96,59.99,60.03
25-Jul-2018 21:30:00,10.000,Y,118.02,119.24,119.50,0.98,1.06,1.13,3.12%,0.18,0.12%,1.88%,0.05%,2.00%,0.03%,0.68%,0.02%,1.16%,0.02%,0.32%,0.02%,0.38%,0.02%,0.30%,0.01%,0.10%,0.01%,0.10%,0.01%,0.11%,0.01%,0.06%,0.01%,0.06%,0.01,0.12,0.00,0.07,0.00,0.02,0.00,0.08,0.00,0.05,0.00,0.05,0.00,0.02,0.00,0.01,0.00,0.01,0.00,0.01,0.00,0.00,0.00,0.00,118.52,119.40,119.64,0.00,0.00,0.34,3.33%,0.00,0.12%,1.99%,0.05%,2.10%,0.03%,0.73%,0.02%,1.27%,0.02%,0.36%,0.02%,0.49%,0.02%,0.30%,0.01%,0.13%,0.01%,0.14%,0.01%,0.11%,0.01%,0.09%,0.01%,0.05%,0.00,0.00,0.00,0.00,0.00,0.00,0.00,0.00,0.00,0.00,0.00,0.00,0.00,0.00,0.00,0.00,0.00,0.00,0.00,0.00,0.00,0.00,0.00,0.00,236.34,237.82,238.24,0.00,0.00,0.00,3.22%,0.00,0.12%,1.94%,0.05%,2.05%,0.03%,0.71%,0.02%,1.21%,0.02%,0.34%,0.02%,0.43%,0.02%,0.30%,0.01%,0.11%,0.01%,0.11%,0.01%,0.11%,0.01%,0.07%,0.01%,0.05%,0.00,0.00,0.00,0.00,0.00,0.00,0.00,0.00,0.00,0.00,0.00,0.00,0.00,0.00,0.00,0.00,0.00,0.00,0.00,0.00,0.00,0.00,0.00,0.00,132,0.686,84,84,59.97,60.00,60.04
25-Jul-2018 21:40:00,10.000,Y,118.46,119.38,119.76,0.98,1.06,1.13,3.11%,0.18,0.10%,1.84%,0.04%,2.03%,0.03%,0.67%,0.02%,1.15%,0.02%,0.33%,0.02%,0.37%,0.01%,0.29%,0.01%,0.10%,0.01%,0.08%,0.01%,0.09%,0.01%,0.06%,0.01%,0.06%,0.01,0.12,0.00,0.07,0.00,0.02,0.00,0.08,0.00,0.04,0.00,0.05,0.00,0.02,0.00,0.01,0.00,0.01,0.00,0.01,0.00,0.00,0.00,0.00,118.78,119.64,120.12,0.00,0.00,0.34,3.31%,0.00,0.10%,1.93%,0.04%,2.13%,0.03%,0.72%,0.02%,1.26%,0.02%,0.36%,0.02%,0.48%,0.01%,0.31%,0.01%,0.13%,0.01%,0.13%,0.01%,0.12%,0.01%,0.08%,0.01%,0.05%,0.00,0.00,0.00,0.00,0.00,0.00,0.00,0.00,0.00,0.00,0.00,0.00,0.00,0.00,0.00,0.00,0.00,0.00,0.00,0.00,0.00,0.00,0.00,0.00,236.88,238.22,238.88,0.00,0.00,0.00,3.20%,0.00,0.10%,1.89%,0.04%,2.08%,0.03%,0.70%,0.02%,1.20%,0.02%,0.34%,0.02%,0.42%,0.01%,0.29%,0.01%,0.12%,0.01%,0.10%,0.01%,0.10%,0.01%,0.07%,0.01%,0.05%,0.00,0.00,0.00,0.00,0.00,0.00,0.00,0.00,0.00,0.00,0.00,0.00,0.00,0.00,0.00,0.00,0.00,0.00,0.00,0.00,0.00,0.00,0.00,0.00,132,0.688,84,84,59.94,59.99,60.04
25-Jul-2018 21:50:00,10.000,Y,118.74,119.66,120.02,0.98,1.06,1.12,3.08%,0.18,0.11%,1.78%,0.04%,2.03%,0.03%,0.66%,0.02%,1.15%,0.02%,0.34%,0.01%,0.36%,0.01%,0.29%,0.01%,0.10%,0.01%,0.09%,0.01%,0.10%,0.01%,0.07%,0.01%,0.07%,0.01,0.12,0.00,0.07,0.00,0.03,0.00,0.08,0.00,0.04,0.00,0.05,0.00,0.02,0.00,0.01,0.00,0.01,0.00,0.01,0.00,0.00,0.00,0.00,118.94,119.96,120.26,0.00,0.00,0.33,3.24%,0.00,0.11%,1.87%,0.04%,2.10%,0.03%,0.69%,0.02%,1.27%,0.02%,0.35%,0.01%,0.47%,0.02%,0.29%,0.01%,0.13%,0.01%,0.12%,0.01%,0.12%,0.01%,0.09%,0.01%,0.05%,0.00,0.00,0.00,0.00,0.00,0.00,0.00,0.00,0.00,0.00,0.00,0.00,0.00,0.00,0.00,0.00,0.00,0.00,0.00,0.00,0.00,0.00,0.00,0.00,237.50,238.80,239.34,0.00,0.00,0.00,3.15%,0.00,0.11%,1.83%,0.04%,2.06%,0.03%,0.67%,0.02%,1.21%,0.02%,0.34%,0.01%,0.42%,0.01%,0.28%,0.01%,0.12%,0.01%,0.10%,0.01%,0.10%,0.01%,0.07%,0.01%,0.06%,0.00,0.00,0.00,0.00,0.00,0.00,0.00,0.00,0.00,0.00,0.00,0.00,0.00,0.00,0.00,0.00,0.00,0.00,0.00,0.00,0.00,0.00,0.00,0.00,132,0.683,84,84,59.97,59.99,60.02
25-Jul-2018 22:00:00,10.000,Y,118.28,119.20,119.90,0.98,1.06,1.12,3.03%,0.18,0.13%,1.76%,0.05%,1.99%,0.03%,0.70%,0.02%,1.12%,0.02%,0.34%,0.02%,0.36%,0.02%,0.29%,0.01%,0.12%,0.01%,0.07%,0.01%,0.10%,0.01%,0.07%,0.01%,0.06%,0.01,0.12,0.00,0.07,0.00,0.02,0.00,0.08,0.00,0.04,0.00,0.05,0.00,0.02,0.00,0.01,0.00,0.01,0.00,0.01,0.00,0.00,0.00,0.00,118.40,119.38,119.88,0.00,0.00,0.33,3.19%,0.00,0.13%,1.82%,0.05%,2.10%,0.03%,0.75%,0.02%,1.20%,0.02%,0.35%,0.02%,0.45%,0.02%,0.29%,0.01%,0.14%,0.01%,0.11%,0.01%,0.13%,0.01%,0.08%,0.01%,0.07%,0.00,0.00,0.00,0.00,0.00,0.00,0.00,0.00,0.00,0.00,0.00,0.00,0.00,0.00,0.00,0.00,0.00,0.00,0.00,0.00,0.00,0.00,0.00,0.00,236.42,237.78,238.96,0.00,0.00,0.00,3.11%,0.00,0.13%,1.79%,0.05%,2.04%,0.03%,0.72%,0.02%,1.16%,0.02%,0.34%,0.02%,0.40%,0.02%,0.28%,0.01%,0.13%,0.01%,0.09%,0.01%,0.11%,0.01%,0.07%,0.01%,0.06%,0.00,0.00,0.00,0.00,0.00,0.00,0.00,0.00,0.00,0.00,0.00,0.00,0.00,0.00,0.00,0.00,0.00,0.00,0.00,0.00,0.00,0.00,0.00,0.00,120,0.685,84,84,59.98,60.00,60.04
25-Jul-2018 22:10:00,10.000,Y,118.70,119.52,119.78,0.98,1.06,1.11,2.92%,0.17,0.14%,1.64%,0.05%,1.93%,0.04%,0.69%,0.03%,1.11%,0.02%,0.33%,0.02%,0.32%,0.02%,0.29%,0.01%,0.12%,0.01%,0.06%,0.01%,0.09%,0.01%,0.07%,0.01%,0.06%,0.01,0.12,0.00,0.07,0.00,0.03,0.00,0.07,0.00,0.04,0.00,0.05,0.00,0.03,0.00,0.01,0.00,0.01,0.00,0.01,0.00,0.00,0.00,0.00,118.80,119.70,120.10,0.00,0.00,0.34,3.13%,0.00,0.14%,1.73%,0.05%,2.07%,0.03%,0.78%,0.03%,1.19%,0.02%,0.35%,0.02%,0.45%,0.02%,0.29%,0.02%,0.13%,0.01%,0.11%,0.01%,0.13%,0.01%,0.08%,0.01%,0.06%,0.00,0.00,0.00,0.00,0.00,0.00,0.00,0.00,0.00,0.00,0.00,0.00,0.00,0.00,0.00,0.00,0.00,0.00,0.00,0.00,0.00,0.00,0.00,0.00,237.18,238.42,239.00,0.00,0.00,0.00,3.02%,0.00,0.14%,1.69%,0.05%,2.00%,0.03%,0.74%,0.03%,1.15%,0.02%,0.34%,0.02%,0.38%,0.02%,0.28%,0.01%,0.13%,0.01%,0.08%,0.01%,0.10%,0.01%,0.06%,0.01%,0.06%,0.00,0.00,0.00,0.00,0.00,0.00,0.00,0.00,0.00,0.00,0.00,0.00,0.00,0.00,0.00,0.00,0.00,0.00,0.00,0.00,0.00,0.00,0.00,0.00,132,0.683,84,84,59.97,60.00,60.05
25-Jul-2018 22:20:00,10.000,Y,117.48,119.58,119.88,0.98,1.06,1.12,2.83%,0.17,0.13%,1.53%,0.05%,1.91%,0.04%,0.69%,0.03%,1.10%,0.02%,0.31%,0.02%,0.33%,0.02%,0.28%,0.01%,0.11%,0.01%,0.06%,0.01%,0.09%,0.01%,0.06%,0.01%,0.06%,0.01,0.11,0.00,0.07,0.00,0.03,0.00,0.07,0.00,0.04,0.00,0.05,0.00,0.03,0.00,0.01,0.00,0.01,0.00,0.01,0.00,0.00,0.00,0.00,117.64,119.76,120.08,0.00,0.00,0.38,3.01%,0.00,0.13%,1.60%,0.05%,2.03%,0.04%,0.76%,0.03%,1.18%,0.02%,0.33%,0.02%,0.44%,0.02%,0.28%,0.01%,0.12%,0.01%,0.10%,0.01%,0.12%,0.01%,0.07%,0.01%,0.06%,0.00,0.00,0.00,0.00,0.00,0.00,0.00,0.00,0.00,0.00,0.00,0.00,0.00,0.00,0.00,0.00,0.00,0.00,0.00,0.00,0.00,0.00,0.00,0.00,234.32,238.52,239.10,0.00,0.00,0.00,2.91%,0.00,0.13%,1.56%,0.05%,1.97%,0.04%,0.72%,0.03%,1.13%,0.02%,0.32%,0.02%,0.38%,0.02%,0.27%,0.01%,0.12%,0.01%,0.08%,0.01%,0.10%,0.01%,0.06%,0.01%,0.06%,0.00,0.00,0.00,0.00,0.00,0.00,0.00,0.00,0.00,0.00,0.00,0.00,0.00,0.00,0.00,0.00,0.00,0.00,0.00,0.00,0.00,0.00,0.00,0.00,132,0.684,84,84,59.97,60.00,60.04
25-Jul-2018 22:30:00,10.000,Y,118.18,119.48,120.18,0.98,1.06,1.11,2.77%,0.17,0.13%,1.46%,0.05%,1.88%,0.03%,0.69%,0.03%,1.09%,0.02%,0.30%,0.02%,0.34%,0.02%,0.27%,0.01%,0.11%,0.01%,0.06%,0.01%,0.08%,0.01%,0.06%,0.01%,0.06%,0.01,0.11,0.00,0.07,0.00,0.03,0.00,0.07,0.00,0.04,0.00,0.05,0.00,0.03,0.00,0.01,0.00,0.01,0.00,0.01,0.00,0.00,0.00,0.00,118.42,119.80,120.42,0.00,0.00,0.33,2.94%,0.00,0.14%,1.53%,0.05%,1.99%,0.03%,0.74%,0.03%,1.15%,0.02%,0.32%,0.02%,0.44%,0.02%,0.26%,0.01%,0.11%,0.01%,0.10%,0.01%,0.10%,0.01%,0.08%,0.01%,0.05%,0.00,0.00,0.00,0.00,0.00,0.00,0.00,0.00,0.00,0.00,0.00,0.00,0.00,0.00,0.00,0.00,0.00,0.00,0.00,0.00,0.00,0.00,0.00,0.00,235.82,238.48,239.80,0.00,0.00,0.00,2.85%,0.00,0.13%,1.49%,0.05%,1.94%,0.03%,0.72%,0.03%,1.12%,0.02%,0.31%,0.02%,0.39%,0.02%,0.26%,0.01%,0.11%,0.01%,0.08%,0.01%,0.09%,0.01%,0.06%,0.01%,0.05%,0.00,0.00,0.00,0.00,0.00,0.00,0.00,0.00,0.00,0.00,0.00,0.00,0.00,0.00,0.00,0.00,0.00,0.00,0.00,0.00,0.00,0.00,0.00,0.00,132,0.684,84,84,59.95,60.00,60.04
25-Jul-2018 22:40:00,10.000,Y,118.80,119.64,119.96,0.98,1.06,1.12,2.70%,0.17,0.12%,1.40%,0.05%,1.84%,0.03%,0.69%,0.02%,1.09%,0.02%,0.30%,0.02%,0.35%,0.02%,0.26%,0.01%,0.10%,0.01%,0.08%,0.01%,0.07%,0.01%,0.07%,0.01%,0.05%,0.01,0.11,0.00,0.07,0.00,0.03,0.00,0.07,0.00,0.04,0.00,0.05,0.00,0.03,0.00,0.00,0.00,0.01,0.00,0.01,0.00,0.00,0.00,0.00,118.96,120.00,120.44,0.00,0.00,0.42,2.89%,0.00,0.12%,1.48%,0.05%,1.95%,0.03%,0.77%,0.02%,1.15%,0.02%,0.31%,0.02%,0.47%,0.02%,0.27%,0.01%,0.11%,0.01%,0.12%,0.01%,0.09%,0.01%,0.08%,0.01%,0.05%,0.00,0.00,0.00,0.00,0.00,0.00,0.00,0.00,0.00,0.00,0.00,0.00,0.00,0.00,0.00,0.00,0.00,0.00,0.00,0.00,0.00,0.00,0.00,0.00,237.42,238.82,239.42,0.00,0.00,0.00,2.79%,0.00,0.12%,1.44%,0.05%,1.89%,0.03%,0.73%,0.02%,1.11%,0.02%,0.31%,0.02%,0.41%,0.02%,0.26%,0.01%,0.10%,0.01%,0.10%,0.01%,0.07%,0.01%,0.07%,0.01%,0.05%,0.00,0.00,0.00,0.00,0.00,0.00,0.00,0.00,0.00,0.00,0.00,0.00,0.00,0.00,0.00,0.00,0.00,0.00,0.00,0.00,0.00,0.00,0.00,0.00,132,0.683,84,84,59.95,60.00,60.04
25-Jul-2018 22:50:00,10.000,Y,118.24,119.74,120.22,0.98,1.06,1.13,2.63%,0.16,0.12%,1.32%,0.05%,1.79%,0.03%,0.73%,0.02%,1.06%,0.02%,0.29%,0.02%,0.33%,0.01%,0.24%,0.01%,0.10%,0.01%,0.07%,0.01%,0.06%,0.01%,0.07%,0.01%,0.04%,0.01,0.11,0.00,0.07,0.00,0.03,0.00,0.07,0.00,0.04,0.00,0.05,0.00,0.03,0.00,0.00,0.00,0.01,0.00,0.01,0.00,0.00,0.00,0.00,118.80,120.10,120.58,0.00,0.00,0.33,2.84%,0.00,0.13%,1.41%,0.05%,1.91%,0.03%,0.82%,0.03%,1.13%,0.02%,0.31%,0.02%,0.45%,0.02%,0.28%,0.01%,0.10%,0.01%,0.10%,0.01%,0.09%,0.01%,0.08%,0.01%,0.04%,0.00,0.00,0.00,0.00,0.00,0.00,0.00,0.00,0.00,0.00,0.00,0.00,0.00,0.00,0.00,0.00,0.00,0.00,0.00,0.00,0.00,0.00,0.00,0.00,236.96,239.02,239.94,0.00,0.00,0.00,2.73%,0.00,0.13%,1.37%,0.05%,1.85%,0.03%,0.77%,0.03%,1.09%,0.02%,0.30%,0.02%,0.39%,0.01%,0.25%,0.01%,0.09%,0.01%,0.09%,0.01%,0.07%,0.01%,0.07%,0.01%,0.03%,0.00,0.00,0.00,0.00,0.00,0.00,0.00,0.00,0.00,0.00,0.00,0.00,0.00,0.00,0.00,0.00,0.00,0.00,0.00,0.00,0.00,0.00,0.00,0.00,132,0.686,84,84,59.95,60.00,60.03
25-Jul-2018 23:00:00,10.000,Y,118.46,119.34,119.66,0.97,1.06,1.13,2.53%,0.16,0.12%,1.21%,0.05%,1.74%,0.04%,0.77%,0.03%,1.04%,0.02%,0.25%,0.02%,0.31%,0.02%,0.23%,0.01%,0.08%,0.01%,0.06%,0.01%,0.06%,0.01%,0.06%,0.01%,0.04%,0.01,0.11,0.00,0.07,0.00,0.03,0.00,0.07,0.00,0.04,0.00,0.05,0.00,0.03,0.00,0.00,0.00,0.01,0.00,0.01,0.00,0.00,0.00,0.00,118.48,119.42,120.00,0.00,0.00,0.33,2.77%,0.00,0.13%,1.34%,0.05%,1.87%,0.03%,0.86%,0.03%,1.11%,0.02%,0.30%,0.02%,0.41%,0.02%,0.27%,0.01%,0.11%,0.01%,0.09%,0.01%,0.09%,0.01%,0.06%,0.01%,0.05%,0.00,0.00,0.00,0.00,0.00,0.00,0.00,0.00,0.00,0.00,0.00,0.00,0.00,0.00,0.00,0.00,0.00,0.00,0.00,0.00,0.00,0.00,0.00,0.00,236.68,237.96,238.66,0.00,0.00,0.00,2.65%,0.00,0.13%,1.28%,0.05%,1.80%,0.04%,0.81%,0.03%,1.07%,0.02%,0.27%,0.02%,0.36%,0.02%,0.25%,0.01%,0.09%,0.01%,0.07%,0.01%,0.06%,0.01%,0.05%,0.01%,0.04%,0.00,0.00,0.00,0.00,0.00,0.00,0.00,0.00,0.00,0.00,0.00,0.00,0.00,0.00,0.00,0.00,0.00,0.00,0.00,0.00,0.00,0.00,0.00,0.00,120,0.688,84,84,59.96,60.00,60.05
25-Jul-2018 23:10:00,10.000,Y,118.50,119.58,119.84,0.98,1.05,1.11,2.49%,0.16,0.13%,1.16%,0.05%,1.70%,0.03%,0.76%,0.03%,1.05%,0.02%,0.25%,0.01%,0.32%,0.01%,0.24%,0.01%,0.09%,0.01%,0.05%,0.01%,0.06%,0.01%,0.06%,0.01%,0.05%,0.01,0.10,0.00,0.07,0.00,0.03,0.00,0.07,0.00,0.04,0.00,0.05,0.00,0.03,0.00,0.00,0.00,0.01,0.00,0.01,0.00,0.00,0.00,0.00,118.58,119.72,120.04,0.00,0.00,0.33,2.67%,0.00,0.12%,1.25%,0.05%,1.82%,0.03%,0.82%,0.03%,1.10%,0.02%,0.28%,0.02%,0.40%,0.02%,0.27%,0.01%,0.10%,0.01%,0.07%,0.01%,0.09%,0.01%,0.06%,0.01%,0.05%,0.00,0.00,0.00,0.00,0.00,0.00,0.00,0.00,0.00,0.00,0.00,0.00,0.00,0.00,0.00,0.00,0.00,0.00,0.00,0.00,0.00,0.00,0.00,0.00,237.24,238.50,239.04,0.00,0.00,0.00,2.57%,0.00,0.13%,1.20%,0.05%,1.76%,0.03%,0.79%,0.03%,1.07%,0.02%,0.26%,0.02%,0.35%,0.01%,0.25%,0.01%,0.09%,0.01%,0.06%,0.01%,0.07%,0.01%,0.05%,0.01%,0.04%,0.00,0.00,0.00,0.00,0.00,0.00,0.00,0.00,0.00,0.00,0.00,0.00,0.00,0.00,0.00,0.00,0.00,0.00,0.00,0.00,0.00,0.00,0.00,0.00,120,0.684,84,84,59.95,60.00,60.04
25-Jul-2018 23:20:00,10.000,Y,117.76,119.26,120.00,0.97,1.05,1.11,2.46%,0.16,0.11%,1.10%,0.04%,1.72%,0.02%,0.78%,0.02%,1.00%,0.02%,0.24%,0.01%,0.33%,0.01%,0.24%,0.01%,0.07%,0.01%,0.07%,0.01%,0.07%,0.01%,0.06%,0.01%,0.06%,0.01,0.10,0.00,0.07,0.00,0.03,0.00,0.06,0.00,0.04,0.00,0.05,0.00,0.03,0.00,0.00,0.00,0.01,0.00,0.01,0.00,0.00,0.00,0.00,118.32,119.32,120.06,0.00,0.00,0.33,2.64%,0.00,0.11%,1.20%,0.04%,1.84%,0.02%,0.84%,0.02%,1.05%,0.02%,0.28%,0.01%,0.40%,0.01%,0.26%,0.01%,0.09%,0.01%,0.09%,0.01%,0.09%,0.01%,0.07%,0.01%,0.05%,0.00,0.00,0.00,0.00,0.00,0.00,0.00,0.00,0.00,0.00,0.00,0.00,0.00,0.00,0.00,0.00,0.00,0.00,0.00,0.00,0.00,0.00,0.00,0.00,235.90,237.78,239.16,0.00,0.00,0.00,2.55%,0.00,0.11%,1.15%,0.04%,1.78%,0.02%,0.81%,0.02%,1.02%,0.02%,0.26%,0.01%,0.37%,0.01%,0.24%,0.01%,0.08%,0.01%,0.08%,0.01%,0.08%,0.01%,0.06%,0.01%,0.05%,0.00,0.00,0.00,0.00,0.00,0.00,0.00,0.00,0.00,0.00,0.00,0.00,0.00,0.00,0.00,0.00,0.00,0.00,0.00,0.00,0.00,0.00,0.00,0.00,120,0.685,84,84,59.95,59.99,60.03
25-Jul-2018 23:30:00,10.000,Y,117.94,118.94,119.28,0.97,1.05,1.11,2.43%,0.16,0.10%,1.03%,0.04%,1.72%,0.03%,0.79%,0.02%,0.98%,0.02%,0.23%,0.01%,0.34%,0.01%,0.24%,0.01%,0.06%,0.01%,0.07%,0.01%,0.07%,0.01%,0.05%,0.01%,0.06%,0.01,0.10,0.00,0.07,0.00,0.03,0.00,0.06,0.00,0.04,0.00,0.05,0.00,0.03,0.00,0.00,0.00,0.01,0.00,0.01,0.00,0.00,0.00,0.01,118.32,119.08,119.48,0.00,0.00,0.34,2.60%,0.00,0.10%,1.15%,0.04%,1.83%,0.03%,0.83%,0.02%,1.03%,0.02%,0.28%,0.01%,0.39%,0.01%,0.25%,0.01%,0.10%,0.01%,0.08%,0.01%,0.08%,0.01%,0.07%,0.01%,0.05%,0.00,0.00,0.00,0.00,0.00,0.00,0.00,0.00,0.00,0.00,0.00,0.00,0.00,0.00,0.00,0.00,0.00,0.00,0.00,0.00,0.00,0.00,0.00,0.00,236.06,237.24,237.76,0.00,0.00,0.00,2.51%,0.00,0.10%,1.09%,0.04%,1.78%,0.03%,0.81%,0.02%,1.01%,0.02%,0.25%,0.01%,0.36%,0.01%,0.24%,0.01%,0.07%,0.01%,0.07%,0.01%,0.07%,0.01%,0.06%,0.01%,0.05%,0.00,0.00,0.00,0.00,0.00,0.00,0.00,0.00,0.00,0.00,0.00,0.00,0.00,0.00,0.00,0.00,0.00,0.00,0.00,0.00,0.00,0.00,0.00,0.00,120,0.687,84,84,59.93,59.99,60.03
25-Jul-2018 23:40:00,10.000,Y,118.04,118.98,119.34,0.11,1.56,1.88,2.36%,0.11,0.14%,0.96%,0.05%,1.69%,0.04%,0.80%,0.03%,0.95%,0.02%,0.24%,0.02%,0.33%,0.01%,0.23%,0.01%,0.06%,0.01%,0.07%,0.01%,0.07%,0.01%,0.06%,0.01%,0.06%,0.01,0.06,0.00,0.06,0.00,0.04,0.00,0.04,0.00,0.02,0.00,0.02,0.00,0.02,0.00,0.01,0.00,0.01,0.00,0.01,0.00,0.00,0.00,0.00,118.42,119.32,119.72,0.00,0.00,0.34,2.54%,0.00,0.14%,1.08%,0.06%,1.79%,0.04%,0.84%,0.03%,1.01%,0.02%,0.27%,0.02%,0.38%,0.02%,0.25%,0.01%,0.09%,0.01%,0.07%,0.01%,0.09%,0.01%,0.08%,0.01%,0.05%,0.00,0.00,0.00,0.00,0.00,0.00,0.00,0.00,0.00,0.00,0.00,0.00,0.00,0.00,0.00,0.00,0.00,0.00,0.00,0.00,0.00,0.00,0.00,0.00,236.26,237.50,238.00,0.00,0.00,0.00,2.45%,0.00,0.14%,1.02%,0.06%,1.74%,0.03%,0.82%,0.03%,0.98%,0.02%,0.25%,0.02%,0.35%,0.01%,0.24%,0.01%,0.07%,0.01%,0.06%,0.01%,0.08%,0.01%,0.06%,0.01%,0.05%,0.00,0.00,0.00,0.00,0.00,0.00,0.00,0.00,0.00,0.00,0.00,0.00,0.00,0.00,0.00,0.00,0.00,0.00,0.00,0.00,0.00,0.00,0.00,0.00,192,0.914,180,12,59.97,60.01,60.05
25-Jul-2018 23:50:00,10.000,Y,118.14,119.08,119.38,0.09,0.82,1.83,2.33%,0.04,0.11%,0.93%,0.04%,1.67%,0.03%,0.79%,0.02%,0.93%,0.02%,0.24%,0.01%,0.33%,0.01%,0.22%,0.01%,0.06%,0.01%,0.07%,0.01%,0.08%,0.01%,0.06%,0.01%,0.07%,0.00,0.02,0.00,0.03,0.00,0.02,0.00,0.01,0.00,0.01,0.00,0.00,0.00,0.01,0.00,0.00,0.00,0.00,0.00,0.00,0.00,0.00,0.00,0.00,118.36,119.50,119.80,0.00,0.00,0.34,2.50%,0.00,0.11%,1.05%,0.04%,1.77%,0.03%,0.83%,0.02%,1.00%,0.02%,0.28%,0.01%,0.38%,0.01%,0.25%,0.01%,0.10%,0.01%,0.07%,0.01%,0.09%,0.01%,0.09%,0.01%,0.05%,0.00,0.00,0.00,0.00,0.00,0.00,0.00,0.00,0.00,0.00,0.00,0.00,0.00,0.00,0.00,0.00,0.00,0.00,0.00,0.00,0.00,0.00,0.00,0.00,236.62,237.78,238.30,0.00,0.00,0.00,2.41%,0.00,0.11%,0.99%,0.04%,1.72%,0.03%,0.81%,0.02%,0.96%,0.02%,0.26%,0.01%,0.35%,0.01%,0.23%,0.01%,0.08%,0.01%,0.07%,0.01%,0.08%,0.01%,0.07%,0.01%,0.05%,0.00,0.00,0.00,0.00,0.00,0.00,0.00,0.00,0.00,0.00,0.00,0.00,0.00,0.00,0.00,0.00,0.00,0.00,0.00,0.00,0.00,0.00,0.00,0.00,96,-0.998,96,0,59.95,59.99,60.03
26-Jul-2018 00:00:00,10.000,Y,118.46,119.34,119.76,0.00,0.00,0.19,2.29%,0.00,0.13%,0.89%,0.05%,1.64%,0.03%,0.81%,0.03%,0.93%,0.02%,0.23%,0.02%,0.33%,0.01%,0.21%,0.01%,0.06%,0.01%,0.07%,0.01%,0.07%,0.01%,0.06%,0.01%,0.06%,0.00,0.00,0.00,0.00,0.00,0.00,0.00,0.00,0.00,0.00,0.00,0.00,0.00,0.00,0.00,0.00,0.00,0.00,0.00,0.00,0.00,0.00,0.00,0.00,118.40,119.56,119.90,0.00,0.00,0.33,2.45%,0.00,0.13%,0.98%,0.05%,1.73%,0.03%,0.84%,0.03%,1.00%,0.02%,0.27%,0.02%,0.37%,0.01%,0.24%,0.01%,0.10%,0.01%,0.07%,0.01%,0.09%,0.01%,0.08%,0.01%,0.05%,0.00,0.00,0.00,0.00,0.00,0.00,0.00,0.00,0.00,0.00,0.00,0.00,0.00,0.00,0.00,0.00,0.00,0.00,0.00,0.00,0.00,0.00,0.00,0.00,236.60,238.08,238.84,0.00,0.00,0.00,2.37%,0.00,0.13%,0.94%,0.05%,1.68%,0.03%,0.82%,0.03%,0.96%,0.02%,0.25%,0.02%,0.35%,0.01%,0.22%,0.01%,0.08%,0.01%,0.07%,0.01%,0.07%,0.01%,0.07%,0.01%,0.05%,0.00,0.00,0.00,0.00,0.00,0.00,0.00,0.00,0.00,0.00,0.00,0.00,0.00,0.00,0.00,0.00,0.00,0.00,0.00,0.00,0.00,0.00,0.00,0.00,0,1.000,0,0,59.97,60.00,60.06
26-Jul-2018 00:10:00,10.000,Y,118.54,119.46,119.86,0.00,0.00,0.22,2.28%,0.00,0.12%,0.86%,0.05%,1.65%,0.03%,0.81%,0.02%,0.91%,0.02%,0.22%,0.02%,0.32%,0.01%,0.21%,0.01%,0.06%,0.01%,0.06%,0.01%,0.07%,0.01%,0.06%,0.01%,0.06%,0.00,0.00,0.00,0.00,0.00,0.00,0.00,0.00,0.00,0.00,0.00,0.00,0.00,0.00,0.00,0.00,0.00,0.00,0.00,0.00,0.00,0.00,0.00,0.00,118.80,119.60,119.90,0.00,0.00,0.33,2.44%,0.00,0.12%,0.96%,0.05%,1.73%,0.03%,0.85%,0.03%,0.99%,0.02%,0.26%,0.02%,0.36%,0.02%,0.23%,0.01%,0.10%,0.01%,0.08%,0.01%,0.08%,0.01%,0.08%,0.01%,0.05%,0.00,0.00,0.00,0.00,0.00,0.00,0.00,0.00,0.00,0.00,0.00,0.00,0.00,0.00,0.00,0.00,0.00,0.00,0.00,0.00,0.00,0.00,0.00,0.00,237.12,238.26,238.82,0.00,0.00,0.00,2.35%,0.00,0.12%,0.91%,0.05%,1.69%,0.03%,0.83%,0.02%,0.95%,0.02%,0.23%,0.02%,0.34%,0.01%,0.22%,0.01%,0.07%,0.01%,0.07%,0.01%,0.07%,0.01%,0.07%,0.01%,0.05%,0.00,0.00,0.00,0.00,0.00,0.00,0.00,0.00,0.00,0.00,0.00,0.00,0.00,0.00,0.00,0.00,0.00,0.00,0.00,0.00,0.00,0.00,0.00,0.00,0,1.000,0,0,59.94,60.00,60.04
26-Jul-2018 00:20:00,10.000,Y,118.44,119.40,119.70,0.09,0.55,14.20,2.24%,0.07,0.12%,0.80%,0.04%,1.63%,0.03%,0.80%,0.02%,0.90%,0.02%,0.23%,0.01%,0.31%,0.01%,0.21%,0.01%,0.07%,0.01%,0.05%,0.01%,0.07%,0.01%,0.06%,0.01%,0.05%,0.01,0.05,0.00,0.03,0.00,0.01,0.00,0.03,0.00,0.02,0.00,0.02,0.00,0.01,0.00,0.00,0.00,0.00,0.00,0.00,0.00,0.00,0.00,0.00,118.72,119.56,119.88,0.00,0.00,0.34,2.38%,0.00,0.12%,0.90%,0.05%,1.71%,0.03%,0.84%,0.02%,0.97%,0.02%,0.26%,0.02%,0.36%,0.01%,0.22%,0.01%,0.10%,0.01%,0.07%,0.01%,0.07%,0.01%,0.08%,0.01%,0.04%,0.00,0.00,0.00,0.00,0.00,0.00,0.00,0.00,0.00,0.00,0.00,0.00,0.00,0.00,0.00,0.00,0.00,0.00,0.00,0.00,0.00,0.00,0.00,0.00,236.82,238.16,238.68,0.00,0.00,0.00,2.30%,0.00,0.12%,0.85%,0.04%,1.67%,0.03%,0.82%,0.02%,0.93%,0.02%,0.24%,0.01%,0.33%,0.01%,0.21%,0.01%,0.08%,0.01%,0.06%,0.01%,0.07%,0.01%,0.07%,0.01%,0.04%,0.00,0.00,0.00,0.00,0.00,0.00,0.00,0.00,0.00,0.00,0.00,0.00,0.00,0.00,0.00,0.00,0.00,0.00,0.00,0.00,0.00,0.00,0.00,0.00,60,0.870,48,48,59.95,59.99,60.03
26-Jul-2018 00:30:00,10.000,Y,118.84,119.64,119.88,1.00,1.09,1.16,2.22%,0.16,0.14%,0.77%,0.05%,1.63%,0.04%,0.80%,0.03%,0.91%,0.02%,0.23%,0.02%,0.31%,0.02%,0.20%,0.01%,0.06%,0.01%,0.06%,0.01%,0.07%,0.01%,0.06%,0.01%,0.06%,0.01,0.10,0.00,0.07,0.00,0.03,0.00,0.06,0.00,0.04,0.00,0.05,0.00,0.03,0.00,0.00,0.00,0.01,0.00,0.01,0.00,0.00,0.00,0.01,118.90,119.78,120.00,0.00,0.00,0.33,2.37%,0.00,0.14%,0.86%,0.06%,1.72%,0.04%,0.84%,0.03%,0.95%,0.02%,0.26%,0.02%,0.35%,0.02%,0.21%,0.01%,0.10%,0.01%,0.07%,0.01%,0.08%,0.01%,0.08%,0.01%,0.04%,0.00,0.00,0.00,0.00,0.00,0.00,0.00,0.00,0.00,0.00,0.00,0.00,0.00,0.00,0.00,0.00,0.00,0.00,0.00,0.00,0.00,0.00,0.00,0.00,237.50,238.60,238.98,0.00,0.00,0.00,2.29%,0.00,0.14%,0.82%,0.05%,1.67%,0.04%,0.82%,0.03%,0.92%,0.02%,0.24%,0.02%,0.32%,0.02%,0.21%,0.01%,0.08%,0.01%,0.06%,0.01%,0.07%,0.01%,0.07%,0.01%,0.04%,0.00,0.00,0.00,0.00,0.00,0.00,0.00,0.00,0.00,0.00,0.00,0.00,0.00,0.00,0.00,0.00,0.00,0.00,0.00,0.00,0.00,0.00,0.00,0.00,132,0.704,96,84,59.97,60.00,60.04
26-Jul-2018 00:40:00,10.000,Y,118.74,119.70,120.12,1.00,1.07,1.13,2.22%,0.15,0.11%,0.75%,0.04%,1.63%,0.03%,0.81%,0.02%,0.90%,0.02%,0.24%,0.01%,0.30%,0.01%,0.21%,0.01%,0.07%,0.01%,0.06%,0.01%,0.07%,0.01%,0.07%,0.01%,0.05%,0.01,0.10,0.00,0.07,0.00,0.03,0.00,0.06,0.00,0.04,0.00,0.05,0.00,0.03,0.00,0.00,0.00,0.01,0.00,0.01,0.00,0.00,0.00,0.01,119.16,119.96,120.24,0.00,0.00,0.33,2.37%,0.00,0.10%,0.84%,0.04%,1.73%,0.03%,0.86%,0.02%,0.95%,0.02%,0.27%,0.01%,0.34%,0.01%,0.22%,0.01%,0.11%,0.01%,0.07%,0.01%,0.08%,0.01%,0.09%,0.01%,0.04%,0.00,0.00,0.00,0.00,0.00,0.00,0.00,0.00,0.00,0.00,0.00,0.00,0.00,0.00,0.00,0.00,0.00,0.00,0.00,0.00,0.00,0.00,0.00,0.00,237.62,238.86,239.52,0.00,0.00,0.00,2.29%,0.00,0.11%,0.80%,0.04%,1.68%,0.03%,0.83%,0.02%,0.92%,0.02%,0.25%,0.01%,0.32%,0.01%,0.21%,0.01%,0.09%,0.01%,0.06%,0.01%,0.07%,0.01%,0.07%,0.01%,0.04%,0.00,0.00,0.00,0.00,0.00,0.00,0.00,0.00,0.00,0.00,0.00,0.00,0.00,0.00,0.00,0.00,0.00,0.00,0.00,0.00,0.00,0.00,0.00,0.00,132,0.696,84,84,59.93,59.99,60.04
26-Jul-2018 00:50:00,10.000,Y,118.44,119.42,119.92,0.99,1.07,1.13,2.17%,0.15,0.12%,0.72%,0.05%,1.59%,0.03%,0.82%,0.02%,0.89%,0.02%,0.22%,0.02%,0.29%,0.01%,0.20%,0.01%,0.07%,0.01%,0.05%,0.01%,0.06%,0.01%,0.07%,0.01%,0.05%,0.01,0.10,0.00,0.07,0.00,0.03,0.00,0.06,0.00,0.04,0.00,0.05,0.00,0.03,0.00,0.00,0.00,0.01,0.00,0.01,0.00,0.00,0.00,0.01,118.94,119.78,120.06,0.00,0.00,0.34,2.34%,0.00,0.12%,0.83%,0.05%,1.68%,0.03%,0.86%,0.02%,0.97%,0.02%,0.26%,0.02%,0.35%,0.01%,0.23%,0.01%,0.11%,0.01%,0.08%,0.01%,0.08%,0.01%,0.09%,0.01%,0.05%,0.00,0.00,0.00,0.00,0.00,0.00,0.00,0.00,0.00,0.00,0.00,0.00,0.00,0.00,0.00,0.00,0.00,0.00,0.00,0.00,0.00,0.00,0.00,0.00,237.00,238.40,239.04,0.00,0.00,0.00,2.25%,0.00,0.12%,0.77%,0.05%,1.63%,0.03%,0.84%,0.02%,0.93%,0.02%,0.24%,0.02%,0.32%,0.01%,0.21%,0.01%,0.08%,0.01%,0.06%,0.01%,0.06%,0.01%,0.07%,0.01%,0.05%,0.00,0.00,0.00,0.00,0.00,0.00,0.00,0.00,0.00,0.00,0.00,0.00,0.00,0.00,0.00,0.00,0.00,0.00,0.00,0.00,0.00,0.00,0.00,0.00,132,0.696,84,84,59.94,60.00,60.04
26-Jul-2018 01:00:00,10.000,Y,115.48,119.50,119.90,0.91,1.07,1.21,2.18%,0.15,0.13%,0.71%,0.05%,1.61%,0.03%,0.82%,0.03%,0.89%,0.02%,0.23%,0.02%,0.28%,0.01%,0.19%,0.01%,0.07%,0.01%,0.05%,0.01%,0.06%,0.01%,0.07%,0.01%,0.06%,0.01,0.10,0.00,0.07,0.00,0.03,0.00,0.06,0.00,0.04,0.00,0.05,0.00,0.03,0.00,0.00,0.00,0.01,0.00,0.01,0.00,0.00,0.00,0.00,115.88,119.86,120.12,0.00,0.00,0.43,2.34%,0.00,0.13%,0.81%,0.05%,1.69%,0.03%,0.86%,0.03%,0.96%,0.02%,0.26%,0.02%,0.34%,0.02%,0.22%,0.01%,0.11%,0.01%,0.07%,0.01%,0.08%,0.01%,0.09%,0.01%,0.04%,0.00,0.00,0.00,0.00,0.00,0.00,0.00,0.00,0.00,0.00,0.00,0.00,0.00,0.00,0.00,0.00,0.00,0.00,0.00,0.00,0.00,0.00,0.00,0.00,230.58,238.54,239.18,0.00,0.00,0.00,2.26%,0.00,0.13%,0.76%,0.05%,1.65%,0.03%,0.83%,0.03%,0.92%,0.02%,0.24%,0.02%,0.31%,0.01%,0.20%,0.01%,0.09%,0.01%,0.06%,0.01%,0.07%,0.01%,0.08%,0.01%,0.04%,0.00,0.00,0.00,0.00,0.00,0.00,0.00,0.00,0.00,0.00,0.00,0.00,0.00,0.00,0.00,0.00,0.00,0.00,0.00,0.00,0.00,0.00,0.00,0.00,132,0.695,84,84,59.97,60.00,60.06
26-Jul-2018 01:10:00,10.000,Y,118.46,119.66,119.98,0.99,1.07,1.12,2.16%,0.15,0.14%,0.68%,0.05%,1.59%,0.04%,0.81%,0.02%,0.88%,0.02%,0.23%,0.02%,0.29%,0.01%,0.18%,0.01%,0.06%,0.01%,0.06%,0.01%,0.06%,0.01%,0.06%,0.01%,0.06%,0.01,0.10,0.00,0.07,0.00,0.04,0.00,0.05,0.00,0.04,0.00,0.05,0.00,0.03,0.00,0.00,0.00,0.01,0.00,0.01,0.00,0.00,0.00,0.01,119.00,119.88,120.22,0.00,0.00,0.33,2.30%,0.00,0.14%,0.77%,0.05%,1.68%,0.04%,0.85%,0.02%,0.93%,0.02%,0.26%,0.02%,0.34%,0.02%,0.21%,0.01%,0.10%,0.01%,0.07%,0.01%,0.08%,0.01%,0.08%,0.01%,0.05%,0.00,0.00,0.00,0.00,0.00,0.00,0.00,0.00,0.00,0.00,0.00,0.00,0.00,0.00,0.00,0.00,0.00,0.00,0.00,0.00,0.00,0.00,0.00,0.00,237.04,238.74,239.36,0.00,0.00,0.00,2.22%,0.00,0.14%,0.73%,0.05%,1.63%,0.04%,0.83%,0.02%,0.90%,0.02%,0.24%,0.02%,0.32%,0.01%,0.19%,0.01%,0.07%,0.01%,0.06%,0.01%,0.06%,0.01%,0.07%,0.01%,0.05%,0.00,0.00,0.00,0.00,0.00,0.00,0.00,0.00,0.00,0.00,0.00,0.00,0.00,0.00,0.00,0.00,0.00,0.00,0.00,0.00,0.00,0.00,0.00,0.00,132,0.694,84,84,59.96,60.01,60.06
26-Jul-2018 01:20:00,10.000,Y,118.76,119.56,119.84,0.99,1.07,1.13,2.13%,0.15,0.13%,0.65%,0.05%,1.59%,0.03%,0.78%,0.02%,0.87%,0.02%,0.22%,0.02%,0.29%,0.01%,0.18%,0.01%,0.06%,0.01%,0.05%,0.01%,0.05%,0.01%,0.06%,0.01%,0.05%,0.01,0.09,0.00,0.07,0.00,0.04,0.00,0.05,0.00,0.04,0.00,0.05,0.00,0.03,0.00,0.00,0.00,0.01,0.00,0.01,0.00,0.00,0.00,0.01,119.02,119.80,120.06,0.00,0.00,0.33,2.28%,0.00,0.13%,0.75%,0.05%,1.68%,0.03%,0.81%,0.02%,0.93%,0.02%,0.25%,0.02%,0.34%,0.01%,0.21%,0.01%,0.10%,0.01%,0.06%,0.01%,0.07%,0.01%,0.08%,0.01%,0.05%,0.00,0.00,0.00,0.00,0.00,0.00,0.00,0.00,0.00,0.00,0.00,0.00,0.00,0.00,0.00,0.00,0.00,0.00,0.00,0.00,0.00,0.00,0.00,0.00,237.36,238.56,238.98,0.00,0.00,0.00,2.20%,0.00,0.13%,0.70%,0.05%,1.63%,0.03%,0.79%,0.02%,0.90%,0.02%,0.23%,0.02%,0.31%,0.01%,0.19%,0.01%,0.08%,0.01%,0.05%,0.01%,0.06%,0.01%,0.07%,0.01%,0.04%,0.00,0.00,0.00,0.00,0.00,0.00,0.00,0.00,0.00,0.00,0.00,0.00,0.00,0.00,0.00,0.00,0.00,0.00,0.00,0.00,0.00,0.00,0.00,0.00,132,0.694,84,84,59.97,60.00,60.05
26-Jul-2018 01:30:00,10.000,Y,118.46,119.58,119.88,0.99,1.07,1.13,2.14%,0.15,0.13%,0.63%,0.05%,1.60%,0.03%,0.80%,0.03%,0.87%,0.02%,0.22%,0.02%,0.28%,0.01%,0.18%,0.01%,0.06%,0.01%,0.05%,0.01%,0.06%,0.01%,0.06%,0.01%,0.06%,0.01,0.09,0.00,0.07,0.00,0.03,0.00,0.05,0.00,0.03,0.00,0.05,0.00,0.03,0.00,0.00,0.00,0.01,0.00,0.01,0.00,0.00,0.00,0.01,119.04,119.90,120.16,0.00,0.00,0.33,2.29%,0.00,0.14%,0.73%,0.05%,1.68%,0.03%,0.84%,0.03%,0.94%,0.02%,0.26%,0.02%,0.34%,0.02%,0.21%,0.01%,0.10%,0.01%,0.07%,0.01%,0.08%,0.01%,0.08%,0.01%,0.05%,0.00,0.00,0.00,0.00,0.00,0.00,0.00,0.00,0.00,0.00,0.00,0.00,0.00,0.00,0.00,0.00,0.00,0.00,0.00,0.00,0.00,0.00,0.00,0.00,237.36,238.66,239.14,0.00,0.00,0.00,2.21%,0.00,0.14%,0.68%,0.05%,1.64%,0.03%,0.82%,0.03%,0.90%,0.02%,0.24%,0.02%,0.31%,0.02%,0.19%,0.01%,0.08%,0.01%,0.06%,0.01%,0.07%,0.01%,0.07%,0.01%,0.04%,0.00,0.00,0.00,0.00,0.00,0.00,0.00,0.00,0.00,0.00,0.00,0.00,0.00,0.00,0.00,0.00,0.00,0.00,0.00,0.00,0.00,0.00,0.00,0.00,132,0.697,84,84,59.96,60.01,60.04
26-Jul-2018 01:40:00,10.000,Y,118.80,119.66,120.10,0.99,1.06,1.13,2.12%,0.15,0.12%,0.63%,0.05%,1.58%,0.03%,0.81%,0.02%,0.88%,0.02%,0.21%,0.01%,0.29%,0.01%,0.18%,0.01%,0.06%,0.01%,0.05%,0.01%,0.06%,0.01%,0.06%,0.01%,0.06%,0.01,0.09,0.00,0.07,0.00,0.04,0.00,0.05,0.00,0.04,0.00,0.04,0.00,0.03,0.00,0.00,0.00,0.01,0.00,0.01,0.00,0.00,0.00,0.01,119.16,119.92,120.20,0.00,0.00,0.33,2.28%,0.00,0.11%,0.72%,0.05%,1.66%,0.03%,0.87%,0.02%,0.95%,0.02%,0.25%,0.02%,0.35%,0.01%,0.21%,0.01%,0.10%,0.01%,0.06%,0.01%,0.08%,0.01%,0.08%,0.01%,0.05%,0.00,0.00,0.00,0.00,0.00,0.00,0.00,0.00,0.00,0.00,0.00,0.00,0.00,0.00,0.00,0.00,0.00,0.00,0.00,0.00,0.00,0.00,0.00,0.00,237.60,238.76,239.40,0.00,0.00,0.00,2.20%,0.00,0.11%,0.68%,0.05%,1.62%,0.03%,0.84%,0.02%,0.91%,0.02%,0.23%,0.02%,0.32%,0.01%,0.19%,0.01%,0.08%,0.01%,0.05%,0.01%,0.06%,0.01%,0.07%,0.01%,0.05%,0.00,0.00,0.00,0.00,0.00,0.00,0.00,0.00,0.00,0.00,0.00,0.00,0.00,0.00,0.00,0.00,0.00,0.00,0.00,0.00,0.00,0.00,0.00,0.00,132,0.691,84,84,59.95,60.00,60.04
26-Jul-2018 01:50:00,10.000,Y,118.70,119.70,120.06,0.99,1.06,1.12,2.09%,0.15,0.11%,0.60%,0.04%,1.55%,0.03%,0.79%,0.02%,0.88%,0.02%,0.22%,0.01%,0.30%,0.01%,0.19%,0.01%,0.06%,0.01%,0.05%,0.01%,0.06%,0.01%,0.06%,0.01%,0.05%,0.01,0.09,0.00,0.07,0.00,0.04,0.00,0.05,0.00,0.04,0.00,0.05,0.00,0.03,0.00,0.01,0.00,0.01,0.00,0.01,0.00,0.00,0.00,0.01,118.92,119.78,120.14,0.00,0.00,0.33,2.22%,0.00,0.11%,0.68%,0.04%,1.63%,0.03%,0.82%,0.02%,0.93%,0.02%,0.24%,0.01%,0.33%,0.01%,0.20%,0.01%,0.09%,0.01%,0.06%,0.01%,0.07%,0.01%,0.08%,0.01%,0.04%,0.00,0.00,0.00,0.00,0.00,0.00,0.00,0.00,0.00,0.00,0.00,0.00,0.00,0.00,0.00,0.00,0.00,0.00,0.00,0.00,0.00,0.00,0.00,0.00,237.28,238.68,239.34,0.00,0.00,0.00,2.15%,0.00,0.11%,0.64%,0.04%,1.59%,0.03%,0.81%,0.02%,0.91%,0.02%,0.23%,0.01%,0.31%,0.01%,0.19%,0.01%,0.07%,0.01%,0.05%,0.01%,0.06%,0.01%,0.07%,0.01%,0.04%,0.00,0.00,0.00,0.00,0.00,0.00,0.00,0.00,0.00,0.00,0.00,0.00,0.00,0.00,0.00,0.00,0.00,0.00,0.00,0.00,0.00,0.00,0.00,0.00,132,0.690,84,84,59.95,59.99,60.03
26-Jul-2018 02:00:00,10.000,Y,118.92,119.76,120.10,0.98,1.06,1.12,2.09%,0.15,0.15%,0.60%,0.06%,1.55%,0.04%,0.80%,0.03%,0.86%,0.02%,0.22%,0.02%,0.30%,0.02%,0.19%,0.01%,0.06%,0.01%,0.05%,0.01%,0.06%,0.01%,0.06%,0.01%,0.05%,0.01,0.09,0.00,0.07,0.00,0.04,0.00,0.05,0.00,0.04,0.00,0.04,0.00,0.03,0.00,0.00,0.00,0.01,0.00,0.01,0.00,0.00,0.00,0.01,119.00,119.86,120.20,0.00,0.00,0.33,2.20%,0.00,0.14%,0.67%,0.06%,1.62%,0.04%,0.81%,0.03%,0.92%,0.02%,0.25%,0.02%,0.33%,0.02%,0.20%,0.01%,0.10%,0.01%,0.06%,0.01%,0.07%,0.01%,0.07%,0.01%,0.04%,0.00,0.00,0.00,0.00,0.00,0.00,0.00,0.00,0.00,0.00,0.00,0.00,0.00,0.00,0.00,0.00,0.00,0.00,0.00,0.00,0.00,0.00,0.00,0.00,237.62,238.80,239.42,0.00,0.00,0.00,2.14%,0.00,0.14%,0.64%,0.05%,1.58%,0.04%,0.80%,0.03%,0.89%,0.02%,0.23%,0.02%,0.31%,0.02%,0.19%,0.01%,0.07%,0.01%,0.05%,0.01%,0.06%,0.01%,0.06%,0.01%,0.04%,0.00,0.00,0.00,0.00,0.00,0.00,0.00,0.00,0.00,0.00,0.00,0.00,0.00,0.00,0.00,0.00,0.00,0.00,0.00,0.00,0.00,0.00,0.00,0.00,132,0.689,84,84,59.96,60.01,60.06
26-Jul-2018 02:10:00,10.000,Y,118.76,119.88,120.24,0.98,1.06,1.12,2.10%,0.15,0.13%,0.59%,0.05%,1.56%,0.03%,0.82%,0.03%,0.87%,0.02%,0.21%,0.02%,0.29%,0.01%,0.19%,0.01%,0.06%,0.01%,0.05%,0.01%,0.06%,0.01%,0.06%,0.01%,0.06%,0.01,0.09,0.00,0.07,0.00,0.04,0.00,0.05,0.00,0.04,0.00,0.04,0.00,0.03,0.00,0.01,0.00,0.01,0.00,0.01,0.00,0.00,0.00,0.01,119.22,120.10,120.42,0.00,0.00,0.32,2.23%,0.00,0.14%,0.69%,0.05%,1.61%,0.03%,0.84%,0.03%,0.96%,0.02%,0.25%,0.02%,0.34%,0.02%,0.21%,0.01%,0.10%,0.01%,0.07%,0.01%,0.07%,0.01%,0.08%,0.01%,0.05%,0.00,0.00,0.00,0.00,0.00,0.00,0.00,0.00,0.00,0.00,0.00,0.00,0.00,0.00,0.00,0.00,0.00,0.00,0.00,0.00,0.00,0.00,0.00,0.00,237.44,239.18,239.66,0.00,0.00,0.00,2.16%,0.00,0.13%,0.64%,0.05%,1.58%,0.03%,0.83%,0.03%,0.91%,0.02%,0.23%,0.02%,0.31%,0.01%,0.20%,0.01%,0.08%,0.01%,0.06%,0.01%,0.06%,0.01%,0.07%,0.01%,0.05%,0.00,0.00,0.00,0.00,0.00,0.00,0.00,0.00,0.00,0.00,0.00,0.00,0.00,0.00,0.00,0.00,0.00,0.00,0.00,0.00,0.00,0.00,0.00,0.00,132,0.688,84,84,59.97,60.00,60.02
26-Jul-2018 02:20:00,10.000,Y,118.82,119.76,120.12,0.98,1.06,1.11,2.07%,0.14,0.12%,0.57%,0.05%,1.54%,0.03%,0.80%,0.03%,0.85%,0.02%,0.21%,0.02%,0.29%,0.01%,0.18%,0.01%,0.06%,0.01%,0.05%,0.01%,0.06%,0.01%,0.06%,0.01%,0.05%,0.01,0.09,0.00,0.07,0.00,0.04,0.00,0.05,0.00,0.03,0.00,0.04,0.00,0.03,0.00,0.01,0.00,0.01,0.00,0.01,0.00,0.00,0.00,0.01,119.30,120.10,120.44,0.00,0.00,0.33,2.19%,0.00,0.12%,0.67%,0.05%,1.60%,0.03%,0.82%,0.03%,0.92%,0.02%,0.25%,0.02%,0.34%,0.01%,0.20%,0.01%,0.10%,0.01%,0.06%,0.01%,0.07%,0.01%,0.08%,0.01%,0.04%,0.00,0.00,0.00,0.00,0.00,0.00,0.00,0.00,0.00,0.00,0.00,0.00,0.00,0.00,0.00,0.00,0.00,0.00,0.00,0.00,0.00,0.00,0.00,0.00,237.74,239.06,239.56,0.00,0.00,0.00,2.12%,0.00,0.12%,0.62%,0.05%,1.57%,0.03%,0.81%,0.03%,0.89%,0.02%,0.23%,0.02%,0.31%,0.01%,0.19%,0.01%,0.08%,0.01%,0.05%,0.01%,0.06%,0.01%,0.07%,0.01%,0.04%,0.00,0.00,0.00,0.00,0.00,0.00,0.00,0.00,0.00,0.00,0.00,0.00,0.00,0.00,0.00,0.00,0.00,0.00,0.00,0.00,0.00,0.00,0.00,0.00,132,0.688,84,84,59.95,60.00,60.05
26-Jul-2018 02:30:00,10.000,Y,119.12,119.94,120.16,0.99,1.06,1.11,2.05%,0.14,0.12%,0.57%,0.05%,1.52%,0.03%,0.79%,0.03%,0.86%,0.02%,0.22%,0.02%,0.29%,0.01%,0.18%,0.01%,0.06%,0.01%,0.04%,0.01%,0.05%,0.01%,0.06%,0.01%,0.04%,0.01,0.09,0.00,0.07,0.00,0.04,0.00,0.05,0.00,0.03,0.00,0.04,0.00,0.03,0.00,0.01,0.00,0.01,0.00,0.01,0.00,0.00,0.00,0.01,119.32,120.12,120.36,0.00,0.00,0.33,2.12%,0.00,0.12%,0.64%,0.05%,1.56%,0.03%,0.80%,0.02%,0.89%,0.02%,0.23%,0.02%,0.33%,0.02%,0.20%,0.01%,0.09%,0.01%,0.03%,0.01%,0.07%,0.01%,0.07%,0.01%,0.04%,0.00,0.00,0.00,0.00,0.00,0.00,0.00,0.00,0.00,0.00,0.00,0.00,0.00,0.00,0.00,0.00,0.00,0.00,0.00,0.00,0.00,0.00,0.00,0.00,238.20,239.24,239.64,0.00,0.00,0.00,2.08%,0.00,0.12%,0.60%,0.05%,1.54%,0.03%,0.79%,0.02%,0.87%,0.02%,0.23%,0.02%,0.31%,0.02%,0.19%,0.01%,0.07%,0.01%,0.03%,0.01%,0.06%,0.01%,0.06%,0.01%,0.04%,0.00,0.00,0.00,0.00,0.00,0.00,0.00,0.00,0.00,0.00,0.00,0.00,0.00,0.00,0.00,0.00,0.00,0.00,0.00,0.00,0.00,0.00,0.00,0.00,132,0.687,84,84,59.97,60.00,60.05
26-Jul-2018 02:40:00,10.000,Y,119.02,119.90,120.16,0.97,1.06,1.13,2.04%,0.15,0.11%,0.56%,0.04%,1.51%,0.03%,0.79%,0.02%,0.88%,0.02%,0.21%,0.01%,0.29%,0.01%,0.18%,0.01%,0.06%,0.01%,0.04%,0.01%,0.05%,0.01%,0.06%,0.01%,0.04%,0.01,0.09,0.00,0.07,0.00,0.04,0.00,0.05,0.00,0.03,0.00,0.04,0.00,0.03,0.00,0.00,0.00,0.01,0.00,0.01,0.00,0.00,0.00,0.01,119.28,120.02,120.28,0.00,0.00,0.33,2.09%,0.00,0.11%,0.61%,0.04%,1.55%,0.03%,0.77%,0.02%,0.87%,0.02%,0.22%,0.01%,0.33%,0.01%,0.19%,0.01%,0.08%,0.01%,0.03%,0.01%,0.06%,0.01%,0.07%,0.01%,0.04%,0.00,0.00,0.00,0.00,0.00,0.00,0.00,0.00,0.00,0.00,0.00,0.00,0.00,0.00,0.00,0.00,0.00,0.00,0.00,0.00,0.00,0.00,0.00,0.00,237.96,239.12,239.62,0.00,0.00,0.00,2.06%,0.00,0.11%,0.58%,0.04%,1.53%,0.03%,0.78%,0.02%,0.87%,0.02%,0.22%,0.01%,0.30%,0.01%,0.18%,0.01%,0.07%,0.01%,0.04%,0.01%,0.05%,0.01%,0.06%,0.01%,0.04%,0.00,0.00,0.00,0.00,0.00,0.00,0.00,0.00,0.00,0.00,0.00,0.00,0.00,0.00,0.00,0.00,0.00,0.00,0.00,0.00,0.00,0.00,0.00,0.00,132,0.689,84,84,59.95,59.99,60.03
26-Jul-2018 02:50:00,10.000,Y,118.86,119.78,120.06,0.98,1.06,1.12,2.02%,0.15,0.13%,0.55%,0.05%,1.50%,0.03%,0.78%,0.03%,0.86%,0.02%,0.19%,0.02%,0.28%,0.01%,0.17%,0.01%,0.07%,0.01%,0.04%,0.01%,0.05%,0.01%,0.06%,0.01%,0.04%,0.01,0.09,0.00,0.07,0.00,0.04,0.00,0.05,0.00,0.03,0.00,0.04,0.00,0.03,0.00,0.01,0.00,0.01,0.00,0.01,0.00,0.00,0.00,0.01,119.44,120.24,120.58,0.00,0.00,0.33,2.11%,0.00,0.13%,0.64%,0.05%,1.54%,0.03%,0.80%,0.03%,0.90%,0.02%,0.21%,0.02%,0.32%,0.01%,0.18%,0.01%,0.09%,0.01%,0.04%,0.01%,0.06%,0.01%,0.07%,0.01%,0.04%,0.00,0.00,0.00,0.00,0.00,0.00,0.00,0.00,0.00,0.00,0.00,0.00,0.00,0.00,0.00,0.00,0.00,0.00,0.00,0.00,0.00,0.00,0.00,0.00,237.76,239.22,239.64,0.00,0.00,0.00,2.06%,0.00,0.13%,0.60%,0.05%,1.52%,0.03%,0.79%,0.03%,0.88%,0.02%,0.20%,0.02%,0.30%,0.01%,0.17%,0.01%,0.07%,0.01%,0.04%,0.01%,0.06%,0.01%,0.06%,0.01%,0.04%,0.00,0.00,0.00,0.00,0.00,0.00,0.00,0.00,0.00,0.00,0.00,0.00,0.00,0.00,0.00,0.00,0.00,0.00,0.00,0.00,0.00,0.00,0.00,0.00,132,0.692,84,84,59.97,60.01,60.05
26-Jul-2018 03:00:00,10.000,Y,118.90,119.96,120.34,0.98,1.06,1.12,2.03%,0.14,0.13%,0.57%,0.05%,1.50%,0.04%,0.78%,0.03%,0.85%,0.02%,0.21%,0.02%,0.28%,0.01%,0.18%,0.01%,0.06%,0.01%,0.05%,0.01%,0.05%,0.01%,0.06%,0.01%,0.05%,0.01,0.09,0.00,0.07,0.00,0.04,0.00,0.05,0.00,0.03,0.00,0.04,0.00,0.03,0.00,0.01,0.00,0.01,0.00,0.01,0.00,0.00,0.00,0.01,119.38,120.22,120.48,0.00,0.00,0.33,2.11%,0.00,0.13%,0.65%,0.05%,1.54%,0.03%,0.79%,0.03%,0.89%,0.02%,0.22%,0.02%,0.32%,0.01%,0.19%,0.01%,0.08%,0.01%,0.05%,0.01%,0.06%,0.01%,0.07%,0.01%,0.04%,0.00,0.00,0.00,0.00,0.00,0.00,0.00,0.00,0.00,0.00,0.00,0.00,0.00,0.00,0.00,0.00,0.00,0.00,0.00,0.00,0.00,0.00,0.00,0.00,238.20,239.38,239.86,0.00,0.00,0.00,2.07%,0.00,0.13%,0.61%,0.05%,1.52%,0.03%,0.78%,0.03%,0.87%,0.02%,0.22%,0.02%,0.30%,0.01%,0.18%,0.01%,0.07%,0.01%,0.05%,0.01%,0.05%,0.01%,0.06%,0.01%,0.04%,0.00,0.00,0.00,0.00,0.00,0.00,0.00,0.00,0.00,0.00,0.00,0.00,0.00,0.00,0.00,0.00,0.00,0.00,0.00,0.00,0.00,0.00,0.00,0.00,132,0.687,84,84,59.95,60.00,60.05
26-Jul-2018 03:10:00,10.000,Y,118.86,119.84,120.14,0.98,1.06,1.11,2.02%,0.15,0.13%,0.56%,0.05%,1.48%,0.03%,0.77%,0.02%,0.88%,0.02%,0.21%,0.02%,0.29%,0.01%,0.18%,0.01%,0.06%,0.01%,0.05%,0.01%,0.05%,0.01%,0.06%,0.01%,0.05%,0.01,0.09,0.00,0.07,0.00,0.04,0.00,0.05,0.00,0.04,0.00,0.04,0.00,0.03,0.00,0.01,0.00,0.01,0.00,0.01,0.00,0.00,0.00,0.01,119.12,119.92,120.20,0.00,0.00,0.33,2.10%,0.00,0.13%,0.63%,0.05%,1.53%,0.03%,0.77%,0.02%,0.91%,0.02%,0.23%,0.02%,0.32%,0.01%,0.19%,0.01%,0.09%,0.01%,0.05%,0.01%,0.07%,0.01%,0.07%,0.01%,0.04%,0.00,0.00,0.00,0.00,0.00,0.00,0.00,0.00,0.00,0.00,0.00,0.00,0.00,0.00,0.00,0.00,0.00,0.00,0.00,0.00,0.00,0.00,0.00,0.00,237.66,238.96,239.50,0.00,0.00,0.00,2.06%,0.00,0.13%,0.59%,0.05%,1.51%,0.03%,0.77%,0.02%,0.89%,0.02%,0.22%,0.02%,0.30%,0.01%,0.19%,0.01%,0.07%,0.01%,0.05%,0.01%,0.06%,0.01%,0.06%,0.01%,0.04%,0.00,0.00,0.00,0.00,0.00,0.00,0.00,0.00,0.00,0.00,0.00,0.00,0.00,0.00,0.00,0.00,0.00,0.00,0.00,0.00,0.00,0.00,0.00,0.00,132,0.686,84,84,59.95,60.00,60.05
26-Jul-2018 03:20:00,10.000,Y,115.26,120.12,120.60,0.83,1.06,1.21,2.05%,0.14,0.11%,0.57%,0.04%,1.51%,0.03%,0.78%,0.02%,0.88%,0.02%,0.22%,0.01%,0.29%,0.01%,0.18%,0.01%,0.06%,0.01%,0.05%,0.01%,0.06%,0.01%,0.07%,0.01%,0.05%,0.01,0.09,0.00,0.07,0.00,0.04,0.00,0.05,0.00,0.03,0.00,0.04,0.00,0.03,0.00,0.00,0.00,0.01,0.00,0.01,0.00,0.00,0.00,0.01,115.24,120.20,120.58,0.00,0.00,0.40,2.15%,0.00,0.11%,0.64%,0.04%,1.57%,0.03%,0.80%,0.02%,0.93%,0.02%,0.25%,0.01%,0.33%,0.01%,0.19%,0.01%,0.10%,0.01%,0.07%,0.01%,0.07%,0.01%,0.08%,0.01%,0.04%,0.00,0.00,0.00,0.00,0.00,0.00,0.00,0.00,0.00,0.00,0.00,0.00,0.00,0.00,0.00,0.00,0.00,0.00,0.00,0.00,0.00,0.00,0.00,0.00,229.74,239.50,240.36,0.00,0.00,0.00,2.10%,0.00,0.11%,0.61%,0.04%,1.53%,0.03%,0.79%,0.02%,0.90%,0.02%,0.23%,0.01%,0.31%,0.01%,0.19%,0.01%,0.08%,0.01%,0.06%,0.01%,0.06%,0.01%,0.07%,0.01%,0.04%,0.00,0.00,0.00,0.00,0.00,0.00,0.00,0.00,0.00,0.00,0.00,0.00,0.00,0.00,0.00,0.00,0.00,0.00,0.00,0.00,0.00,0.00,0.00,0.00,132,0.684,84,96,59.94,59.99,60.04
26-Jul-2018 03:30:00,10.000,Y,119.00,119.92,120.32,0.98,1.05,1.11,2.01%,0.14,0.12%,0.56%,0.05%,1.49%,0.03%,0.77%,0.03%,0.85%,0.02%,0.21%,0.02%,0.28%,0.01%,0.17%,0.01%,0.06%,0.01%,0.04%,0.01%,0.05%,0.01%,0.06%,0.01%,0.05%,0.01,0.09,0.00,0.07,0.00,0.04,0.00,0.05,0.00,0.03,0.00,0.04,0.00,0.03,0.00,0.01,0.00,0.01,0.00,0.01,0.00,0.00,0.00,0.01,119.40,120.18,120.50,0.00,0.00,0.33,2.12%,0.00,0.12%,0.64%,0.05%,1.55%,0.03%,0.78%,0.02%,0.91%,0.02%,0.24%,0.02%,0.33%,0.01%,0.19%,0.01%,0.10%,0.01%,0.05%,0.01%,0.07%,0.01%,0.08%,0.01%,0.04%,0.00,0.00,0.00,0.00,0.00,0.00,0.00,0.00,0.00,0.00,0.00,0.00,0.00,0.00,0.00,0.00,0.00,0.00,0.00,0.00,0.00,0.00,0.00,0.00,238.08,239.28,239.82,0.00,0.00,0.00,2.06%,0.00,0.12%,0.60%,0.05%,1.52%,0.03%,0.78%,0.02%,0.88%,0.02%,0.22%,0.02%,0.30%,0.01%,0.18%,0.01%,0.08%,0.01%,0.05%,0.01%,0.06%,0.01%,0.07%,0.01%,0.04%,0.00,0.00,0.00,0.00,0.00,0.00,0.00,0.00,0.00,0.00,0.00,0.00,0.00,0.00,0.00,0.00,0.00,0.00,0.00,0.00,0.00,0.00,0.00,0.00,132,0.686,84,84,59.96,60.00,60.06
26-Jul-2018 03:40:00,10.000,Y,118.90,119.86,120.22,0.98,1.05,1.11,1.98%,0.14,0.11%,0.55%,0.04%,1.47%,0.03%,0.76%,0.02%,0.83%,0.02%,0.21%,0.01%,0.28%,0.01%,0.17%,0.01%,0.06%,0.01%,0.05%,0.01%,0.05%,0.01%,0.07%,0.01%,0.05%,0.01,0.09,0.00,0.07,0.00,0.04,0.00,0.05,0.00,0.03,0.00,0.04,0.00,0.03,0.00,0.01,0.00,0.01,0.00,0.01,0.00,0.00,0.00,0.01,119.10,120.18,120.40,0.00,0.00,0.32,2.13%,0.00,0.11%,0.66%,0.04%,1.54%,0.03%,0.80%,0.02%,0.91%,0.02%,0.25%,0.01%,0.33%,0.01%,0.19%,0.01%,0.10%,0.01%,0.07%,0.01%,0.07%,0.01%,0.09%,0.01%,0.05%,0.00,0.00,0.00,0.00,0.00,0.00,0.00,0.00,0.00,0.00,0.00,0.00,0.00,0.00,0.00,0.00,0.00,0.00,0.00,0.00,0.00,0.00,0.00,0.00,237.58,239.24,239.70,0.00,0.00,0.00,2.05%,0.00,0.11%,0.60%,0.04%,1.51%,0.03%,0.78%,0.02%,0.87%,0.02%,0.23%,0.01%,0.30%,0.01%,0.18%,0.01%,0.08%,0.01%,0.05%,0.01%,0.06%,0.01%,0.07%,0.01%,0.05%,0.00,0.00,0.00,0.00,0.00,0.00,0.00,0.00,0.00,0.00,0.00,0.00,0.00,0.00,0.00,0.00,0.00,0.00,0.00,0.00,0.00,0.00,0.00,0.00,132,0.686,84,84,59.96,59.99,60.03
26-Jul-2018 03:50:00,10.000,Y,119.04,119.94,120.28,0.99,1.05,1.11,1.97%,0.14,0.12%,0.56%,0.05%,1.45%,0.03%,0.76%,0.03%,0.84%,0.02%,0.20%,0.01%,0.28%,0.01%,0.17%,0.01%,0.06%,0.01%,0.04%,0.01%,0.05%,0.01%,0.07%,0.01%,0.06%,0.01,0.09,0.00,0.07,0.00,0.04,0.00,0.05,0.00,0.03,0.00,0.04,0.00,0.03,0.00,0.01,0.00,0.01,0.00,0.01,0.00,0.00,0.00,0.01,118.90,120.08,120.38,0.00,0.00,0.33,2.11%,0.00,0.12%,0.65%,0.05%,1.53%,0.03%,0.80%,0.03%,0.90%,0.02%,0.24%,0.02%,0.32%,0.01%,0.19%,0.01%,0.10%,0.01%,0.06%,0.01%,0.07%,0.01%,0.09%,0.01%,0.05%,0.00,0.00,0.00,0.00,0.00,0.00,0.00,0.00,0.00,0.00,0.00,0.00,0.00,0.00,0.00,0.00,0.00,0.00,0.00,0.00,0.00,0.00,0.00,0.00,237.88,239.22,239.76,0.00,0.00,0.00,2.04%,0.00,0.12%,0.60%,0.05%,1.49%,0.03%,0.78%,0.03%,0.87%,0.02%,0.22%,0.02%,0.29%,0.01%,0.18%,0.01%,0.08%,0.01%,0.05%,0.01%,0.06%,0.01%,0.08%,0.01%,0.05%,0.00,0.00,0.00,0.00,0.00,0.00,0.00,0.00,0.00,0.00,0.00,0.00,0.00,0.00,0.00,0.00,0.00,0.00,0.00,0.00,0.00,0.00,0.00,0.00,132,0.684,84,84,59.96,60.00,60.04
26-Jul-2018 04:00:00,10.000,Y,118.82,119.84,120.12,0.98,1.06,1.11,1.96%,0.14,0.12%,0.58%,0.05%,1.43%,0.03%,0.75%,0.03%,0.85%,0.02%,0.22%,0.01%,0.28%,0.01%,0.17%,0.01%,0.06%,0.01%,0.05%,0.01%,0.05%,0.01%,0.07%,0.01%,0.05%,0.01,0.09,0.00,0.07,0.00,0.04,0.00,0.05,0.00,0.03,0.00,0.04,0.00,0.03,0.00,0.01,0.00,0.01,0.00,0.01,0.00,0.00,0.00,0.01,119.22,120.08,120.36,0.00,0.00,0.33,2.11%,0.00,0.12%,0.66%,0.05%,1.52%,0.03%,0.80%,0.03%,0.90%,0.02%,0.26%,0.02%,0.32%,0.01%,0.19%,0.01%,0.10%,0.01%,0.06%,0.01%,0.07%,0.01%,0.09%,0.01%,0.05%,0.00,0.00,0.00,0.00,0.00,0.00,0.00,0.00,0.00,0.00,0.00,0.00,0.00,0.00,0.00,0.00,0.00,0.00,0.00,0.00,0.00,0.00,0.00,0.00,237.68,239.10,239.52,0.00,0.00,0.00,2.03%,0.00,0.12%,0.62%,0.05%,1.47%,0.03%,0.77%,0.03%,0.87%,0.02%,0.24%,0.02%,0.30%,0.01%,0.18%,0.01%,0.08%,0.01%,0.05%,0.01%,0.06%,0.01%,0.07%,0.01%,0.04%,0.00,0.00,0.00,0.00,0.00,0.00,0.00,0.00,0.00,0.00,0.00,0.00,0.00,0.00,0.00,0.00,0.00,0.00,0.00,0.00,0.00,0.00,0.00,0.00,132,0.689,84,84,59.97,60.00,60.04
26-Jul-2018 04:10:00,10.000,Y,118.66,119.76,120.24,0.98,1.06,1.12,1.94%,0.14,0.13%,0.59%,0.05%,1.42%,0.03%,0.73%,0.02%,0.83%,0.02%,0.21%,0.02%,0.26%,0.01%,0.17%,0.01%,0.06%,0.01%,0.05%,0.01%,0.05%,0.01%,0.07%,0.01%,0.05%,0.01,0.09,0.00,0.07,0.00,0.04,0.00,0.05,0.00,0.03,0.00,0.04,0.00,0.03,0.00,0.01,0.00,0.01,0.00,0.01,0.00,0.00,0.00,0.00,119.14,119.94,120.26,0.00,0.00,0.33,2.08%,0.00,0.13%,0.67%,0.05%,1.50%,0.03%,0.76%,0.02%,0.89%,0.02%,0.24%,0.02%,0.30%,0.01%,0.19%,0.01%,0.09%,0.01%,0.07%,0.01%,0.07%,0.01%,0.08%,0.01%,0.04%,0.00,0.00,0.00,0.00,0.00,0.00,0.00,0.00,0.00,0.00,0.00,0.00,0.00,0.00,0.00,0.00,0.00,0.00,0.00,0.00,0.00,0.00,0.00,0.00,237.48,238.90,239.50,0.00,0.00,0.00,2.01%,0.00,0.13%,0.63%,0.05%,1.46%,0.03%,0.74%,0.02%,0.86%,0.02%,0.22%,0.02%,0.28%,0.01%,0.18%,0.01%,0.07%,0.01%,0.05%,0.01%,0.05%,0.01%,0.07%,0.01%,0.04%,0.00,0.00,0.00,0.00,0.00,0.00,0.00,0.00,0.00,0.00,0.00,0.00,0.00,0.00,0.00,0.00,0.00,0.00,0.00,0.00,0.00,0.00,0.00,0.00,132,0.687,84,84,59.97,60.00,60.04
26-Jul-2018 04:20:00,10.000,Y,118.58,119.50,119.78,0.98,1.05,1.11,1.89%,0.14,0.15%,0.60%,0.06%,1.35%,0.04%,0.72%,0.03%,0.83%,0.02%,0.20%,0.02%,0.26%,0.02%,0.17%,0.01%,0.04%,0.01%,0.05%,0.01%,0.04%,0.01%,0.05%,0.01%,0.05%,0.01,0.09,0.00,0.07,0.00,0.04,0.00,0.05,0.00,0.03,0.00,0.04,0.00,0.03,0.00,0.01,0.00,0.01,0.00,0.01,0.00,0.00,0.00,0.01,118.64,119.74,120.08,0.00,0.00,0.34,2.01%,0.00,0.15%,0.70%,0.06%,1.41%,0.04%,0.74%,0.03%,0.88%,0.02%,0.23%,0.02%,0.31%,0.02%,0.19%,0.01%,0.08%,0.01%,0.06%,0.01%,0.06%,0.01%,0.07%,0.01%,0.05%,0.00,0.00,0.00,0.00,0.00,0.00,0.00,0.00,0.00,0.00,0.00,0.00,0.00,0.00,0.00,0.00,0.00,0.00,0.00,0.00,0.00,0.00,0.00,0.00,237.10,238.42,238.96,0.00,0.00,0.00,1.95%,0.00,0.15%,0.65%,0.06%,1.38%,0.04%,0.73%,0.03%,0.85%,0.02%,0.21%,0.02%,0.28%,0.02%,0.18%,0.01%,0.06%,0.01%,0.05%,0.01%,0.05%,0.01%,0.06%,0.01%,0.04%,0.00,0.00,0.00,0.00,0.00,0.00,0.00,0.00,0.00,0.00,0.00,0.00,0.00,0.00,0.00,0.00,0.00,0.00,0.00,0.00,0.00,0.00,0.00,0.00,120,0.685,84,84,59.98,60.02,60.07
26-Jul-2018 04:30:00,10.000,Y,118.50,119.44,119.88,0.96,1.05,1.12,1.88%,0.14,0.14%,0.65%,0.05%,1.32%,0.04%,0.70%,0.03%,0.83%,0.02%,0.22%,0.02%,0.25%,0.02%,0.18%,0.01%,0.05%,0.01%,0.05%,0.01%,0.05%,0.01%,0.05%,0.01%,0.05%,0.01,0.09,0.00,0.07,0.00,0.04,0.00,0.05,0.00,0.04,0.00,0.04,0.00,0.03,0.00,0.01,0.00,0.01,0.00,0.01,0.00,0.00,0.00,0.01,118.68,119.64,120.10,0.00,0.00,0.35,1.98%,0.00,0.14%,0.75%,0.05%,1.36%,0.04%,0.73%,0.03%,0.87%,0.02%,0.21%,0.02%,0.31%,0.02%,0.20%,0.01%,0.07%,0.01%,0.05%,0.01%,0.06%,0.01%,0.08%,0.01%,0.04%,0.00,0.00,0.00,0.00,0.00,0.00,0.00,0.00,0.00,0.00,0.00,0.00,0.00,0.00,0.00,0.00,0.00,0.00,0.00,0.00,0.00,0.00,0.00,0.00,236.40,238.28,239.12,0.00,0.00,0.00,1.93%,0.00,0.14%,0.70%,0.05%,1.34%,0.04%,0.71%,0.03%,0.85%,0.02%,0.21%,0.02%,0.28%,0.02%,0.19%,0.01%,0.06%,0.01%,0.05%,0.01%,0.05%,0.01%,0.06%,0.01%,0.04%,0.00,0.00,0.00,0.00,0.00,0.00,0.00,0.00,0.00,0.00,0.00,0.00,0.00,0.00,0.00,0.00,0.00,0.00,0.00,0.00,0.00,0.00,0.00,0.00,120,0.686,84,84,59.95,60.00,60.04
26-Jul-2018 04:40:00,10.000,Y,118.44,119.40,119.80,0.97,1.05,1.11,1.84%,0.14,0.12%,0.66%,0.04%,1.29%,0.03%,0.67%,0.02%,0.82%,0.02%,0.22%,0.02%,0.24%,0.01%,0.17%,0.01%,0.05%,0.01%,0.04%,0.01%,0.05%,0.01%,0.05%,0.01%,0.05%,0.01,0.09,0.00,0.07,0.00,0.04,0.00,0.05,0.00,0.04,0.00,0.04,0.00,0.03,0.00,0.01,0.00,0.01,0.00,0.01,0.00,0.00,0.00,0.01,118.34,119.44,119.92,0.00,0.00,0.57,1.91%,0.00,0.13%,0.73%,0.05%,1.32%,0.03%,0.68%,0.02%,0.84%,0.02%,0.23%,0.02%,0.28%,0.01%,0.19%,0.01%,0.07%,0.01%,0.03%,0.01%,0.06%,0.01%,0.07%,0.01%,0.04%,0.00,0.00,0.00,0.00,0.00,0.00,0.00,0.00,0.00,0.00,0.00,0.00,0.00,0.00,0.00,0.00,0.00,0.00,0.00,0.00,0.00,0.00,0.00,0.00,236.38,238.02,238.86,0.00,0.00,0.00,1.87%,0.00,0.12%,0.69%,0.04%,1.31%,0.03%,0.67%,0.02%,0.83%,0.02%,0.22%,0.02%,0.26%,0.01%,0.18%,0.01%,0.06%,0.01%,0.03%,0.01%,0.05%,0.01%,0.05%,0.01%,0.04%,0.00,0.00,0.00,0.00,0.00,0.00,0.00,0.00,0.00,0.00,0.00,0.00,0.00,0.00,0.00,0.00,0.00,0.00,0.00,0.00,0.00,0.00,0.00,0.00,120,0.685,84,84,59.96,60.00,60.03
26-Jul-2018 04:50:00,10.000,Y,117.50,118.82,119.34,0.97,1.04,1.11,1.80%,0.14,0.14%,0.67%,0.05%,1.25%,0.03%,0.63%,0.03%,0.83%,0.02%,0.21%,0.02%,0.21%,0.01%,0.17%,0.01%,0.04%,0.01%,0.02%,0.01%,0.04%,0.01%,0.03%,0.01%,0.04%,0.01,0.09,0.00,0.07,0.00,0.04,0.00,0.05,0.00,0.04,0.00,0.04,0.00,0.03,0.00,0.01,0.00,0.01,0.00,0.01,0.00,0.00,0.00,0.01,117.68,119.08,119.42,0.00,0.00,0.34,1.87%,0.00,0.14%,0.75%,0.05%,1.28%,0.03%,0.63%,0.03%,0.85%,0.02%,0.21%,0.02%,0.26%,0.02%,0.18%,0.01%,0.07%,0.01%,0.02%,0.01%,0.04%,0.01%,0.05%,0.01%,0.03%,0.00,0.00,0.00,0.00,0.00,0.00,0.00,0.00,0.00,0.00,0.00,0.00,0.00,0.00,0.00,0.00,0.00,0.00,0.00,0.00,0.00,0.00,0.00,0.00,234.42,237.10,237.92,0.00,0.00,0.00,1.83%,0.00,0.14%,0.71%,0.05%,1.26%,0.03%,0.63%,0.03%,0.83%,0.02%,0.21%,0.02%,0.23%,0.01%,0.17%,0.01%,0.05%,0.01%,0.02%,0.01%,0.04%,0.01%,0.04%,0.01%,0.02%,0.00,0.00,0.00,0.00,0.00,0.00,0.00,0.00,0.00,0.00,0.00,0.00,0.00,0.00,0.00,0.00,0.00,0.00,0.00,0.00,0.00,0.00,0.00,0.00,120,0.688,84,84,59.97,60.01,60.06
26-Jul-2018 05:00:00,10.000,Y,114.30,118.72,119.00,0.92,1.04,1.20,1.82%,0.14,0.11%,0.71%,0.04%,1.26%,0.03%,0.66%,0.03%,0.81%,0.02%,0.22%,0.02%,0.20%,0.01%,0.17%,0.01%,0.06%,0.01%,0.03%,0.01%,0.05%,0.01%,0.04%,0.01%,0.03%,0.01,0.09,0.00,0.07,0.00,0.03,0.00,0.05,0.00,0.04,0.00,0.04,0.00,0.03,0.00,0.01,0.00,0.01,0.00,0.01,0.00,0.00,0.00,0.01,115.00,119.00,119.40,0.00,0.00,0.45,1.89%,0.00,0.11%,0.78%,0.04%,1.29%,0.03%,0.65%,0.03%,0.83%,0.02%,0.22%,0.01%,0.25%,0.01%,0.18%,0.01%,0.08%,0.01%,0.04%,0.01%,0.04%,0.01%,0.06%,0.01%,0.03%,0.00,0.00,0.00,0.00,0.00,0.00,0.00,0.00,0.00,0.00,0.00,0.00,0.00,0.00,0.00,0.00,0.00,0.00,0.00,0.00,0.00,0.00,0.00,0.00,228.52,236.92,237.60,0.00,0.00,0.00,1.85%,0.00,0.11%,0.74%,0.04%,1.27%,0.03%,0.65%,0.03%,0.81%,0.02%,0.22%,0.01%,0.23%,0.01%,0.17%,0.01%,0.07%,0.01%,0.03%,0.01%,0.04%,0.01%,0.05%,0.01%,0.02%,0.00,0.00,0.00,0.00,0.00,0.00,0.00,0.00,0.00,0.00,0.00,0.00,0.00,0.00,0.00,0.00,0.00,0.00,0.00,0.00,0.00,0.00,0.00,0.00,120,0.688,84,84,59.94,59.99,60.05
26-Jul-2018 05:10:00,10.000,Y,117.26,118.50,119.22,0.96,1.04,1.11,1.81%,0.14,0.12%,0.78%,0.05%,1.21%,0.03%,0.64%,0.03%,0.78%,0.02%,0.25%,0.02%,0.19%,0.01%,0.17%,0.01%,0.08%,0.01%,0.03%,0.01%,0.04%,0.01%,0.04%,0.01%,0.02%,0.01,0.09,0.00,0.07,0.00,0.03,0.00,0.05,0.00,0.04,0.00,0.04,0.00,0.03,0.00,0.01,0.00,0.01,0.00,0.01,0.00,0.00,0.00,0.00,117.34,118.48,119.08,0.00,0.00,0.34,1.84%,0.00,0.12%,0.81%,0.05%,1.23%,0.03%,0.64%,0.03%,0.77%,0.02%,0.23%,0.02%,0.24%,0.01%,0.17%,0.01%,0.10%,0.01%,0.03%,0.01%,0.04%,0.01%,0.05%,0.01%,0.03%,0.00,0.00,0.00,0.00,0.00,0.00,0.00,0.00,0.00,0.00,0.00,0.00,0.00,0.00,0.00,0.00,0.00,0.00,0.00,0.00,0.00,0.00,0.00,0.00,234.30,236.18,237.42,0.00,0.00,0.00,1.82%,0.00,0.12%,0.80%,0.05%,1.22%,0.03%,0.64%,0.03%,0.77%,0.02%,0.24%,0.02%,0.21%,0.01%,0.16%,0.01%,0.09%,0.01%,0.03%,0.01%,0.04%,0.01%,0.04%,0.01%,0.02%,0.00,0.00,0.00,0.00,0.00,0.00,0.00,0.00,0.00,0.00,0.00,0.00,0.00,0.00,0.00,0.00,0.00,0.00,0.00,0.00,0.00,0.00,0.00,0.00,120,0.689,84,84,59.95,60.00,60.04
26-Jul-2018 05:20:00,10.000,Y,117.26,118.26,118.76,0.96,1.05,1.12,1.73%,0.15,0.13%,0.78%,0.05%,1.13%,0.03%,0.61%,0.03%,0.75%,0.02%,0.25%,0.02%,0.16%,0.01%,0.15%,0.01%,0.08%,0.01%,0.04%,0.01%,0.03%,0.01%,0.03%,0.01%,0.03%,0.01,0.09,0.00,0.07,0.00,0.03,0.00,0.05,0.00,0.04,0.00,0.04,0.00,0.03,0.00,0.01,0.00,0.01,0.00,0.01,0.00,0.00,0.00,0.00,117.08,118.00,118.34,0.00,0.00,0.34,1.77%,0.00,0.13%,0.84%,0.05%,1.15%,0.03%,0.61%,0.03%,0.76%,0.02%,0.23%,0.02%,0.21%,0.02%,0.16%,0.01%,0.10%,0.01%,0.04%,0.01%,0.03%,0.01%,0.04%,0.01%,0.04%,0.00,0.00,0.00,0.00,0.00,0.00,0.00,0.00,0.00,0.00,0.00,0.00,0.00,0.00,0.00,0.00,0.00,0.00,0.00,0.00,0.00,0.00,0.00,0.00,234.26,235.46,236.26,0.00,0.00,0.00,1.74%,0.00,0.13%,0.81%,0.05%,1.13%,0.03%,0.60%,0.03%,0.76%,0.02%,0.24%,0.02%,0.18%,0.01%,0.16%,0.01%,0.09%,0.01%,0.04%,0.01%,0.03%,0.01%,0.03%,0.01%,0.03%,0.00,0.00,0.00,0.00,0.00,0.00,0.00,0.00,0.00,0.00,0.00,0.00,0.00,0.00,0.00,0.00,0.00,0.00,0.00,0.00,0.00,0.00,0.00,0.00,120,0.694,84,84,59.94,60.00,60.06
26-Jul-2018 05:30:00,10.000,Y,117.18,118.10,118.64,0.09,0.21,1.11,1.64%,0.03,0.14%,0.79%,0.05%,1.04%,0.04%,0.58%,0.03%,0.67%,0.02%,0.31%,0.02%,0.17%,0.02%,0.18%,0.01%,0.09%,0.01%,0.04%,0.01%,0.05%,0.01%,0.02%,0.01%,0.05%,0.00,0.02,0.00,0.01,0.00,0.01,0.00,0.01,0.00,0.01,0.00,0.01,0.00,0.01,0.00,0.00,0.00,0.00,0.00,0.00,0.00,0.00,0.00,0.00,117.08,117.88,118.14,0.00,0.00,0.35,1.71%,0.00,0.14%,0.87%,0.06%,1.05%,0.04%,0.58%,0.03%,0.70%,0.02%,0.30%,0.02%,0.22%,0.02%,0.20%,0.01%,0.11%,0.01%,0.05%,0.01%,0.05%,0.01%,0.03%,0.01%,0.07%,0.00,0.00,0.00,0.00,0.00,0.00,0.00,0.00,0.00,0.00,0.00,0.00,0.00,0.00,0.00,0.00,0.00,0.00,0.00,0.00,0.00,0.00,0.00,0.00,233.90,235.20,235.96,0.00,0.00,0.00,1.67%,0.00,0.14%,0.83%,0.05%,1.04%,0.04%,0.58%,0.03%,0.68%,0.02%,0.30%,0.02%,0.19%,0.02%,0.19%,0.01%,0.10%,0.01%,0.04%,0.01%,0.05%,0.01%,0.02%,0.01%,0.06%,0.00,0.00,0.00,0.00,0.00,0.00,0.00,0.00,0.00,0.00,0.00,0.00,0.00,0.00,0.00,0.00,0.00,0.00,0.00,0.00,0.00,0.00,0.00,0.00,24,0.940,12,12,59.96,60.01,60.05
26-Jul-2018 05:40:00,10.000,Y,117.28,118.14,118.58,0.00,0.00,0.19,1.62%,0.00,0.13%,0.87%,0.05%,1.01%,0.03%,0.56%,0.03%,0.55%,0.02%,0.33%,0.02%,0.19%,0.01%,0.19%,0.01%,0.12%,0.01%,0.05%,0.01%,0.09%,0.01%,0.04%,0.01%,0.03%,0.00,0.00,0.00,0.00,0.00,0.00,0.00,0.00,0.00,0.00,0.00,0.00,0.00,0.00,0.00,0.00,0.00,0.00,0.00,0.00,0.00,0.00,0.00,0.00,116.20,117.44,118.28,0.00,0.00,0.35,1.68%,0.00,0.13%,0.94%,0.05%,1.02%,0.03%,0.54%,0.03%,0.57%,0.02%,0.33%,0.02%,0.22%,0.01%,0.21%,0.01%,0.14%,0.01%,0.08%,0.01%,0.09%,0.01%,0.05%,0.01%,0.07%,0.00,0.00,0.00,0.00,0.00,0.00,0.00,0.00,0.00,0.00,0.00,0.00,0.00,0.00,0.00,0.00,0.00,0.00,0.00,0.00,0.00,0.00,0.00,0.00,233.16,234.80,235.64,0.00,0.00,0.00,1.65%,0.00,0.13%,0.90%,0.05%,1.01%,0.03%,0.55%,0.03%,0.56%,0.02%,0.33%,0.02%,0.20%,0.01%,0.20%,0.01%,0.13%,0.01%,0.07%,0.01%,0.08%,0.01%,0.04%,0.01%,0.05%,0.00,0.00,0.00,0.00,0.00,0.00,0.00,0.00,0.00,0.00,0.00,0.00,0.00,0.00,0.00,0.00,0.00,0.00,0.00,0.00,0.00,0.00,0.00,0.00,0,1.000,0,0,59.94,60.00,60.04
26-Jul-2018 05:50:00,10.000,Y,116.42,117.62,118.48,0.00,0.00,0.19,1.65%,0.00,0.14%,0.90%,0.05%,1.02%,0.03%,0.58%,0.02%,0.53%,0.02%,0.32%,0.02%,0.19%,0.02%,0.18%,0.01%,0.12%,0.01%,0.05%,0.01%,0.09%,0.01%,0.04%,0.01%,0.03%,0.00,0.00,0.00,0.00,0.00,0.00,0.00,0.00,0.00,0.00,0.00,0.00,0.00,0.00,0.00,0.00,0.00,0.00,0.00,0.00,0.00,0.00,0.00,0.00,116.18,117.48,118.26,0.00,0.00,0.36,1.72%,0.00,0.14%,0.96%,0.05%,1.05%,0.03%,0.58%,0.02%,0.56%,0.02%,0.33%,0.02%,0.22%,0.02%,0.21%,0.01%,0.14%,0.01%,0.07%,0.01%,0.09%,0.01%,0.05%,0.01%,0.07%,0.00,0.00,0.00,0.00,0.00,0.00,0.00,0.00,0.00,0.00,0.00,0.00,0.00,0.00,0.00,0.00,0.00,0.00,0.00,0.00,0.00,0.00,0.00,0.00,232.76,234.32,235.04,0.00,0.00,0.00,1.68%,0.00,0.14%,0.93%,0.05%,1.03%,0.03%,0.58%,0.02%,0.55%,0.02%,0.33%,0.02%,0.20%,0.02%,0.19%,0.01%,0.13%,0.01%,0.06%,0.01%,0.08%,0.01%,0.05%,0.01%,0.05%,0.00,0.00,0.00,0.00,0.00,0.00,0.00,0.00,0.00,0.00,0.00,0.00,0.00,0.00,0.00,0.00,0.00,0.00,0.00,0.00,0.00,0.00,0.00,0.00,0,1.000,0,0,59.97,60.01,60.05
26-Jul-2018 06:00:00,10.000,Y,116.58,117.68,118.14,0.00,0.00,0.26,1.65%,0.00,0.15%,0.92%,0.06%,0.99%,0.04%,0.57%,0.03%,0.55%,0.02%,0.33%,0.02%,0.20%,0.02%,0.18%,0.01%,0.12%,0.01%,0.04%,0.01%,0.09%,0.01%,0.03%,0.01%,0.03%,0.00,0.00,0.00,0.00,0.00,0.00,0.00,0.00,0.00,0.00,0.00,0.00,0.00,0.00,0.00,0.00,0.00,0.00,0.00,0.00,0.00,0.00,0.00,0.00,116.62,117.68,118.36,0.00,0.00,0.34,1.74%,0.00,0.15%,1.01%,0.06%,1.03%,0.04%,0.57%,0.03%,0.58%,0.02%,0.34%,0.02%,0.23%,0.02%,0.21%,0.01%,0.14%,0.01%,0.07%,0.01%,0.08%,0.01%,0.05%,0.01%,0.08%,0.00,0.00,0.00,0.00,0.00,0.00,0.00,0.00,0.00,0.00,0.00,0.00,0.00,0.00,0.00,0.00,0.00,0.00,0.00,0.00,0.00,0.00,0.00,0.00,233.24,234.58,235.30,0.00,0.00,0.00,1.69%,0.00,0.15%,0.97%,0.06%,1.01%,0.04%,0.57%,0.03%,0.56%,0.02%,0.33%,0.02%,0.21%,0.02%,0.20%,0.01%,0.13%,0.01%,0.05%,0.01%,0.08%,0.01%,0.04%,0.01%,0.05%,0.00,0.00,0.00,0.00,0.00,0.00,0.00,0.00,0.00,0.00,0.00,0.00,0.00,0.00,0.00,0.00,0.00,0.00,0.00,0.00,0.00,0.00,0.00,0.00,0,1.000,0,0,59.95,60.02,60.04
26-Jul-2018 06:10:00,10.000,Y,113.16,117.44,118.48,0.00,0.00,0.22,1.72%,0.00,0.12%,1.03%,0.05%,1.02%,0.03%,0.60%,0.02%,0.54%,0.02%,0.32%,0.01%,0.20%,0.01%,0.19%,0.01%,0.12%,0.01%,0.05%,0.01%,0.08%,0.01%,0.04%,0.01%,0.03%,0.00,0.00,0.00,0.00,0.00,0.00,0.00,0.00,0.00,0.00,0.00,0.00,0.00,0.00,0.00,0.00,0.00,0.00,0.00,0.00,0.00,0.00,0.00,0.00,111.14,116.04,117.90,0.00,0.00,0.44,1.83%,0.00,0.12%,1.14%,0.05%,1.05%,0.03%,0.60%,0.02%,0.57%,0.02%,0.32%,0.02%,0.23%,0.02%,0.21%,0.01%,0.14%,0.01%,0.07%,0.01%,0.08%,0.01%,0.05%,0.01%,0.07%,0.00,0.00,0.00,0.00,0.00,0.00,0.00,0.00,0.00,0.00,0.00,0.00,0.00,0.00,0.00,0.00,0.00,0.00,0.00,0.00,0.00,0.00,0.00,0.00,223.54,232.70,234.86,0.00,0.00,0.00,1.77%,0.00,0.12%,1.08%,0.05%,1.03%,0.03%,0.60%,0.02%,0.55%,0.02%,0.32%,0.02%,0.21%,0.01%,0.20%,0.01%,0.13%,0.01%,0.06%,0.01%,0.08%,0.01%,0.04%,0.01%,0.05%,0.00,0.00,0.00,0.00,0.00,0.00,0.00,0.00,0.00,0.00,0.00,0.00,0.00,0.00,0.00,0.00,0.00,0.00,0.00,0.00,0.00,0.00,0.00,0.00,0,1.000,0,0,59.95,60.00,60.04
26-Jul-2018 06:20:00,10.000,Y,114.28,116.10,117.30,0.00,0.00,0.19,1.77%,0.00,0.14%,1.08%,0.05%,1.04%,0.03%,0.62%,0.03%,0.51%,0.02%,0.32%,0.02%,0.19%,0.01%,0.18%,0.01%,0.11%,0.01%,0.06%,0.01%,0.08%,0.01%,0.03%,0.01%,0.02%,0.00,0.00,0.00,0.00,0.00,0.00,0.00,0.00,0.00,0.00,0.00,0.00,0.00,0.00,0.00,0.00,0.00,0.00,0.00,0.00,0.00,0.00,0.00,0.00,114.96,116.74,117.52,0.00,0.00,0.40,1.90%,0.00,0.14%,1.21%,0.05%,1.08%,0.03%,0.63%,0.03%,0.55%,0.02%,0.33%,0.02%,0.24%,0.02%,0.20%,0.01%,0.13%,0.01%,0.10%,0.01%,0.09%,0.01%,0.05%,0.01%,0.07%,0.00,0.00,0.00,0.00,0.00,0.00,0.00,0.00,0.00,0.00,0.00,0.00,0.00,0.00,0.00,0.00,0.00,0.00,0.00,0.00,0.00,0.00,0.00,0.00,229.52,232.06,233.18,0.00,0.00,0.00,1.83%,0.00,0.14%,1.15%,0.05%,1.06%,0.03%,0.63%,0.03%,0.53%,0.02%,0.32%,0.02%,0.22%,0.01%,0.19%,0.01%,0.12%,0.01%,0.08%,0.01%,0.08%,0.01%,0.04%,0.01%,0.05%,0.00,0.00,0.00,0.00,0.00,0.00,0.00,0.00,0.00,0.00,0.00,0.00,0.00,0.00,0.00,0.00,0.00,0.00,0.00,0.00,0.00,0.00,0.00,0.00,0,1.000,0,0,59.96,60.01,60.06
26-Jul-2018 06:30:00,10.000,Y,114.94,117.04,118.20,0.00,0.00,0.21,1.81%,0.00,0.12%,1.03%,0.04%,1.13%,0.03%,0.64%,0.02%,0.54%,0.02%,0.32%,0.02%,0.22%,0.01%,0.19%,0.01%,0.13%,0.01%,0.05%,0.01%,0.09%,0.01%,0.03%,0.01%,0.04%,0.00,0.00,0.00,0.00,0.00,0.00,0.00,0.00,0.00,0.00,0.00,0.00,0.00,0.00,0.00,0.00,0.00,0.00,0.00,0.00,0.00,0.00,0.00,0.00,115.60,117.20,118.26,0.00,0.00,0.40,1.94%,0.00,0.12%,1.16%,0.05%,1.19%,0.03%,0.64%,0.02%,0.56%,0.02%,0.31%,0.02%,0.26%,0.01%,0.21%,0.01%,0.15%,0.01%,0.09%,0.01%,0.09%,0.01%,0.05%,0.01%,0.08%,0.00,0.00,0.00,0.00,0.00,0.00,0.00,0.00,0.00,0.00,0.00,0.00,0.00,0.00,0.00,0.00,0.00,0.00,0.00,0.00,0.00,0.00,0.00,0.00,231.10,233.46,234.66,0.00,0.00,0.00,1.87%,0.00,0.12%,1.10%,0.04%,1.16%,0.03%,0.64%,0.02%,0.55%,0.02%,0.31%,0.02%,0.24%,0.01%,0.19%,0.01%,0.14%,0.01%,0.07%,0.01%,0.09%,0.01%,0.04%,0.01%,0.06%,0.00,0.00,0.00,0.00,0.00,0.00,0.00,0.00,0.00,0.00,0.00,0.00,0.00,0.00,0.00,0.00,0.00,0.00,0.00,0.00,0.00,0.00,0.00,0.00,0,1.000,0,0,59.93,59.99,60.05
26-Jul-2018 06:40:00,10.000,Y,116.32,117.56,117.98,0.09,0.82,14.21,1.84%,0.12,0.12%,1.05%,0.04%,1.16%,0.03%,0.64%,0.02%,0.57%,0.02%,0.32%,0.02%,0.20%,0.01%,0.19%,0.01%,0.13%,0.01%,0.04%,0.01%,0.09%,0.01%,0.03%,0.01%,0.03%,0.01,0.08,0.00,0.05,0.00,0.01,0.00,0.04,0.00,0.04,0.00,0.03,0.00,0.01,0.00,0.00,0.00,0.01,0.00,0.01,0.00,0.00,0.00,0.00,115.28,117.20,117.94,0.00,0.00,0.39,1.99%,0.00,0.12%,1.18%,0.04%,1.22%,0.03%,0.66%,0.02%,0.58%,0.02%,0.31%,0.02%,0.26%,0.01%,0.22%,0.01%,0.16%,0.01%,0.08%,0.01%,0.08%,0.01%,0.06%,0.01%,0.07%,0.00,0.00,0.00,0.00,0.00,0.00,0.00,0.00,0.00,0.00,0.00,0.00,0.00,0.00,0.00,0.00,0.00,0.00,0.00,0.00,0.00,0.00,0.00,0.00,232.02,233.98,235.04,0.00,0.00,0.00,1.91%,0.00,0.12%,1.11%,0.04%,1.19%,0.03%,0.65%,0.02%,0.57%,0.02%,0.31%,0.01%,0.23%,0.01%,0.20%,0.01%,0.14%,0.01%,0.06%,0.01%,0.09%,0.01%,0.04%,0.01%,0.05%,0.00,0.00,0.00,0.00,0.00,0.00,0.00,0.00,0.00,0.00,0.00,0.00,0.00,0.00,0.00,0.00,0.00,0.00,0.00,0.00,0.00,0.00,0.00,0.00,96,0.800,72,60,59.95,60.00,60.05
26-Jul-2018 06:50:00,10.000,Y,116.54,117.66,118.02,0.98,1.06,1.12,1.89%,0.15,0.13%,1.07%,0.05%,1.19%,0.03%,0.65%,0.03%,0.56%,0.02%,0.33%,0.02%,0.22%,0.01%,0.20%,0.01%,0.13%,0.01%,0.05%,0.01%,0.09%,0.01%,0.05%,0.01%,0.03%,0.01,0.10,0.00,0.07,0.00,0.02,0.00,0.06,0.00,0.05,0.00,0.04,0.00,0.02,0.00,0.01,0.00,0.01,0.00,0.01,0.00,0.00,0.00,0.00,114.84,116.16,117.56,0.00,0.00,0.39,1.99%,0.00,0.13%,1.17%,0.05%,1.23%,0.03%,0.65%,0.03%,0.58%,0.02%,0.33%,0.02%,0.25%,0.01%,0.22%,0.01%,0.16%,0.01%,0.08%,0.01%,0.09%,0.01%,0.06%,0.01%,0.06%,0.00,0.00,0.00,0.00,0.00,0.00,0.00,0.00,0.00,0.00,0.00,0.00,0.00,0.00,0.00,0.00,0.00,0.00,0.00,0.00,0.00,0.00,0.00,0.00,231.60,233.04,234.50,0.00,0.00,0.00,1.94%,0.00,0.13%,1.12%,0.05%,1.21%,0.03%,0.65%,0.03%,0.57%,0.02%,0.33%,0.02%,0.24%,0.01%,0.21%,0.01%,0.15%,0.01%,0.06%,0.01%,0.09%,0.01%,0.05%,0.01%,0.04%,0.00,0.00,0.00,0.00,0.00,0.00,0.00,0.00,0.00,0.00,0.00,0.00,0.00,0.00,0.00,0.00,0.00,0.00,0.00,0.00,0.00,0.00,0.00,0.00,120,0.700,84,84,59.93,60.00,60.04
26-Jul-2018 07:00:00,10.000,Y,116.04,117.24,117.68,0.97,1.05,1.11,1.91%,0.15,0.08%,1.07%,0.03%,1.22%,0.02%,0.67%,0.02%,0.55%,0.01%,0.34%,0.01%,0.23%,0.01%,0.21%,0.01%,0.14%,0.01%,0.04%,0.01%,0.09%,0.01%,0.04%,0.01%,0.03%,0.01,0.10,0.00,0.07,0.00,0.02,0.00,0.05,0.00,0.05,0.00,0.04,0.00,0.02,0.00,0.01,0.00,0.01,0.00,0.01,0.00,0.00,0.00,0.00,116.52,117.44,117.80,0.00,0.00,0.38,2.01%,0.00,0.08%,1.16%,0.03%,1.26%,0.02%,0.65%,0.02%,0.58%,0.01%,0.37%,0.01%,0.26%,0.01%,0.22%,0.01%,0.17%,0.01%,0.08%,0.01%,0.10%,0.01%,0.05%,0.01%,0.06%,0.00,0.00,0.00,0.00,0.00,0.00,0.00,0.00,0.00,0.00,0.00,0.00,0.00,0.00,0.00,0.00,0.00,0.00,0.00,0.00,0.00,0.00,0.00,0.00,232.46,233.88,234.46,0.00,0.00,0.00,1.96%,0.00,0.08%,1.12%,0.03%,1.24%,0.02%,0.66%,0.02%,0.57%,0.01%,0.35%,0.01%,0.25%,0.01%,0.22%,0.01%,0.15%,0.01%,0.06%,0.01%,0.09%,0.01%,0.05%,0.01%,0.04%,0.00,0.00,0.00,0.00,0.00,0.00,0.00,0.00,0.00,0.00,0.00,0.00,0.00,0.00,0.00,0.00,0.00,0.00,0.00,0.00,0.00,0.00,0.00,0.00,120,0.697,84,84,59.94,59.98,60.03
26-Jul-2018 07:10:00,10.000,Y,115.88,117.32,117.84,0.96,1.05,1.10,1.96%,0.15,0.15%,1.13%,0.06%,1.23%,0.04%,0.67%,0.03%,0.57%,0.02%,0.32%,0.02%,0.25%,0.02%,0.23%,0.02%,0.13%,0.01%,0.06%,0.01%,0.10%,0.01%,0.05%,0.01%,0.02%,0.01,0.10,0.00,0.07,0.00,0.02,0.00,0.06,0.00,0.05,0.00,0.04,0.00,0.02,0.00,0.01,0.00,0.01,0.00,0.01,0.00,0.00,0.00,0.00,115.68,117.36,117.90,0.00,0.00,0.35,2.01%,0.00,0.15%,1.18%,0.05%,1.25%,0.03%,0.63%,0.03%,0.60%,0.02%,0.36%,0.02%,0.27%,0.02%,0.23%,0.01%,0.15%,0.01%,0.08%,0.01%,0.09%,0.01%,0.05%,0.01%,0.06%,0.00,0.00,0.00,0.00,0.00,0.00,0.00,0.00,0.00,0.00,0.00,0.00,0.00,0.00,0.00,0.00,0.00,0.00,0.00,0.00,0.00,0.00,0.00,0.00,231.26,233.90,234.62,0.00,0.00,0.00,1.98%,0.00,0.15%,1.15%,0.06%,1.23%,0.03%,0.65%,0.03%,0.58%,0.02%,0.34%,0.02%,0.26%,0.02%,0.23%,0.01%,0.14%,0.01%,0.07%,0.01%,0.09%,0.01%,0.05%,0.01%,0.04%,0.00,0.00,0.00,0.00,0.00,0.00,0.00,0.00,0.00,0.00,0.00,0.00,0.00,0.00,0.00,0.00,0.00,0.00,0.00,0.00,0.00,0.00,0.00,0.00,120,0.695,84,84,59.94,60.01,60.09
26-Jul-2018 07:20:00,10.000,Y,115.90,118.94,121.20,0.96,1.05,1.14,1.98%,0.14,0.08%,1.08%,0.03%,1.45%,0.02%,0.60%,0.02%,0.44%,0.01%,0.07%,0.01%,0.07%,0.01%,0.19%,0.01%,0.05%,0.01%,0.03%,0.01%,0.08%,0.01%,0.02%,0.01%,0.03%,0.01,0.09,0.00,0.07,0.00,0.03,0.00,0.04,0.00,0.05,0.00,0.04,0.00,0.02,0.00,0.00,0.00,0.01,0.00,0.01,0.00,0.00,0.00,0.00,115.70,118.44,121.30,0.00,0.00,0.40,1.99%,0.00,0.08%,1.10%,0.03%,1.46%,0.02%,0.57%,0.02%,0.45%,0.01%,0.10%,0.01%,0.09%,0.01%,0.18%,0.01%,0.06%,0.01%,0.05%,0.01%,0.06%,0.01%,0.03%,0.01%,0.05%,0.00,0.00,0.00,0.00,0.00,0.00,0.00,0.00,0.00,0.00,0.00,0.00,0.00,0.00,0.00,0.00,0.00,0.00,0.00,0.00,0.00,0.00,0.00,0.00,231.12,236.60,241.62,0.00,0.00,0.00,1.99%,0.00,0.08%,1.09%,0.03%,1.46%,0.02%,0.59%,0.01%,0.45%,0.01%,0.09%,0.01%,0.08%,0.01%,0.19%,0.01%,0.05%,0.01%,0.04%,0.01%,0.07%,0.01%,0.02%,0.01%,0.04%,0.00,0.00,0.00,0.00,0.00,0.00,0.00,0.00,0.00,0.00,0.00,0.00,0.00,0.00,0.00,0.00,0.00,0.00,0.00,0.00,0.00,0.00,0.00,0.00,120,0.688,84,84,59.92,59.98,60.04
26-Jul-2018 07:30:00,10.000,Y,117.72,119.02,119.54,0.97,1.05,1.11,2.00%,0.14,0.13%,1.04%,0.05%,1.51%,0.03%,0.61%,0.02%,0.42%,0.02%,0.05%,0.02%,0.06%,0.01%,0.19%,0.01%,0.04%,0.01%,0.01%,0.01%,0.08%,0.01%,0.02%,0.01%,0.03%,0.01,0.09,0.00,0.07,0.00,0.03,0.00,0.04,0.00,0.05,0.00,0.04,0.00,0.02,0.00,0.00,0.00,0.01,0.00,0.01,0.00,0.00,0.00,0.00,116.14,118.10,119.14,0.00,0.00,0.39,2.16%,0.00,0.13%,1.25%,0.05%,1.58%,0.04%,0.57%,0.02%,0.48%,0.02%,0.08%,0.01%,0.10%,0.01%,0.18%,0.01%,0.06%,0.01%,0.06%,0.01%,0.07%,0.01%,0.04%,0.01%,0.07%,0.00,0.00,0.00,0.00,0.00,0.00,0.00,0.00,0.00,0.00,0.00,0.00,0.00,0.00,0.00,0.00,0.00,0.00,0.00,0.00,0.00,0.00,0.00,0.00,233.48,236.34,237.26,0.00,0.00,0.00,2.08%,0.00,0.13%,1.14%,0.05%,1.54%,0.03%,0.59%,0.02%,0.45%,0.02%,0.07%,0.01%,0.08%,0.01%,0.18%,0.01%,0.05%,0.01%,0.03%,0.01%,0.07%,0.01%,0.02%,0.01%,0.05%,0.00,0.00,0.00,0.00,0.00,0.00,0.00,0.00,0.00,0.00,0.00,0.00,0.00,0.00,0.00,0.00,0.00,0.00,0.00,0.00,0.00,0.00,0.00,0.00,120,0.686,84,84,59.96,60.01,60.05
26-Jul-2018 07:40:00,10.000,Y,117.30,118.64,119.26,0.97,1.05,1.11,2.04%,0.14,0.10%,1.05%,0.04%,1.58%,0.02%,0.59%,0.02%,0.40%,0.02%,0.06%,0.01%,0.06%,0.01%,0.20%,0.01%,0.04%,0.01%,0.01%,0.01%,0.08%,0.01%,0.02%,0.01%,0.03%,0.01,0.09,0.00,0.07,0.00,0.03,0.00,0.04,0.00,0.05,0.00,0.04,0.00,0.02,0.00,0.00,0.00,0.01,0.00,0.01,0.00,0.00,0.00,0.00,117.24,118.58,119.08,0.00,0.00,0.35,2.14%,0.00,0.11%,1.20%,0.04%,1.59%,0.03%,0.57%,0.02%,0.45%,0.02%,0.07%,0.01%,0.09%,0.01%,0.20%,0.01%,0.03%,0.01%,0.05%,0.01%,0.09%,0.01%,0.05%,0.01%,0.07%,0.00,0.00,0.00,0.00,0.00,0.00,0.00,0.00,0.00,0.00,0.00,0.00,0.00,0.00,0.00,0.00,0.00,0.00,0.00,0.00,0.00,0.00,0.00,0.00,234.88,236.42,237.32,0.00,0.00,0.00,2.09%,0.00,0.11%,1.12%,0.04%,1.58%,0.02%,0.58%,0.02%,0.42%,0.02%,0.06%,0.01%,0.07%,0.01%,0.20%,0.01%,0.03%,0.01%,0.03%,0.01%,0.08%,0.01%,0.03%,0.01%,0.05%,0.00,0.00,0.00,0.00,0.00,0.00,0.00,0.00,0.00,0.00,0.00,0.00,0.00,0.00,0.00,0.00,0.00,0.00,0.00,0.00,0.00,0.00,0.00,0.00,120,0.688,84,84,59.95,59.99,60.04
26-Jul-2018 07:50:00,10.000,Y,117.46,118.46,119.24,0.96,1.05,1.12,2.05%,0.14,0.12%,1.04%,0.05%,1.59%,0.03%,0.58%,0.02%,0.41%,0.02%,0.05%,0.02%,0.06%,0.01%,0.20%,0.01%,0.04%,0.01%,0.03%,0.01%,0.08%,0.01%,0.02%,0.01%,0.03%,0.01,0.09,0.00,0.07,0.00,0.03,0.00,0.04,0.00,0.05,0.00,0.04,0.00,0.02,0.00,0.00,0.00,0.01,0.00,0.01,0.00,0.00,0.00,0.00,117.78,118.92,119.38,0.00,0.00,0.34,2.11%,0.00,0.13%,1.13%,0.05%,1.58%,0.03%,0.58%,0.02%,0.46%,0.02%,0.06%,0.02%,0.10%,0.01%,0.21%,0.01%,0.03%,0.01%,0.07%,0.01%,0.09%,0.01%,0.03%,0.01%,0.07%,0.00,0.00,0.00,0.00,0.00,0.00,0.00,0.00,0.00,0.00,0.00,0.00,0.00,0.00,0.00,0.00,0.00,0.00,0.00,0.00,0.00,0.00,0.00,0.00,235.14,236.60,237.64,0.00,0.00,0.00,2.07%,0.00,0.13%,1.08%,0.05%,1.59%,0.03%,0.58%,0.02%,0.43%,0.02%,0.06%,0.02%,0.08%,0.01%,0.20%,0.01%,0.03%,0.01%,0.05%,0.01%,0.08%,0.01%,0.02%,0.01%,0.05%,0.00,0.00,0.00,0.00,0.00,0.00,0.00,0.00,0.00,0.00,0.00,0.00,0.00,0.00,0.00,0.00,0.00,0.00,0.00,0.00,0.00,0.00,0.00,0.00,120,0.693,84,84,59.93,60.00,60.07
26-Jul-2018 08:00:00,10.000,Y,117.34,118.50,119.20,0.97,1.05,1.11,2.08%,0.14,0.11%,1.08%,0.04%,1.60%,0.03%,0.61%,0.02%,0.40%,0.02%,0.06%,0.01%,0.05%,0.01%,0.20%,0.01%,0.04%,0.01%,0.02%,0.01%,0.09%,0.01%,0.02%,0.01%,0.03%,0.01,0.09,0.00,0.07,0.00,0.02,0.00,0.04,0.00,0.05,0.00,0.04,0.00,0.02,0.00,0.00,0.00,0.01,0.00,0.01,0.00,0.00,0.00,0.00,116.00,118.14,119.12,0.00,0.00,0.43,2.12%,0.00,0.12%,1.18%,0.04%,1.58%,0.03%,0.57%,0.02%,0.42%,0.02%,0.07%,0.01%,0.08%,0.01%,0.20%,0.01%,0.05%,0.01%,0.04%,0.01%,0.08%,0.01%,0.02%,0.01%,0.06%,0.00,0.00,0.00,0.00,0.00,0.00,0.00,0.00,0.00,0.00,0.00,0.00,0.00,0.00,0.00,0.00,0.00,0.00,0.00,0.00,0.00,0.00,0.00,0.00,233.74,235.84,237.20,0.00,0.00,0.00,2.10%,0.00,0.11%,1.13%,0.04%,1.59%,0.03%,0.59%,0.02%,0.41%,0.02%,0.07%,0.01%,0.06%,0.01%,0.20%,0.01%,0.04%,0.01%,0.03%,0.01%,0.08%,0.01%,0.02%,0.01%,0.05%,0.00,0.00,0.00,0.00,0.00,0.00,0.00,0.00,0.00,0.00,0.00,0.00,0.00,0.00,0.00,0.00,0.00,0.00,0.00,0.00,0.00,0.00,0.00,0.00,120,0.693,84,84,59.96,59.99,60.03
26-Jul-2018 08:10:00,10.000,Y,117.14,118.64,119.48,0.96,1.05,1.11,2.13%,0.14,0.14%,1.10%,0.06%,1.63%,0.04%,0.60%,0.03%,0.44%,0.02%,0.05%,0.02%,0.07%,0.02%,0.21%,0.01%,0.03%,0.01%,0.02%,0.01%,0.09%,0.01%,0.02%,0.01%,0.04%,0.01,0.10,0.00,0.07,0.00,0.02,0.00,0.04,0.00,0.05,0.00,0.04,0.00,0.02,0.00,0.00,0.00,0.01,0.00,0.01,0.00,0.00,0.00,0.00,116.74,118.18,118.98,0.00,0.00,0.39,2.14%,0.00,0.14%,1.16%,0.06%,1.62%,0.04%,0.56%,0.02%,0.44%,0.02%,0.09%,0.02%,0.08%,0.02%,0.20%,0.01%,0.05%,0.01%,0.04%,0.01%,0.09%,0.01%,0.02%,0.01%,0.06%,0.00,0.00,0.00,0.00,0.00,0.00,0.00,0.00,0.00,0.00,0.00,0.00,0.00,0.00,0.00,0.00,0.00,0.00,0.00,0.00,0.00,0.00,0.00,0.00,234.18,236.04,237.22,0.00,0.00,0.00,2.13%,0.00,0.14%,1.13%,0.06%,1.62%,0.04%,0.58%,0.03%,0.44%,0.02%,0.07%,0.02%,0.07%,0.02%,0.20%,0.01%,0.04%,0.01%,0.03%,0.01%,0.08%,0.01%,0.02%,0.01%,0.05%,0.00,0.00,0.00,0.00,0.00,0.00,0.00,0.00,0.00,0.00,0.00,0.00,0.00,0.00,0.00,0.00,0.00,0.00,0.00,0.00,0.00,0.00,0.00,0.00,120,0.686,84,84,59.96,60.01,60.06
26-Jul-2018 08:20:00,10.000,Y,116.58,118.00,118.66,0.97,1.69,6.46,2.10%,0.53,0.10%,1.14%,0.04%,1.56%,0.03%,0.62%,0.02%,0.46%,0.02%,0.06%,0.01%,0.07%,0.01%,0.22%,0.01%,0.05%,0.01%,0.02%,0.01%,0.09%,0.01%,0.02%,0.01%,0.03%,0.01,0.39,0.00,0.23,0.00,0.15,0.00,0.15,0.00,0.12,0.00,0.08,0.00,0.06,0.00,0.03,0.00,0.02,0.00,0.02,0.00,0.01,0.00,0.01,115.70,118.14,118.76,0.08,0.08,3.16,2.13%,0.03,0.11%,1.18%,0.04%,1.59%,0.03%,0.57%,0.02%,0.43%,0.02%,0.10%,0.01%,0.09%,0.01%,0.20%,0.01%,0.05%,0.01%,0.04%,0.01%,0.09%,0.01%,0.02%,0.01%,0.05%,0.00,0.02,0.00,0.02,0.00,0.01,0.00,0.00,0.00,0.00,0.00,0.00,0.00,0.00,0.00,0.00,0.00,0.00,0.00,0.00,0.00,0.00,0.00,0.00,232.36,235.34,236.44,0.00,0.00,0.00,2.11%,0.00,0.10%,1.16%,0.04%,1.58%,0.03%,0.60%,0.02%,0.45%,0.02%,0.08%,0.01%,0.07%,0.01%,0.21%,0.01%,0.05%,0.01%,0.02%,0.01%,0.08%,0.01%,0.01%,0.01%,0.04%,0.00,0.00,0.00,0.00,0.00,0.00,0.00,0.00,0.00,0.00,0.00,0.00,0.00,0.00,0.00,0.00,0.00,0.00,0.00,0.00,0.00,0.00,0.00,0.00,204,0.754,156,72,59.93,59.99,60.04
26-Jul-2018 08:30:00,10.000,Y,116.10,117.52,118.50,5.07,5.50,5.82,2.21%,3.14,0.12%,1.31%,0.05%,1.47%,0.03%,0.67%,0.02%,0.61%,0.02%,0.12%,0.01%,0.10%,0.02%,0.33%,0.01%,0.14%,0.01%,0.07%,0.01%,0.17%,0.01%,0.06%,0.01%,0.02%,0.02,2.29,0.01,1.27,0.01,1.02,0.02,0.97,0.02,0.66,0.01,0.47,0.01,0.43,0.01,0.32,0.01,0.19,0.01,0.17,0.01,0.11,0.01,0.06,116.32,118.18,118.86,0.51,0.75,1.40,2.20%,0.32,0.12%,1.17%,0.05%,1.68%,0.03%,0.59%,0.02%,0.41%,0.02%,0.12%,0.02%,0.12%,0.01%,0.19%,0.01%,0.05%,0.01%,0.05%,0.01%,0.08%,0.01%,0.03%,0.01%,0.05%,0.00,0.20,0.00,0.21,0.00,0.10,0.00,0.05,0.00,0.01,0.00,0.03,0.00,0.03,0.00,0.02,0.00,0.01,0.00,0.01,0.00,0.02,0.00,0.01,232.00,234.90,236.18,0.00,0.00,0.00,2.19%,0.00,0.12%,1.24%,0.04%,1.57%,0.03%,0.61%,0.02%,0.51%,0.02%,0.08%,0.01%,0.06%,0.01%,0.25%,0.01%,0.09%,0.01%,0.02%,0.01%,0.12%,0.01%,0.03%,0.01%,0.02%,0.00,0.00,0.00,0.00,0.00,0.00,0.00,0.00,0.00,0.00,0.00,0.00,0.00,0.00,0.00,0.00,0.00,0.00,0.00,0.00,0.00,0.00,0.00,0.00,732,-0.823,600,0,59.96,60.00,60.05
26-Jul-2018 08:40:00,10.000,Y,116.26,117.40,118.32,5.30,5.50,5.74,2.23%,3.16,0.12%,1.33%,0.04%,1.49%,0.03%,0.66%,0.02%,0.62%,0.02%,0.12%,0.02%,0.11%,0.01%,0.33%,0.01%,0.13%,0.01%,0.06%,0.01%,0.16%,0.01%,0.06%,0.01%,0.02%,0.02,2.29,0.01,1.29,0.01,1.03,0.01,0.98,0.02,0.67,0.01,0.47,0.01,0.43,0.01,0.32,0.01,0.20,0.01,0.18,0.01,0.12,0.01,0.07,117.50,118.50,119.12,0.50,0.67,1.18,2.21%,0.32,0.12%,1.22%,0.05%,1.68%,0.03%,0.57%,0.02%,0.41%,0.02%,0.15%,0.02%,0.13%,0.01%,0.18%,0.01%,0.05%,0.01%,0.07%,0.01%,0.08%,0.01%,0.04%,0.01%,0.06%,0.00,0.23,0.00,0.18,0.00,0.11,0.00,0.05,0.00,0.01,0.00,0.03,0.00,0.03,0.00,0.02,0.00,0.00,0.00,0.01,0.00,0.01,0.00,0.01,233.34,235.10,236.44,0.00,0.00,0.00,2.20%,0.00,0.12%,1.27%,0.05%,1.58%,0.03%,0.60%,0.02%,0.51%,0.02%,0.09%,0.02%,0.05%,0.01%,0.24%,0.01%,0.08%,0.01%,0.02%,0.01%,0.11%,0.01%,0.02%,0.01%,0.03%,0.00,0.00,0.00,0.00,0.00,0.00,0.00,0.00,0.00,0.00,0.00,0.00,0.00,0.00,0.00,0.00,0.00,0.00,0.00,0.00,0.00,0.00,0.00,0.00,720,-0.815,588,0,59.95,60.00,60.06
26-Jul-2018 08:50:00,10.000,Y,116.48,117.96,118.38,5.37,5.55,5.83,2.29%,3.20,0.12%,1.31%,0.04%,1.55%,0.03%,0.68%,0.02%,0.65%,0.02%,0.14%,0.01%,0.10%,0.01%,0.33%,0.01%,0.13%,0.01%,0.05%,0.01%,0.16%,0.01%,0.05%,0.01%,0.03%,0.02,2.31,0.01,1.31,0.01,1.09,0.01,1.02,0.01,0.67,0.01,0.44,0.01,0.41,0.01,0.30,0.01,0.19,0.01,0.19,0.01,0.13,0.01,0.08,116.82,117.98,118.52,0.63,0.73,1.31,2.28%,0.33,0.12%,1.25%,0.04%,1.76%,0.03%,0.53%,0.02%,0.40%,0.02%,0.15%,0.01%,0.12%,0.01%,0.18%,0.01%,0.06%,0.01%,0.07%,0.01%,0.08%,0.01%,0.04%,0.01%,0.06%,0.00,0.25,0.00,0.18,0.00,0.11,0.00,0.05,0.00,0.01,0.00,0.03,0.00,0.03,0.00,0.03,0.00,0.01,0.00,0.01,0.00,0.01,0.00,0.01,232.52,235.14,236.02,0.00,0.00,0.00,2.27%,0.00,0.12%,1.28%,0.04%,1.65%,0.03%,0.59%,0.02%,0.53%,0.02%,0.10%,0.01%,0.04%,0.01%,0.25%,0.01%,0.08%,0.01%,0.02%,0.01%,0.12%,0.01%,0.02%,0.01%,0.03%,0.00,0.00,0.00,0.00,0.00,0.00,0.00,0.00,0.00,0.00,0.00,0.00,0.00,0.00,0.00,0.00,0.00,0.00,0.00,0.00,0.00,0.00,0.00,0.00,744,-0.817,600,0,59.94,60.00,60.04
26-Jul-2018 09:00:00,10.000,Y,116.88,118.00,118.58,5.37,5.56,6.37,2.29%,3.22,0.13%,1.30%,0.05%,1.55%,0.03%,0.69%,0.02%,0.66%,0.02%,0.15%,0.02%,0.11%,0.02%,0.33%,0.01%,0.13%,0.01%,0.05%,0.01%,0.16%,0.01%,0.05%,0.01%,0.03%,0.02,2.32,0.01,1.32,0.02,1.09,0.02,1.03,0.02,0.68,0.01,0.45,0.01,0.41,0.01,0.30,0.01,0.18,0.01,0.18,0.01,0.13,0.01,0.08,117.30,118.38,118.90,0.63,0.78,1.23,2.31%,0.32,0.13%,1.27%,0.05%,1.77%,0.03%,0.54%,0.02%,0.40%,0.02%,0.14%,0.02%,0.13%,0.01%,0.18%,0.01%,0.07%,0.01%,0.07%,0.01%,0.08%,0.01%,0.04%,0.01%,0.06%,0.00,0.23,0.00,0.18,0.00,0.11,0.00,0.05,0.00,0.01,0.00,0.03,0.00,0.03,0.00,0.03,0.00,0.01,0.00,0.01,0.00,0.01,0.00,0.01,233.40,235.58,236.56,0.00,0.00,0.00,2.27%,0.00,0.13%,1.28%,0.05%,1.66%,0.03%,0.60%,0.02%,0.53%,0.02%,0.09%,0.02%,0.04%,0.01%,0.25%,0.01%,0.08%,0.01%,0.02%,0.01%,0.11%,0.01%,0.02%,0.01%,0.02%,0.00,0.00,0.00,0.00,0.00,0.00,0.00,0.00,0.00,0.00,0.00,0.00,0.00,0.00,0.00,0.00,0.00,0.00,0.00,0.00,0.00,0.00,0.00,0.00,744,-0.819,612,0,59.96,60.00,60.07
26-Jul-2018 09:10:00,10.000,Y,117.24,118.14,118.48,5.58,5.86,6.17,2.27%,3.07,0.14%,1.31%,0.05%,1.53%,0.03%,0.68%,0.02%,0.64%,0.02%,0.13%,0.02%,0.11%,0.01%,0.32%,0.01%,0.12%,0.01%,0.05%,0.01%,0.16%,0.01%,0.04%,0.01%,0.03%,0.02,2.24,0.01,1.26,0.01,1.03,0.01,0.96,0.01,0.62,0.01,0.41,0.01,0.38,0.01,0.27,0.01,0.16,0.01,0.16,0.01,0.11,0.00,0.08,117.76,118.60,118.94,0.64,0.73,1.29,2.30%,0.33,0.14%,1.26%,0.05%,1.76%,0.03%,0.55%,0.02%,0.41%,0.02%,0.15%,0.02%,0.13%,0.01%,0.19%,0.01%,0.06%,0.01%,0.06%,0.01%,0.09%,0.01%,0.03%,0.01%,0.06%,0.00,0.24,0.00,0.18,0.00,0.11,0.00,0.05,0.00,0.01,0.00,0.03,0.00,0.03,0.00,0.03,0.00,0.01,0.00,0.01,0.00,0.01,0.00,0.01,234.72,235.94,236.60,0.00,0.00,0.00,2.26%,0.00,0.14%,1.29%,0.05%,1.65%,0.03%,0.60%,0.02%,0.52%,0.02%,0.10%,0.01%,0.06%,0.01%,0.24%,0.01%,0.08%,0.01%,0.02%,0.01%,0.12%,0.01%,0.02%,0.01%,0.03%,0.00,0.00,0.00,0.00,0.00,0.00,0.00,0.00,0.00,0.00,0.00,0.00,0.00,0.00,0.00,0.00,0.00,0.00,0.00,0.00,0.00,0.00,0.00,0.00,780,-0.849,660,-12,59.97,60.00,60.05
26-Jul-2018 09:20:00,10.000,Y,114.76,118.04,118.70,5.57,5.89,12.55,2.24%,3.09,0.11%,1.28%,0.04%,1.51%,0.03%,0.68%,0.02%,0.64%,0.02%,0.13%,0.01%,0.11%,0.01%,0.33%,0.01%,0.13%,0.01%,0.05%,0.01%,0.15%,0.01%,0.04%,0.01%,0.03%,0.02,2.24,0.01,1.27,0.01,1.04,0.01,0.97,0.01,0.63,0.01,0.43,0.01,0.39,0.01,0.27,0.01,0.15,0.01,0.15,0.00,0.10,0.00,0.07,114.88,118.34,118.94,0.63,0.72,1.18,2.35%,0.32,0.11%,1.28%,0.04%,1.79%,0.03%,0.58%,0.02%,0.43%,0.02%,0.14%,0.02%,0.13%,0.01%,0.20%,0.01%,0.06%,0.01%,0.07%,0.01%,0.11%,0.01%,0.03%,0.01%,0.06%,0.00,0.23,0.00,0.17,0.00,0.10,0.00,0.05,0.00,0.02,0.00,0.04,0.00,0.04,0.00,0.03,0.00,0.01,0.00,0.01,0.00,0.01,0.00,0.01,228.88,235.60,236.84,0.00,0.00,0.00,2.27%,0.00,0.11%,1.28%,0.04%,1.65%,0.03%,0.62%,0.02%,0.53%,0.02%,0.10%,0.01%,0.05%,0.01%,0.26%,0.01%,0.08%,0.01%,0.02%,0.01%,0.12%,0.01%,0.03%,0.01%,0.03%,0.00,0.00,0.00,0.00,0.00,0.00,0.00,0.00,0.00,0.00,0.00,0.00,0.00,0.00,0.00,0.00,0.00,0.00,0.00,0.00,0.00,0.00,0.00,0.00,780,-0.851,660,-12,59.95,59.99,60.04
26-Jul-2018 09:30:00,10.000,Y,117.16,118.10,118.62,5.84,6.03,12.64,2.23%,3.22,0.12%,1.28%,0.05%,1.48%,0.03%,0.66%,0.02%,0.68%,0.02%,0.15%,0.02%,0.12%,0.01%,0.33%,0.01%,0.14%,0.01%,0.05%,0.01%,0.16%,0.01%,0.05%,0.01%,0.02%,0.02,2.31,0.01,1.32,0.01,1.09,0.02,1.03,0.02,0.69,0.01,0.46,0.01,0.41,0.01,0.29,0.01,0.16,0.01,0.16,0.01,0.11,0.00,0.07,115.98,117.74,118.48,0.64,0.75,1.30,2.34%,0.33,0.12%,1.30%,0.05%,1.79%,0.03%,0.55%,0.02%,0.41%,0.02%,0.14%,0.01%,0.14%,0.01%,0.21%,0.01%,0.06%,0.01%,0.07%,0.01%,0.10%,0.01%,0.03%,0.01%,0.06%,0.00,0.24,0.00,0.18,0.00,0.12,0.00,0.06,0.00,0.01,0.00,0.03,0.00,0.03,0.00,0.03,0.00,0.01,0.00,0.01,0.00,0.01,0.00,0.01,233.08,235.04,235.90,0.00,0.00,0.00,2.25%,0.00,0.12%,1.29%,0.05%,1.63%,0.03%,0.58%,0.02%,0.54%,0.02%,0.09%,0.01%,0.05%,0.01%,0.26%,0.01%,0.09%,0.01%,0.02%,0.01%,0.12%,0.01%,0.03%,0.01%,0.03%,0.00,0.00,0.00,0.00,0.00,0.00,0.00,0.00,0.00,0.00,0.00,0.00,0.00,0.00,0.00,0.00,0.00,0.00,0.00,0.00,0.00,0.00,0.00,0.00,792,-0.844,672,-12,59.96,60.00,60.06
26-Jul-2018 09:40:00,10.000,Y,115.76,117.84,118.26,5.39,5.79,6.89,2.19%,3.26,0.11%,1.29%,0.04%,1.43%,0.03%,0.65%,0.02%,0.69%,0.02%,0.15%,0.01%,0.11%,0.01%,0.32%,0.01%,0.14%,0.01%,0.06%,0.01%,0.15%,0.01%,0.05%,0.01%,0.02%,0.02,2.35,0.01,1.35,0.01,1.09,0.01,1.03,0.02,0.69,0.01,0.45,0.01,0.41,0.01,0.29,0.01,0.16,0.01,0.16,0.01,0.12,0.00,0.08,117.00,118.04,118.76,0.65,0.77,1.40,2.32%,0.34,0.12%,1.30%,0.05%,1.75%,0.03%,0.55%,0.02%,0.44%,0.02%,0.14%,0.01%,0.16%,0.01%,0.20%,0.01%,0.06%,0.01%,0.07%,0.01%,0.10%,0.01%,0.03%,0.01%,0.06%,0.00,0.24,0.00,0.19,0.00,0.11,0.00,0.06,0.00,0.01,0.00,0.03,0.00,0.03,0.00,0.03,0.00,0.01,0.00,0.01,0.00,0.01,0.00,0.01,233.22,235.10,235.78,0.00,0.00,0.00,2.23%,0.00,0.11%,1.29%,0.04%,1.59%,0.03%,0.57%,0.02%,0.56%,0.02%,0.09%,0.01%,0.06%,0.01%,0.25%,0.01%,0.09%,0.01%,0.02%,0.01%,0.12%,0.01%,0.03%,0.01%,0.02%,0.00,0.00,0.00,0.00,0.00,0.00,0.00,0.00,0.00,0.00,0.00,0.00,0.00,0.00,0.00,0.00,0.00,0.00,0.00,0.00,0.00,0.00,0.00,0.00,768,-0.826,636,-12,59.96,60.00,60.04
26-Jul-2018 09:50:00,10.000,Y,114.80,117.60,118.18,5.39,5.54,5.71,2.22%,3.21,0.12%,1.32%,0.05%,1.46%,0.03%,0.65%,0.02%,0.67%,0.02%,0.13%,0.01%,0.10%,0.02%,0.31%,0.01%,0.13%,0.01%,0.06%,0.01%,0.15%,0.01%,0.05%,0.01%,0.03%,0.02,2.33,0.01,1.32,0.01,1.07,0.01,1.00,0.01,0.67,0.01,0.45,0.01,0.40,0.01,0.29,0.01,0.16,0.01,0.16,0.01,0.12,0.01,0.08,114.38,117.46,118.66,0.64,0.75,1.31,2.36%,0.33,0.12%,1.33%,0.05%,1.77%,0.03%,0.59%,0.02%,0.47%,0.02%,0.12%,0.01%,0.14%,0.01%,0.20%,0.01%,0.09%,0.01%,0.08%,0.01%,0.09%,0.01%,0.04%,0.01%,0.07%,0.00,0.24,0.00,0.18,0.00,0.11,0.00,0.05,0.00,0.01,0.00,0.03,0.00,0.03,0.00,0.02,0.00,0.01,0.00,0.01,0.00,0.01,0.00,0.01,228.42,234.28,235.26,0.00,0.00,0.00,2.26%,0.00,0.12%,1.32%,0.05%,1.61%,0.03%,0.59%,0.02%,0.56%,0.02%,0.09%,0.01%,0.07%,0.01%,0.25%,0.01%,0.10%,0.01%,0.02%,0.01%,0.11%,0.01%,0.03%,0.01%,0.02%,0.00,0.00,0.00,0.00,0.00,0.00,0.00,0.00,0.00,0.00,0.00,0.00,0.00,0.00,0.00,0.00,0.00,0.00,0.00,0.00,0.00,0.00,0.00,0.00,732,-0.817,600,0,59.96,60.00,60.05
26-Jul-2018 10:00:00,10.000,Y,116.48,117.68,118.30,5.40,10.10,16.90,2.24%,3.03,0.10%,1.31%,0.04%,1.51%,0.03%,0.64%,0.02%,0.66%,0.02%,0.11%,0.01%,0.11%,0.01%,0.31%,0.01%,0.11%,0.01%,0.04%,0.01%,0.15%,0.01%,0.04%,0.01%,0.04%,0.02,2.17,0.01,1.28,0.01,1.04,0.01,0.94,0.01,0.61,0.01,0.42,0.01,0.38,0.01,0.25,0.01,0.15,0.01,0.16,0.01,0.11,0.00,0.08,115.40,117.30,118.54,0.63,0.75,1.22,2.41%,0.33,0.11%,1.34%,0.04%,1.82%,0.03%,0.57%,0.02%,0.48%,0.02%,0.11%,0.01%,0.14%,0.01%,0.22%,0.01%,0.09%,0.01%,0.07%,0.01%,0.09%,0.01%,0.05%,0.01%,0.07%,0.00,0.24,0.00,0.18,0.00,0.11,0.00,0.05,0.00,0.01,0.00,0.03,0.00,0.03,0.00,0.02,0.00,0.01,0.00,0.01,0.00,0.01,0.00,0.01,232.26,234.18,235.38,0.00,0.00,0.00,2.30%,0.00,0.10%,1.32%,0.04%,1.66%,0.03%,0.58%,0.02%,0.57%,0.02%,0.07%,0.01%,0.08%,0.01%,0.27%,0.01%,0.09%,0.01%,0.02%,0.01%,0.12%,0.01%,0.02%,0.01%,0.04%,0.00,0.00,0.00,0.00,0.00,0.00,0.00,0.00,0.00,0.00,0.00,0.00,0.00,0.00,0.00,0.00,0.00,0.00,0.00,0.00,0.00,0.00,0.00,0.00,1272,-0.921,1188,-12,59.94,59.99,60.03
26-Jul-2018 10:10:00,10.000,Y,116.16,117.54,118.04,5.18,7.28,12.61,2.29%,3.26,0.14%,1.37%,0.06%,1.50%,0.04%,0.64%,0.03%,0.70%,0.02%,0.12%,0.02%,0.10%,0.02%,0.31%,0.02%,0.10%,0.01%,0.03%,0.01%,0.14%,0.01%,0.04%,0.01%,0.04%,0.02,2.36,0.02,1.37,0.02,1.11,0.02,1.02,0.02,0.66,0.02,0.43,0.01,0.38,0.01,0.26,0.01,0.16,0.01,0.16,0.01,0.11,0.00,0.07,116.90,117.88,118.48,0.64,0.76,1.32,2.47%,0.34,0.15%,1.39%,0.06%,1.84%,0.04%,0.58%,0.03%,0.52%,0.02%,0.08%,0.02%,0.13%,0.01%,0.26%,0.02%,0.10%,0.01%,0.06%,0.01%,0.10%,0.01%,0.06%,0.01%,0.07%,0.00,0.24,0.00,0.19,0.00,0.11,0.00,0.06,0.00,0.01,0.00,0.03,0.00,0.03,0.00,0.02,0.00,0.01,0.00,0.01,0.00,0.01,0.00,0.01,233.36,234.62,235.48,0.00,0.00,0.00,2.36%,0.00,0.15%,1.38%,0.06%,1.67%,0.04%,0.58%,0.03%,0.60%,0.02%,0.06%,0.02%,0.09%,0.01%,0.28%,0.01%,0.10%,0.01%,0.02%,0.01%,0.12%,0.01%,0.03%,0.01%,0.03%,0.00,0.00,0.00,0.00,0.00,0.00,0.00,0.00,0.00,0.00,0.00,0.00,0.00,0.00,0.00,0.00,0.00,0.00,0.00,0.00,0.00,0.00,0.00,0.00,936,-0.853,816,-12,59.96,60.01,60.08
26-Jul-2018 10:20:00,10.000,Y,115.78,117.28,117.66,5.34,6.13,12.26,2.31%,3.20,0.13%,1.41%,0.05%,1.49%,0.03%,0.64%,0.02%,0.74%,0.02%,0.12%,0.02%,0.11%,0.01%,0.31%,0.01%,0.11%,0.01%,0.03%,0.01%,0.14%,0.01%,0.04%,0.01%,0.03%,0.02,2.32,0.01,1.32,0.01,1.07,0.02,1.01,0.02,0.67,0.01,0.44,0.01,0.39,0.01,0.28,0.01,0.17,0.01,0.18,0.01,0.13,0.00,0.09,116.00,117.62,118.24,0.55,0.87,1.20,2.42%,0.31,0.13%,1.40%,0.05%,1.78%,0.03%,0.54%,0.02%,0.55%,0.02%,0.08%,0.02%,0.13%,0.01%,0.25%,0.01%,0.10%,0.01%,0.06%,0.01%,0.10%,0.01%,0.06%,0.01%,0.07%,0.00,0.21,0.00,0.18,0.00,0.10,0.00,0.06,0.00,0.01,0.00,0.03,0.00,0.03,0.00,0.02,0.00,0.01,0.00,0.01,0.00,0.01,0.00,0.01,231.28,234.10,234.90,0.00,0.00,0.00,2.35%,0.00,0.13%,1.41%,0.05%,1.63%,0.03%,0.57%,0.02%,0.64%,0.02%,0.06%,0.02%,0.09%,0.01%,0.28%,0.01%,0.10%,0.01%,0.02%,0.01%,0.12%,0.01%,0.03%,0.01%,0.03%,0.00,0.00,0.00,0.00,0.00,0.00,0.00,0.00,0.00,0.00,0.00,0.00,0.00,0.00,0.00,0.00,0.00,0.00,0.00,0.00,0.00,0.00,0.00,0.00,816,-0.839,696,0,59.96,60.00,60.04
26-Jul-2018 10:30:00,10.000,Y,116.38,117.54,118.02,5.05,6.10,13.02,2.30%,3.10,0.11%,1.46%,0.04%,1.42%,0.03%,0.61%,0.02%,0.75%,0.02%,0.12%,0.01%,0.10%,0.01%,0.31%,0.01%,0.11%,0.01%,0.03%,0.01%,0.13%,0.01%,0.04%,0.01%,0.03%,0.02,2.27,0.01,1.27,0.01,1.01,0.01,0.96,0.01,0.65,0.01,0.43,0.01,0.38,0.01,0.27,0.01,0.16,0.01,0.17,0.01,0.14,0.00,0.09,116.66,117.84,118.30,0.64,0.74,1.21,2.34%,0.33,0.10%,1.41%,0.04%,1.65%,0.03%,0.53%,0.02%,0.58%,0.02%,0.08%,0.01%,0.13%,0.01%,0.24%,0.01%,0.08%,0.01%,0.06%,0.01%,0.08%,0.01%,0.05%,0.01%,0.06%,0.00,0.24,0.00,0.18,0.00,0.11,0.00,0.06,0.00,0.00,0.00,0.02,0.00,0.03,0.00,0.02,0.00,0.01,0.00,0.01,0.00,0.01,0.00,0.01,232.28,234.60,235.48,0.00,0.00,0.00,2.30%,0.00,0.10%,1.44%,0.04%,1.54%,0.02%,0.56%,0.02%,0.66%,0.02%,0.07%,0.01%,0.08%,0.01%,0.27%,0.01%,0.09%,0.01%,0.02%,0.01%,0.11%,0.01%,0.03%,0.01%,0.03%,0.00,0.00,0.00,0.00,0.00,0.00,0.00,0.00,0.00,0.00,0.00,0.00,0.00,0.00,0.00,0.00,0.00,0.00,0.00,0.00,0.00,0.00,0.00,0.00,804,-0.837,684,-24,59.95,59.99,60.03
26-Jul-2018 10:40:00,10.000,Y,115.92,117.42,117.96,5.04,6.88,15.67,2.31%,3.21,0.13%,1.49%,0.04%,1.42%,0.03%,0.59%,0.02%,0.76%,0.02%,0.12%,0.02%,0.10%,0.01%,0.32%,0.01%,0.12%,0.01%,0.04%,0.01%,0.14%,0.01%,0.05%,0.01%,0.02%,0.02,2.36,0.01,1.29,0.01,1.04,0.01,0.98,0.01,0.68,0.01,0.45,0.01,0.40,0.01,0.29,0.01,0.17,0.01,0.18,0.01,0.14,0.01,0.09,116.60,117.64,118.10,0.64,0.78,1.22,2.34%,0.33,0.13%,1.43%,0.05%,1.64%,0.03%,0.52%,0.02%,0.59%,0.02%,0.08%,0.02%,0.14%,0.01%,0.23%,0.01%,0.07%,0.01%,0.07%,0.01%,0.06%,0.01%,0.06%,0.01%,0.08%,0.00,0.23,0.00,0.18,0.00,0.11,0.00,0.06,0.00,0.00,0.00,0.02,0.00,0.03,0.00,0.03,0.00,0.01,0.00,0.01,0.00,0.01,0.00,0.01,232.82,234.28,235.16,0.00,0.00,0.00,2.31%,0.00,0.13%,1.46%,0.05%,1.53%,0.03%,0.54%,0.02%,0.67%,0.02%,0.06%,0.01%,0.09%,0.01%,0.27%,0.01%,0.09%,0.01%,0.03%,0.01%,0.10%,0.01%,0.03%,0.01%,0.04%,0.00,0.00,0.00,0.00,0.00,0.00,0.00,0.00,0.00,0.00,0.00,0.00,0.00,0.00,0.00,0.00,0.00,0.00,0.00,0.00,0.00,0.00,0.00,0.00,900,-0.859,780,-96,59.94,60.00,60.04
26-Jul-2018 10:50:00,10.000,Y,116.14,117.34,117.82,4.70,5.56,11.65,2.37%,3.29,0.12%,1.52%,0.04%,1.48%,0.03%,0.58%,0.02%,0.76%,0.02%,0.13%,0.01%,0.11%,0.01%,0.32%,0.01%,0.12%,0.01%,0.04%,0.01%,0.14%,0.01%,0.04%,0.01%,0.02%,0.01,2.42,0.01,1.32,0.01,1.07,0.01,1.01,0.01,0.69,0.01,0.47,0.01,0.42,0.01,0.29,0.01,0.17,0.01,0.18,0.01,0.14,0.01,0.09,116.24,117.30,117.80,0.66,0.76,1.30,2.38%,0.34,0.11%,1.44%,0.04%,1.70%,0.03%,0.49%,0.02%,0.58%,0.02%,0.07%,0.01%,0.15%,0.01%,0.22%,0.01%,0.07%,0.01%,0.07%,0.01%,0.06%,0.01%,0.07%,0.01%,0.09%,0.00,0.24,0.00,0.19,0.00,0.11,0.00,0.06,0.00,0.00,0.00,0.02,0.00,0.03,0.00,0.02,0.00,0.01,0.00,0.00,0.00,0.01,0.00,0.01,232.48,233.86,234.64,0.00,0.00,0.00,2.36%,0.00,0.11%,1.48%,0.04%,1.59%,0.03%,0.52%,0.02%,0.67%,0.02%,0.06%,0.01%,0.10%,0.01%,0.27%,0.01%,0.09%,0.01%,0.02%,0.01%,0.10%,0.01%,0.03%,0.01%,0.04%,0.00,0.00,0.00,0.00,0.00,0.00,0.00,0.00,0.00,0.00,0.00,0.00,0.00,0.00,0.00,0.00,0.00,0.00,0.00,0.00,0.00,0.00,0.00,0.00,744,-0.773,576,-96,59.97,59.99,60.03
26-Jul-2018 11:00:00,10.000,Y,116.18,117.44,117.94,4.74,5.67,11.60,2.41%,3.34,0.15%,1.55%,0.06%,1.50%,0.04%,0.60%,0.03%,0.76%,0.02%,0.13%,0.02%,0.11%,0.02%,0.33%,0.02%,0.11%,0.01%,0.04%,0.01%,0.15%,0.01%,0.05%,0.01%,0.03%,0.02,2.47,0.02,1.34,0.01,1.09,0.02,1.02,0.02,0.69,0.02,0.47,0.01,0.43,0.01,0.30,0.01,0.18,0.01,0.19,0.01,0.14,0.01,0.08,115.88,117.16,117.66,0.65,0.76,1.24,2.41%,0.33,0.15%,1.44%,0.06%,1.72%,0.04%,0.53%,0.03%,0.58%,0.02%,0.08%,0.02%,0.15%,0.02%,0.23%,0.02%,0.07%,0.01%,0.07%,0.01%,0.06%,0.01%,0.06%,0.01%,0.08%,0.00,0.24,0.00,0.18,0.00,0.11,0.00,0.05,0.00,0.01,0.00,0.03,0.00,0.03,0.00,0.02,0.00,0.01,0.00,0.01,0.00,0.01,0.00,0.01,231.98,233.80,234.52,0.00,0.00,0.00,2.39%,0.00,0.15%,1.49%,0.06%,1.61%,0.04%,0.55%,0.03%,0.66%,0.02%,0.07%,0.02%,0.09%,0.02%,0.27%,0.01%,0.08%,0.01%,0.02%,0.01%,0.10%,0.01%,0.03%,0.01%,0.03%,0.00,0.00,0.00,0.00,0.00,0.00,0.00,0.00,0.00,0.00,0.00,0.00,0.00,0.00,0.00,0.00,0.00,0.00,0.00,0.00,0.00,0.00,0.00,0.00,756,-0.773,588,-96,59.97,60.01,60.05
26-Jul-2018 11:10:00,10.000,Y,115.98,117.14,117.94,5.02,5.94,17.63,2.41%,3.21,0.13%,1.56%,0.05%,1.50%,0.03%,0.60%,0.03%,0.75%,0.02%,0.11%,0.02%,0.11%,0.02%,0.32%,0.01%,0.11%,0.01%,0.05%,0.01%,0.14%,0.01%,0.05%,0.01%,0.03%,0.02,2.36,0.01,1.33,0.01,1.05,0.01,0.98,0.01,0.64,0.01,0.42,0.01,0.38,0.01,0.26,0.01,0.15,0.01,0.16,0.01,0.11,0.00,0.07,115.78,116.98,117.52,0.65,0.77,1.29,2.45%,0.34,0.13%,1.50%,0.05%,1.72%,0.03%,0.54%,0.03%,0.60%,0.02%,0.08%,0.02%,0.17%,0.01%,0.24%,0.01%,0.07%,0.01%,0.06%,0.01%,0.07%,0.01%,0.06%,0.01%,0.08%,0.00,0.25,0.00,0.19,0.00,0.11,0.00,0.06,0.00,0.01,0.00,0.03,0.00,0.03,0.00,0.02,0.00,0.01,0.00,0.01,0.00,0.01,0.00,0.01,231.48,233.34,234.40,0.00,0.00,0.00,2.42%,0.00,0.13%,1.53%,0.05%,1.61%,0.03%,0.55%,0.03%,0.67%,0.02%,0.06%,0.02%,0.11%,0.01%,0.28%,0.01%,0.08%,0.01%,0.02%,0.01%,0.10%,0.01%,0.03%,0.01%,0.03%,0.00,0.00,0.00,0.00,0.00,0.00,0.00,0.00,0.00,0.00,0.00,0.00,0.00,0.00,0.00,0.00,0.00,0.00,0.00,0.00,0.00,0.00,0.00,0.00,780,-0.817,648,-36,59.94,60.00,60.06
26-Jul-2018 11:20:00,10.000,Y,115.90,117.06,117.54,4.92,5.74,12.06,2.43%,3.02,0.12%,1.58%,0.05%,1.53%,0.03%,0.56%,0.02%,0.74%,0.02%,0.12%,0.02%,0.11%,0.01%,0.32%,0.01%,0.11%,0.01%,0.05%,0.01%,0.16%,0.01%,0.05%,0.01%,0.04%,0.03,2.22,0.01,1.25,0.01,0.99,0.02,0.93,0.01,0.60,0.01,0.39,0.01,0.36,0.01,0.26,0.01,0.16,0.01,0.16,0.01,0.11,0.01,0.07,116.08,116.98,117.32,0.65,0.77,1.45,2.49%,0.34,0.12%,1.54%,0.05%,1.74%,0.03%,0.52%,0.02%,0.60%,0.02%,0.08%,0.02%,0.16%,0.01%,0.25%,0.01%,0.07%,0.01%,0.06%,0.01%,0.08%,0.01%,0.06%,0.01%,0.08%,0.00,0.25,0.00,0.19,0.00,0.11,0.00,0.06,0.00,0.01,0.00,0.03,0.00,0.03,0.00,0.02,0.00,0.01,0.00,0.01,0.00,0.01,0.00,0.01,231.78,233.26,233.96,0.00,0.00,0.00,2.45%,0.00,0.12%,1.56%,0.05%,1.64%,0.03%,0.53%,0.02%,0.67%,0.02%,0.07%,0.02%,0.11%,0.01%,0.28%,0.01%,0.09%,0.01%,0.02%,0.01%,0.12%,0.01%,0.03%,0.01%,0.03%,0.00,0.00,0.00,0.00,0.00,0.00,0.00,0.00,0.00,0.00,0.00,0.00,0.00,0.00,0.00,0.00,0.00,0.00,0.00,0.00,0.00,0.00,0.00,0.00,756,-0.840,636,0,59.96,60.00,60.04
26-Jul-2018 11:30:00,10.000,Y,116.06,117.24,117.66,5.12,5.81,17.15,2.45%,3.01,0.13%,1.60%,0.05%,1.52%,0.03%,0.62%,0.02%,0.75%,0.02%,0.12%,0.02%,0.13%,0.01%,0.32%,0.01%,0.10%,0.01%,0.04%,0.01%,0.15%,0.01%,0.03%,0.01%,0.03%,0.02,2.20,0.01,1.25,0.01,1.03,0.02,0.95,0.01,0.59,0.01,0.39,0.01,0.34,0.01,0.23,0.01,0.13,0.01,0.14,0.01,0.08,0.00,0.05,116.18,117.02,117.40,0.66,0.80,1.18,2.50%,0.32,0.13%,1.55%,0.05%,1.76%,0.03%,0.55%,0.02%,0.57%,0.02%,0.09%,0.02%,0.16%,0.01%,0.25%,0.01%,0.07%,0.01%,0.05%,0.01%,0.09%,0.01%,0.06%,0.01%,0.06%,0.00,0.23,0.00,0.18,0.00,0.11,0.00,0.05,0.00,0.01,0.00,0.03,0.00,0.03,0.00,0.02,0.00,0.01,0.00,0.01,0.00,0.01,0.00,0.01,231.88,233.46,234.12,0.00,0.00,0.00,2.47%,0.00,0.13%,1.58%,0.05%,1.64%,0.03%,0.57%,0.02%,0.66%,0.02%,0.07%,0.02%,0.12%,0.01%,0.28%,0.01%,0.08%,0.01%,0.02%,0.01%,0.12%,0.01%,0.03%,0.01%,0.03%,0.00,0.00,0.00,0.00,0.00,0.00,0.00,0.00,0.00,0.00,0.00,0.00,0.00,0.00,0.00,0.00,0.00,0.00,0.00,0.00,0.00,0.00,0.00,0.00,768,-0.842,648,-12,59.94,60.00,60.05
26-Jul-2018 11:40:00,10.000,Y,116.06,117.36,117.86,5.01,5.64,11.92,2.44%,2.96,0.16%,1.59%,0.06%,1.51%,0.04%,0.62%,0.03%,0.75%,0.03%,0.13%,0.02%,0.13%,0.02%,0.32%,0.02%,0.10%,0.01%,0.04%,0.01%,0.14%,0.01%,0.02%,0.01%,0.03%,0.02,2.17,0.01,1.23,0.01,1.01,0.02,0.94,0.02,0.59,0.01,0.37,0.01,0.33,0.01,0.22,0.01,0.12,0.01,0.13,0.01,0.08,0.00,0.06,115.96,117.10,117.58,0.65,0.75,1.32,2.47%,0.33,0.16%,1.53%,0.06%,1.73%,0.04%,0.54%,0.03%,0.56%,0.02%,0.08%,0.02%,0.16%,0.02%,0.23%,0.01%,0.06%,0.01%,0.05%,0.01%,0.08%,0.01%,0.06%,0.01%,0.06%,0.00,0.24,0.00,0.18,0.00,0.11,0.00,0.05,0.00,0.01,0.00,0.03,0.00,0.03,0.00,0.02,0.00,0.01,0.00,0.01,0.00,0.01,0.00,0.01,231.26,233.68,234.36,0.00,0.00,0.00,2.44%,0.00,0.16%,1.56%,0.06%,1.62%,0.04%,0.57%,0.03%,0.65%,0.02%,0.07%,0.02%,0.12%,0.02%,0.27%,0.01%,0.08%,0.01%,0.02%,0.01%,0.11%,0.01%,0.03%,0.01%,0.03%,0.00,0.00,0.00,0.00,0.00,0.00,0.00,0.00,0.00,0.00,0.00,0.00,0.00,0.00,0.00,0.00,0.00,0.00,0.00,0.00,0.00,0.00,0.00,0.00,744,-0.840,624,0,59.98,60.02,60.05
26-Jul-2018 11:50:00,10.000,Y,116.06,117.48,117.98,5.13,5.32,10.99,2.49%,2.96,0.13%,1.64%,0.05%,1.54%,0.03%,0.60%,0.02%,0.75%,0.02%,0.12%,0.02%,0.12%,0.02%,0.33%,0.01%,0.10%,0.01%,0.04%,0.01%,0.14%,0.01%,0.02%,0.01%,0.03%,0.02,2.18,0.01,1.23,0.01,1.01,0.01,0.93,0.01,0.58,0.01,0.37,0.01,0.32,0.01,0.21,0.01,0.12,0.01,0.12,0.01,0.07,0.00,0.06,115.68,116.90,117.30,0.65,0.76,1.24,2.48%,0.32,0.13%,1.54%,0.05%,1.74%,0.03%,0.52%,0.02%,0.56%,0.02%,0.07%,0.02%,0.15%,0.02%,0.24%,0.01%,0.06%,0.01%,0.05%,0.01%,0.07%,0.01%,0.05%,0.01%,0.06%,0.00,0.24,0.00,0.18,0.00,0.11,0.00,0.05,0.00,0.01,0.00,0.03,0.00,0.03,0.00,0.02,0.00,0.01,0.00,0.01,0.00,0.01,0.00,0.01,231.24,233.58,234.14,0.00,0.00,0.00,2.47%,0.00,0.13%,1.59%,0.05%,1.64%,0.03%,0.55%,0.02%,0.66%,0.02%,0.07%,0.02%,0.11%,0.01%,0.28%,0.01%,0.07%,0.01%,0.02%,0.01%,0.11%,0.01%,0.03%,0.01%,0.03%,0.00,0.00,0.00,0.00,0.00,0.00,0.00,0.00,0.00,0.00,0.00,0.00,0.00,0.00,0.00,0.00,0.00,0.00,0.00,0.00,0.00,0.00,0.00,0.00,708,-0.835,588,0,59.96,60.00,60.04
26-Jul-2018 12:00:00,10.000,Y,116.30,117.66,118.10,5.14,5.90,19.39,2.55%,3.04,0.14%,1.70%,0.05%,1.56%,0.03%,0.61%,0.02%,0.77%,0.02%,0.13%,0.02%,0.11%,0.01%,0.34%,0.01%,0.10%,0.01%,0.04%,0.01%,0.15%,0.01%,0.02%,0.01%,0.03%,0.04,2.28,0.02,1.17,0.02,1.00,0.02,0.93,0.02,0.58,0.01,0.37,0.01,0.32,0.01,0.21,0.01,0.11,0.01,0.12,0.00,0.07,0.00,0.06,115.76,116.78,117.40,0.52,0.82,1.16,2.56%,0.27,0.14%,1.64%,0.05%,1.76%,0.03%,0.54%,0.02%,0.60%,0.02%,0.08%,0.02%,0.13%,0.01%,0.25%,0.01%,0.06%,0.01%,0.06%,0.01%,0.08%,0.01%,0.06%,0.01%,0.05%,0.00,0.19,0.00,0.15,0.00,0.08,0.00,0.04,0.00,0.02,0.00,0.03,0.00,0.03,0.00,0.02,0.00,0.01,0.00,0.01,0.00,0.01,0.00,0.01,231.76,233.66,234.44,0.00,0.00,0.00,2.55%,0.00,0.14%,1.67%,0.05%,1.66%,0.03%,0.57%,0.02%,0.68%,0.02%,0.08%,0.02%,0.10%,0.01%,0.29%,0.01%,0.08%,0.01%,0.03%,0.01%,0.11%,0.01%,0.03%,0.01%,0.02%,0.00,0.00,0.00,0.00,0.00,0.00,0.00,0.00,0.00,0.00,0.00,0.00,0.00,0.00,0.00,0.00,0.00,0.00,0.00,0.00,0.00,0.00,0.00,0.00,780,-0.858,672,0,59.98,60.01,60.06
26-Jul-2018 12:10:00,10.000,Y,114.58,117.42,118.12,5.13,8.40,15.42,2.64%,3.61,0.11%,1.80%,0.04%,1.59%,0.02%,0.60%,0.02%,0.77%,0.02%,0.13%,0.01%,0.14%,0.01%,0.35%,0.01%,0.10%,0.01%,0.04%,0.01%,0.14%,0.01%,0.02%,0.01%,0.03%,0.14,2.95,0.06,1.02,0.03,1.00,0.02,0.96,0.01,0.63,0.01,0.40,0.01,0.35,0.01,0.22,0.01,0.12,0.00,0.14,0.00,0.08,0.00,0.07,114.80,117.24,117.82,0.87,0.97,1.46,2.58%,0.48,0.11%,1.68%,0.04%,1.76%,0.03%,0.52%,0.02%,0.57%,0.02%,0.11%,0.01%,0.14%,0.01%,0.24%,0.01%,0.07%,0.01%,0.06%,0.01%,0.09%,0.01%,0.06%,0.01%,0.05%,0.00,0.38,0.00,0.25,0.00,0.12,0.00,0.02,0.00,0.05,0.00,0.06,0.00,0.03,0.00,0.01,0.00,0.02,0.00,0.02,0.00,0.01,0.00,0.00,228.62,233.88,235.08,0.00,0.00,0.00,2.60%,0.00,0.11%,1.74%,0.04%,1.67%,0.02%,0.55%,0.02%,0.67%,0.02%,0.09%,0.01%,0.11%,0.01%,0.29%,0.01%,0.08%,0.01%,0.02%,0.01%,0.12%,0.01%,0.03%,0.01%,0.02%,0.00,0.00,0.00,0.00,0.00,0.00,0.00,0.00,0.00,0.00,0.00,0.00,0.00,0.00,0.00,0.00,0.00,0.00,0.00,0.00,0.00,0.00,0.00,0.00,1092,-0.908,972,12,59.94,59.99,60.04
26-Jul-2018 12:20:00,10.000,Y,116.84,117.90,118.32,5.12,5.33,9.00,2.54%,3.01,0.11%,1.68%,0.04%,1.56%,0.03%,0.62%,0.02%,0.77%,0.02%,0.13%,0.02%,0.13%,0.01%,0.35%,0.01%,0.10%,0.01%,0.04%,0.01%,0.15%,0.01%,0.03%,0.01%,0.03%,0.02,2.18,0.01,1.24,0.01,1.03,0.01,0.97,0.01,0.63,0.01,0.40,0.01,0.35,0.01,0.24,0.01,0.13,0.01,0.13,0.01,0.08,0.00,0.06,116.54,117.40,117.78,0.89,0.97,1.43,2.55%,0.48,0.11%,1.66%,0.04%,1.74%,0.03%,0.49%,0.02%,0.56%,0.02%,0.13%,0.02%,0.15%,0.01%,0.23%,0.01%,0.06%,0.01%,0.07%,0.01%,0.09%,0.01%,0.05%,0.01%,0.05%,0.00,0.38,0.00,0.25,0.00,0.12,0.00,0.03,0.00,0.05,0.00,0.06,0.00,0.03,0.00,0.01,0.00,0.02,0.00,0.02,0.00,0.01,0.00,0.00,233.26,234.50,235.28,0.00,0.00,0.00,2.53%,0.00,0.11%,1.67%,0.04%,1.65%,0.03%,0.54%,0.02%,0.66%,0.02%,0.09%,0.01%,0.10%,0.01%,0.29%,0.01%,0.07%,0.01%,0.03%,0.01%,0.12%,0.01%,0.02%,0.01%,0.02%,0.00,0.00,0.00,0.00,0.00,0.00,0.00,0.00,0.00,0.00,0.00,0.00,0.00,0.00,0.00,0.00,0.00,0.00,0.00,0.00,0.00,0.00,0.00,0.00,744,-0.824,612,-12,59.95,59.99,60.05
26-Jul-2018 12:30:00,10.000,Y,116.82,117.94,118.42,5.43,5.58,9.90,2.61%,3.21,0.12%,1.75%,0.04%,1.60%,0.03%,0.62%,0.02%,0.77%,0.02%,0.13%,0.01%,0.14%,0.01%,0.36%,0.01%,0.11%,0.01%,0.05%,0.01%,0.17%,0.01%,0.03%,0.01%,0.03%,0.02,2.32,0.01,1.32,0.01,1.11,0.01,1.03,0.01,0.66,0.01,0.43,0.01,0.37,0.01,0.25,0.01,0.13,0.00,0.13,0.00,0.08,0.00,0.06,116.30,117.46,118.02,0.88,0.99,1.56,2.59%,0.49,0.12%,1.67%,0.04%,1.79%,0.03%,0.51%,0.02%,0.54%,0.02%,0.13%,0.01%,0.17%,0.01%,0.22%,0.01%,0.06%,0.01%,0.08%,0.01%,0.09%,0.01%,0.06%,0.01%,0.06%,0.00,0.39,0.00,0.26,0.00,0.13,0.00,0.03,0.00,0.05,0.00,0.06,0.00,0.03,0.00,0.01,0.00,0.02,0.00,0.02,0.00,0.01,0.00,0.00,233.38,234.62,235.46,0.00,0.00,0.00,2.58%,0.00,0.11%,1.71%,0.04%,1.69%,0.03%,0.55%,0.02%,0.65%,0.02%,0.09%,0.01%,0.11%,0.01%,0.29%,0.01%,0.07%,0.01%,0.03%,0.01%,0.13%,0.01%,0.02%,0.01%,0.03%,0.00,0.00,0.00,0.00,0.00,0.00,0.00,0.00,0.00,0.00,0.00,0.00,0.00,0.00,0.00,0.00,0.00,0.00,0.00,0.00,0.00,0.00,0.00,0.00,768,-0.817,636,-12,59.96,60.00,60.04
26-Jul-2018 12:40:00,10.000,Y,117.02,117.92,118.46,5.38,5.56,11.25,2.66%,3.18,0.11%,1.75%,0.04%,1.67%,0.03%,0.64%,0.02%,0.76%,0.02%,0.14%,0.01%,0.14%,0.01%,0.37%,0.01%,0.10%,0.01%,0.05%,0.01%,0.16%,0.01%,0.02%,0.01%,0.04%,0.02,2.30,0.01,1.31,0.01,1.11,0.01,1.03,0.01,0.65,0.01,0.43,0.01,0.37,0.01,0.23,0.01,0.12,0.00,0.12,0.00,0.07,0.00,0.06,115.86,117.04,117.90,0.86,0.97,1.49,2.64%,0.48,0.11%,1.67%,0.04%,1.88%,0.03%,0.51%,0.02%,0.52%,0.02%,0.13%,0.01%,0.16%,0.01%,0.23%,0.01%,0.05%,0.01%,0.08%,0.01%,0.10%,0.01%,0.05%,0.01%,0.04%,0.00,0.38,0.00,0.25,0.00,0.12,0.00,0.03,0.00,0.05,0.00,0.06,0.00,0.03,0.00,0.01,0.00,0.02,0.00,0.02,0.00,0.01,0.00,0.00,232.70,234.18,235.32,0.00,0.00,0.00,2.64%,0.00,0.11%,1.71%,0.04%,1.77%,0.02%,0.56%,0.02%,0.64%,0.02%,0.09%,0.01%,0.11%,0.01%,0.30%,0.01%,0.06%,0.01%,0.03%,0.01%,0.13%,0.01%,0.03%,0.01%,0.03%,0.00,0.00,0.00,0.00,0.00,0.00,0.00,0.00,0.00,0.00,0.00,0.00,0.00,0.00,0.00,0.00,0.00,0.00,0.00,0.00,0.00,0.00,0.00,0.00,768,-0.818,624,-12,59.94,59.99,60.08
26-Jul-2018 12:50:00,10.000,Y,116.56,117.66,118.32,5.42,5.55,5.62,2.67%,3.18,0.17%,1.73%,0.07%,1.68%,0.04%,0.65%,0.03%,0.77%,0.03%,0.15%,0.02%,0.14%,0.02%,0.39%,0.02%,0.10%,0.02%,0.04%,0.01%,0.16%,0.01%,0.02%,0.01%,0.03%,0.02,2.30,0.02,1.30,0.02,1.10,0.02,1.04,0.02,0.67,0.02,0.43,0.02,0.37,0.01,0.23,0.01,0.12,0.01,0.12,0.01,0.06,0.00,0.06,116.08,117.08,117.70,0.87,0.96,1.45,2.70%,0.49,0.17%,1.71%,0.07%,1.89%,0.04%,0.52%,0.03%,0.54%,0.03%,0.12%,0.02%,0.17%,0.02%,0.25%,0.02%,0.06%,0.02%,0.09%,0.01%,0.09%,0.01%,0.06%,0.01%,0.05%,0.00,0.39,0.00,0.25,0.00,0.12,0.00,0.03,0.00,0.05,0.00,0.06,0.00,0.03,0.00,0.01,0.00,0.02,0.00,0.02,0.00,0.01,0.00,0.01,232.58,233.94,235.10,0.00,0.00,0.00,2.66%,0.00,0.17%,1.72%,0.07%,1.78%,0.04%,0.57%,0.03%,0.65%,0.03%,0.09%,0.02%,0.11%,0.02%,0.31%,0.02%,0.07%,0.02%,0.04%,0.01%,0.13%,0.01%,0.03%,0.01%,0.02%,0.00,0.00,0.00,0.00,0.00,0.00,0.00,0.00,0.00,0.00,0.00,0.00,0.00,0.00,0.00,0.00,0.00,0.00,0.00,0.00,0.00,0.00,0.00,0.00,768,-0.816,624,-12,59.98,60.03,60.07
26-Jul-2018 13:00:00,10.000,Y,116.50,118.10,118.48,5.40,5.54,11.81,2.65%,3.18,0.11%,1.69%,0.04%,1.70%,0.03%,0.67%,0.02%,0.76%,0.02%,0.14%,0.01%,0.14%,0.01%,0.38%,0.01%,0.11%,0.01%,0.04%,0.01%,0.17%,0.01%,0.03%,0.01%,0.03%,0.02,2.29,0.01,1.30,0.01,1.12,0.01,1.04,0.01,0.67,0.01,0.44,0.01,0.37,0.01,0.24,0.01,0.12,0.00,0.12,0.00,0.06,0.00,0.06,115.26,116.96,117.54,0.86,0.96,1.60,2.67%,0.48,0.11%,1.68%,0.04%,1.90%,0.03%,0.52%,0.02%,0.51%,0.02%,0.11%,0.01%,0.16%,0.01%,0.25%,0.01%,0.06%,0.01%,0.09%,0.01%,0.09%,0.01%,0.06%,0.01%,0.06%,0.00,0.39,0.00,0.25,0.00,0.12,0.00,0.02,0.00,0.05,0.00,0.06,0.00,0.03,0.00,0.01,0.00,0.02,0.00,0.02,0.00,0.01,0.00,0.01,232.20,234.26,235.10,0.00,0.00,0.00,2.64%,0.00,0.11%,1.69%,0.04%,1.80%,0.03%,0.59%,0.02%,0.63%,0.02%,0.08%,0.01%,0.10%,0.01%,0.31%,0.01%,0.07%,0.01%,0.04%,0.01%,0.13%,0.01%,0.03%,0.01%,0.03%,0.00,0.00,0.00,0.00,0.00,0.00,0.00,0.00,0.00,0.00,0.00,0.00,0.00,0.00,0.00,0.00,0.00,0.00,0.00,0.00,0.00,0.00,0.00,0.00,768,-0.819,624,-12,59.95,59.99,60.04
26-Jul-2018 13:10:00,10.000,Y,116.60,117.52,117.98,5.34,5.53,11.93,2.73%,3.14,0.13%,1.78%,0.05%,1.75%,0.03%,0.64%,0.02%,0.74%,0.02%,0.11%,0.02%,0.14%,0.01%,0.38%,0.02%,0.11%,0.01%,0.05%,0.01%,0.19%,0.01%,0.03%,0.01%,0.04%,0.02,2.28,0.01,1.27,0.01,1.08,0.02,1.01,0.02,0.65,0.01,0.45,0.01,0.39,0.01,0.25,0.01,0.14,0.01,0.13,0.00,0.07,0.00,0.06,116.14,117.38,117.94,0.87,0.97,1.46,2.68%,0.48,0.13%,1.68%,0.05%,1.91%,0.03%,0.52%,0.02%,0.52%,0.02%,0.13%,0.01%,0.16%,0.01%,0.25%,0.01%,0.06%,0.01%,0.09%,0.01%,0.10%,0.01%,0.06%,0.01%,0.06%,0.00,0.38,0.00,0.25,0.00,0.12,0.00,0.03,0.00,0.05,0.00,0.06,0.00,0.03,0.00,0.01,0.00,0.02,0.00,0.02,0.00,0.01,0.00,0.01,232.80,234.12,234.72,0.00,0.00,0.00,2.69%,0.00,0.13%,1.73%,0.05%,1.83%,0.03%,0.57%,0.02%,0.63%,0.02%,0.09%,0.01%,0.11%,0.01%,0.31%,0.01%,0.07%,0.01%,0.04%,0.01%,0.14%,0.01%,0.03%,0.01%,0.03%,0.00,0.00,0.00,0.00,0.00,0.00,0.00,0.00,0.00,0.00,0.00,0.00,0.00,0.00,0.00,0.00,0.00,0.00,0.00,0.00,0.00,0.00,0.00,0.00,756,-0.820,624,-12,59.94,60.00,60.04
26-Jul-2018 13:20:00,10.000,Y,116.34,117.50,118.00,5.10,5.45,6.02,2.71%,3.08,0.12%,1.75%,0.04%,1.76%,0.03%,0.62%,0.02%,0.73%,0.02%,0.10%,0.02%,0.16%,0.01%,0.39%,0.01%,0.11%,0.01%,0.05%,0.01%,0.20%,0.01%,0.03%,0.01%,0.05%,0.02,2.23,0.01,1.21,0.01,1.05,0.02,1.00,0.02,0.66,0.01,0.45,0.01,0.40,0.01,0.26,0.01,0.15,0.01,0.13,0.00,0.07,0.00,0.06,116.50,117.42,117.78,0.87,0.96,1.35,2.61%,0.48,0.12%,1.58%,0.04%,1.91%,0.03%,0.51%,0.02%,0.50%,0.02%,0.14%,0.01%,0.15%,0.01%,0.24%,0.01%,0.06%,0.01%,0.08%,0.01%,0.12%,0.01%,0.04%,0.01%,0.03%,0.00,0.38,0.00,0.25,0.00,0.12,0.00,0.03,0.00,0.05,0.00,0.06,0.00,0.03,0.00,0.01,0.00,0.02,0.00,0.02,0.00,0.01,0.00,0.00,232.72,234.12,234.84,0.00,0.00,0.00,2.65%,0.00,0.12%,1.66%,0.04%,1.83%,0.03%,0.56%,0.02%,0.61%,0.02%,0.08%,0.01%,0.11%,0.01%,0.31%,0.01%,0.07%,0.01%,0.04%,0.01%,0.15%,0.01%,0.03%,0.01%,0.03%,0.00,0.00,0.00,0.00,0.00,0.00,0.00,0.00,0.00,0.00,0.00,0.00,0.00,0.00,0.00,0.00,0.00,0.00,0.00,0.00,0.00,0.00,0.00,0.00,756,-0.822,612,-12,59.94,60.00,60.05
26-Jul-2018 13:30:00,10.000,Y,116.50,117.70,118.14,5.07,5.26,10.89,2.68%,2.92,0.14%,1.69%,0.06%,1.77%,0.04%,0.64%,0.03%,0.72%,0.02%,0.09%,0.02%,0.15%,0.02%,0.38%,0.02%,0.10%,0.01%,0.05%,0.01%,0.19%,0.01%,0.03%,0.01%,0.04%,0.02,2.13,0.01,1.17,0.01,1.00,0.02,0.94,0.02,0.60,0.01,0.41,0.01,0.36,0.01,0.23,0.01,0.13,0.01,0.11,0.01,0.04,0.00,0.05,116.24,117.42,117.80,0.87,0.96,1.43,2.61%,0.48,0.14%,1.55%,0.06%,1.92%,0.03%,0.53%,0.03%,0.50%,0.02%,0.13%,0.02%,0.15%,0.02%,0.24%,0.01%,0.06%,0.01%,0.08%,0.01%,0.11%,0.01%,0.04%,0.01%,0.03%,0.00,0.38,0.00,0.25,0.00,0.12,0.00,0.03,0.00,0.05,0.00,0.06,0.00,0.03,0.00,0.01,0.00,0.02,0.00,0.02,0.00,0.01,0.00,0.00,232.68,234.34,235.14,0.00,0.00,0.00,2.63%,0.00,0.14%,1.62%,0.06%,1.85%,0.03%,0.57%,0.03%,0.61%,0.02%,0.07%,0.02%,0.11%,0.02%,0.30%,0.01%,0.06%,0.01%,0.04%,0.01%,0.15%,0.01%,0.03%,0.01%,0.03%,0.00,0.00,0.00,0.00,0.00,0.00,0.00,0.00,0.00,0.00,0.00,0.00,0.00,0.00,0.00,0.00,0.00,0.00,0.00,0.00,0.00,0.00,0.00,0.00,732,-0.827,600,-12,59.96,60.01,60.07
26-Jul-2018 13:40:00,10.000,Y,115.80,117.32,117.96,5.08,6.39,15.10,2.69%,3.15,0.11%,1.71%,0.04%,1.79%,0.03%,0.62%,0.02%,0.71%,0.02%,0.08%,0.01%,0.16%,0.01%,0.37%,0.01%,0.08%,0.01%,0.06%,0.01%,0.19%,0.01%,0.03%,0.01%,0.05%,0.06,2.42,0.03,1.12,0.02,0.99,0.02,0.93,0.02,0.58,0.01,0.41,0.01,0.36,0.01,0.24,0.01,0.14,0.01,0.12,0.01,0.05,0.00,0.05,116.44,117.52,118.26,0.85,0.95,1.41,2.60%,0.48,0.11%,1.54%,0.04%,1.94%,0.03%,0.51%,0.02%,0.49%,0.02%,0.13%,0.01%,0.14%,0.01%,0.24%,0.01%,0.05%,0.01%,0.07%,0.01%,0.12%,0.01%,0.04%,0.01%,0.03%,0.00,0.38,0.00,0.25,0.00,0.12,0.00,0.03,0.00,0.05,0.00,0.06,0.00,0.03,0.00,0.01,0.00,0.02,0.00,0.02,0.00,0.01,0.00,0.01,231.48,234.06,234.74,0.00,0.00,0.00,2.63%,0.00,0.11%,1.62%,0.04%,1.86%,0.03%,0.56%,0.02%,0.60%,0.02%,0.07%,0.01%,0.12%,0.01%,0.30%,0.01%,0.05%,0.01%,0.04%,0.01%,0.15%,0.01%,0.03%,0.01%,0.03%,0.00,0.00,0.00,0.00,0.00,0.00,0.00,0.00,0.00,0.00,0.00,0.00,0.00,0.00,0.00,0.00,0.00,0.00,0.00,0.00,0.00,0.00,0.00,0.00,852,-0.859,732,0,59.95,60.00,60.04
26-Jul-2018 13:50:00,10.000,Y,115.58,117.20,117.86,5.39,8.09,16.95,2.74%,3.61,0.11%,1.75%,0.04%,1.82%,0.03%,0.62%,0.02%,0.70%,0.02%,0.09%,0.02%,0.15%,0.01%,0.38%,0.01%,0.09%,0.01%,0.05%,0.01%,0.19%,0.01%,0.03%,0.01%,0.05%,0.14,2.92,0.05,1.07,0.03,1.03,0.02,0.97,0.01,0.61,0.01,0.43,0.01,0.38,0.01,0.24,0.01,0.13,0.01,0.12,0.01,0.05,0.00,0.06,116.30,117.66,118.20,0.84,0.95,1.39,2.64%,0.48,0.11%,1.56%,0.04%,1.97%,0.03%,0.52%,0.02%,0.49%,0.02%,0.13%,0.01%,0.15%,0.01%,0.25%,0.01%,0.05%,0.01%,0.07%,0.01%,0.13%,0.01%,0.04%,0.01%,0.04%,0.00,0.38,0.00,0.25,0.00,0.12,0.00,0.03,0.00,0.05,0.00,0.06,0.00,0.03,0.00,0.01,0.00,0.02,0.00,0.02,0.00,0.01,0.00,0.01,231.48,234.08,234.94,0.00,0.00,0.00,2.68%,0.00,0.11%,1.65%,0.04%,1.90%,0.03%,0.56%,0.02%,0.60%,0.02%,0.07%,0.01%,0.11%,0.01%,0.31%,0.01%,0.06%,0.01%,0.03%,0.01%,0.16%,0.01%,0.03%,0.01%,0.03%,0.00,0.00,0.00,0.00,0.00,0.00,0.00,0.00,0.00,0.00,0.00,0.00,0.00,0.00,0.00,0.00,0.00,0.00,0.00,0.00,0.00,0.00,0.00,0.00,1056,-0.893,924,0,59.94,59.99,60.03
26-Jul-2018 14:00:00,10.000,Y,115.80,117.28,118.00,5.40,5.51,5.71,2.58%,3.13,0.13%,1.62%,0.05%,1.70%,0.03%,0.65%,0.03%,0.71%,0.02%,0.09%,0.02%,0.14%,0.02%,0.37%,0.01%,0.10%,0.01%,0.04%,0.01%,0.18%,0.01%,0.02%,0.01%,0.04%,0.02,2.29,0.01,1.27,0.01,1.07,0.02,0.99,0.02,0.64,0.01,0.43,0.01,0.37,0.01,0.23,0.01,0.12,0.01,0.11,0.00,0.05,0.00,0.06,116.38,117.66,118.34,0.87,0.96,1.44,2.60%,0.49,0.13%,1.56%,0.05%,1.91%,0.03%,0.53%,0.03%,0.48%,0.02%,0.14%,0.02%,0.15%,0.01%,0.24%,0.01%,0.06%,0.01%,0.06%,0.01%,0.13%,0.01%,0.04%,0.01%,0.03%,0.00,0.38,0.00,0.25,0.00,0.13,0.00,0.03,0.00,0.05,0.00,0.06,0.00,0.03,0.00,0.01,0.00,0.02,0.00,0.02,0.00,0.01,0.00,0.00,231.72,234.14,235.46,0.00,0.00,0.00,2.57%,0.00,0.13%,1.59%,0.05%,1.80%,0.03%,0.57%,0.03%,0.59%,0.02%,0.07%,0.02%,0.11%,0.01%,0.30%,0.01%,0.07%,0.01%,0.02%,0.01%,0.15%,0.01%,0.02%,0.01%,0.02%,0.00,0.00,0.00,0.00,0.00,0.00,0.00,0.00,0.00,0.00,0.00,0.00,0.00,0.00,0.00,0.00,0.00,0.00,0.00,0.00,0.00,0.00,0.00,0.00,756,-0.819,624,-12,59.96,60.00,60.05
26-Jul-2018 14:10:00,10.000,Y,116.22,117.30,117.78,5.09,5.38,5.62,2.56%,3.06,0.13%,1.62%,0.05%,1.63%,0.03%,0.71%,0.02%,0.73%,0.02%,0.11%,0.02%,0.14%,0.02%,0.39%,0.01%,0.11%,0.01%,0.04%,0.01%,0.18%,0.01%,0.03%,0.01%,0.04%,0.02,2.21,0.01,1.24,0.01,1.06,0.02,0.99,0.02,0.64,0.01,0.43,0.01,0.37,0.01,0.23,0.01,0.12,0.01,0.11,0.00,0.06,0.00,0.06,116.44,117.52,117.92,0.65,0.87,1.59,2.55%,0.42,0.13%,1.56%,0.05%,1.83%,0.03%,0.57%,0.02%,0.50%,0.02%,0.13%,0.02%,0.15%,0.01%,0.26%,0.01%,0.07%,0.01%,0.06%,0.01%,0.12%,0.01%,0.04%,0.01%,0.04%,0.00,0.32,0.00,0.22,0.00,0.12,0.00,0.04,0.00,0.03,0.00,0.04,0.00,0.03,0.00,0.02,0.00,0.01,0.00,0.02,0.00,0.01,0.00,0.01,231.90,234.02,234.88,0.00,0.00,0.00,2.54%,0.00,0.13%,1.59%,0.05%,1.73%,0.03%,0.63%,0.02%,0.61%,0.02%,0.07%,0.02%,0.11%,0.02%,0.32%,0.01%,0.08%,0.01%,0.02%,0.01%,0.15%,0.01%,0.03%,0.01%,0.03%,0.00,0.00,0.00,0.00,0.00,0.00,0.00,0.00,0.00,0.00,0.00,0.00,0.00,0.00,0.00,0.00,0.00,0.00,0.00,0.00,0.00,0.00,0.00,0.00,732,-0.821,600,0,59.95,60.00,60.04
26-Jul-2018 14:20:00,10.000,Y,116.24,117.30,117.76,5.10,5.25,5.35,2.57%,2.92,0.09%,1.64%,0.04%,1.64%,0.03%,0.70%,0.02%,0.71%,0.01%,0.10%,0.01%,0.13%,0.01%,0.38%,0.01%,0.11%,0.01%,0.04%,0.01%,0.18%,0.01%,0.02%,0.01%,0.04%,0.01,2.15,0.01,1.17,0.01,0.99,0.01,0.93,0.01,0.60,0.01,0.40,0.01,0.35,0.01,0.22,0.01,0.12,0.00,0.11,0.00,0.06,0.00,0.05,116.10,117.06,117.66,0.66,0.75,1.27,2.55%,0.34,0.10%,1.57%,0.04%,1.83%,0.03%,0.56%,0.02%,0.48%,0.02%,0.10%,0.01%,0.14%,0.01%,0.26%,0.01%,0.06%,0.01%,0.06%,0.01%,0.12%,0.01%,0.04%,0.01%,0.04%,0.00,0.25,0.00,0.18,0.00,0.11,0.00,0.06,0.00,0.01,0.00,0.03,0.00,0.03,0.00,0.03,0.00,0.01,0.00,0.01,0.00,0.01,0.00,0.01,231.60,233.58,234.58,0.00,0.00,0.00,2.54%,0.00,0.09%,1.60%,0.03%,1.73%,0.03%,0.62%,0.02%,0.59%,0.01%,0.06%,0.01%,0.10%,0.01%,0.32%,0.01%,0.08%,0.01%,0.03%,0.01%,0.15%,0.01%,0.02%,0.01%,0.03%,0.00,0.00,0.00,0.00,0.00,0.00,0.00,0.00,0.00,0.00,0.00,0.00,0.00,0.00,0.00,0.00,0.00,0.00,0.00,0.00,0.00,0.00,0.00,0.00,696,-0.830,588,0,59.93,59.98,60.04
26-Jul-2018 14:30:00,10.000,Y,115.98,117.72,118.10,5.15,5.43,11.68,2.56%,3.05,0.13%,1.60%,0.05%,1.65%,0.04%,0.70%,0.03%,0.72%,0.02%,0.10%,0.02%,0.13%,0.02%,0.38%,0.01%,0.11%,0.01%,0.04%,0.01%,0.19%,0.01%,0.03%,0.01%,0.04%,0.02,2.24,0.01,1.24,0.01,1.03,0.02,0.96,0.01,0.61,0.01,0.41,0.01,0.36,0.01,0.23,0.01,0.12,0.01,0.11,0.01,0.05,0.00,0.05,115.70,117.42,117.78,0.65,0.75,1.22,2.50%,0.33,0.13%,1.45%,0.05%,1.85%,0.04%,0.58%,0.03%,0.49%,0.02%,0.12%,0.02%,0.14%,0.02%,0.25%,0.01%,0.06%,0.01%,0.06%,0.01%,0.12%,0.01%,0.04%,0.01%,0.04%,0.01,0.24,0.00,0.18,0.00,0.11,0.00,0.05,0.00,0.01,0.00,0.03,0.00,0.03,0.00,0.03,0.00,0.01,0.00,0.01,0.00,0.01,0.00,0.01,230.94,234.36,235.02,0.00,0.00,0.00,2.51%,0.00,0.13%,1.52%,0.05%,1.75%,0.04%,0.63%,0.03%,0.61%,0.02%,0.08%,0.02%,0.09%,0.01%,0.31%,0.01%,0.08%,0.01%,0.02%,0.01%,0.16%,0.01%,0.03%,0.01%,0.03%,0.00,0.00,0.00,0.00,0.00,0.00,0.00,0.00,0.00,0.00,0.00,0.00,0.00,0.00,0.00,0.00,0.00,0.00,0.00,0.00,0.00,0.00,0.00,0.00,720,-0.831,600,0,59.95,60.00,60.05
26-Jul-2018 14:40:00,10.000,Y,116.16,117.72,118.28,5.15,5.38,11.64,2.48%,3.00,0.11%,1.55%,0.04%,1.59%,0.03%,0.69%,0.02%,0.73%,0.02%,0.13%,0.01%,0.11%,0.01%,0.37%,0.01%,0.12%,0.01%,0.02%,0.01%,0.17%,0.01%,0.03%,0.01%,0.03%,0.02,2.21,0.01,1.23,0.01,1.02,0.01,0.94,0.01,0.59,0.01,0.38,0.01,0.33,0.01,0.20,0.01,0.10,0.00,0.10,0.00,0.05,0.00,0.06,115.66,117.24,117.64,0.65,0.75,1.32,2.45%,0.32,0.11%,1.44%,0.04%,1.81%,0.03%,0.56%,0.02%,0.50%,0.02%,0.11%,0.01%,0.13%,0.01%,0.25%,0.01%,0.07%,0.01%,0.07%,0.01%,0.12%,0.01%,0.03%,0.01%,0.04%,0.00,0.24,0.00,0.18,0.00,0.10,0.00,0.05,0.00,0.01,0.00,0.03,0.00,0.03,0.00,0.03,0.00,0.01,0.00,0.01,0.00,0.01,0.00,0.01,231.04,234.16,235.02,0.00,0.00,0.00,2.45%,0.00,0.11%,1.49%,0.04%,1.70%,0.03%,0.61%,0.02%,0.61%,0.02%,0.08%,0.01%,0.08%,0.01%,0.30%,0.01%,0.09%,0.01%,0.03%,0.01%,0.14%,0.01%,0.02%,0.01%,0.03%,0.00,0.00,0.00,0.00,0.00,0.00,0.00,0.00,0.00,0.00,0.00,0.00,0.00,0.00,0.00,0.00,0.00,0.00,0.00,0.00,0.00,0.00,0.00,0.00,720,-0.836,600,0,59.95,59.99,60.04
26-Jul-2018 14:50:00,10.000,Y,116.28,117.86,118.42,5.11,5.36,5.65,2.46%,3.03,0.15%,1.53%,0.06%,1.55%,0.04%,0.70%,0.03%,0.74%,0.02%,0.13%,0.02%,0.11%,0.02%,0.37%,0.02%,0.12%,0.01%,0.02%,0.01%,0.17%,0.01%,0.03%,0.01%,0.03%,0.02,2.22,0.01,1.25,0.02,1.03,0.02,0.96,0.02,0.61,0.01,0.40,0.01,0.35,0.01,0.22,0.01,0.10,0.01,0.10,0.00,0.05,0.00,0.06,116.40,117.70,118.16,0.66,0.77,1.96,2.44%,0.35,0.15%,1.43%,0.06%,1.78%,0.04%,0.57%,0.03%,0.50%,0.02%,0.12%,0.02%,0.13%,0.01%,0.24%,0.01%,0.06%,0.01%,0.08%,0.01%,0.13%,0.01%,0.03%,0.01%,0.04%,0.00,0.26,0.00,0.19,0.00,0.12,0.00,0.06,0.00,0.02,0.00,0.03,0.00,0.04,0.00,0.03,0.00,0.01,0.00,0.01,0.00,0.01,0.00,0.01,232.02,234.78,235.78,0.00,0.00,0.00,2.43%,0.00,0.15%,1.48%,0.06%,1.67%,0.04%,0.62%,0.03%,0.62%,0.02%,0.08%,0.02%,0.08%,0.01%,0.30%,0.01%,0.09%,0.01%,0.03%,0.01%,0.15%,0.01%,0.02%,0.01%,0.03%,0.00,0.00,0.00,0.00,0.00,0.00,0.00,0.00,0.00,0.00,0.00,0.00,0.00,0.00,0.00,0.00,0.00,0.00,0.00,0.00,0.00,0.00,0.00,0.00,720,-0.824,588,0,59.97,60.02,60.07
26-Jul-2018 15:00:00,10.000,Y,116.28,117.74,118.18,5.04,5.55,5.97,2.44%,3.19,0.12%,1.50%,0.05%,1.56%,0.03%,0.69%,0.02%,0.75%,0.02%,0.13%,0.01%,0.11%,0.01%,0.37%,0.01%,0.12%,0.01%,0.03%,0.01%,0.18%,0.01%,0.03%,0.01%,0.03%,0.02,2.32,0.01,1.32,0.01,1.09,0.01,1.01,0.01,0.66,0.01,0.44,0.01,0.39,0.01,0.25,0.01,0.13,0.01,0.12,0.00,0.06,0.00,0.05,116.06,117.54,118.18,0.65,0.76,1.23,2.57%,0.34,0.12%,1.55%,0.05%,1.87%,0.03%,0.54%,0.02%,0.53%,0.02%,0.15%,0.02%,0.15%,0.02%,0.24%,0.01%,0.08%,0.01%,0.09%,0.01%,0.14%,0.01%,0.04%,0.01%,0.04%,0.01,0.25,0.00,0.18,0.00,0.11,0.00,0.05,0.00,0.02,0.00,0.03,0.00,0.04,0.00,0.03,0.00,0.01,0.00,0.01,0.00,0.01,0.00,0.01,231.60,234.50,235.38,0.00,0.00,0.00,2.48%,0.00,0.12%,1.52%,0.05%,1.71%,0.03%,0.60%,0.02%,0.63%,0.02%,0.09%,0.01%,0.10%,0.01%,0.30%,0.01%,0.09%,0.01%,0.03%,0.01%,0.16%,0.01%,0.02%,0.01%,0.03%,0.00,0.00,0.00,0.00,0.00,0.00,0.00,0.00,0.00,0.00,0.00,0.00,0.00,0.00,0.00,0.00,0.00,0.00,0.00,0.00,0.00,0.00,0.00,0.00,744,-0.818,612,-12,59.95,59.99,60.04
26-Jul-2018 15:10:00,10.000,Y,116.64,118.04,118.42,5.26,5.66,5.94,2.48%,3.26,0.11%,1.54%,0.04%,1.58%,0.03%,0.69%,0.02%,0.76%,0.02%,0.13%,0.01%,0.11%,0.01%,0.38%,0.01%,0.12%,0.01%,0.02%,0.01%,0.18%,0.01%,0.03%,0.01%,0.03%,0.02,2.36,0.01,1.34,0.01,1.12,0.01,1.04,0.01,0.67,0.01,0.45,0.01,0.39,0.01,0.25,0.01,0.12,0.01,0.12,0.00,0.06,0.00,0.06,116.48,117.84,118.58,0.64,0.75,1.38,2.53%,0.34,0.11%,1.50%,0.04%,1.83%,0.03%,0.60%,0.02%,0.53%,0.02%,0.14%,0.01%,0.15%,0.01%,0.25%,0.01%,0.07%,0.01%,0.08%,0.01%,0.13%,0.01%,0.04%,0.01%,0.03%,0.00,0.25,0.00,0.18,0.00,0.11,0.00,0.05,0.00,0.02,0.00,0.04,0.00,0.04,0.00,0.03,0.00,0.01,0.00,0.01,0.00,0.01,0.00,0.01,232.66,235.08,236.00,0.00,0.00,0.00,2.49%,0.00,0.11%,1.52%,0.04%,1.71%,0.03%,0.63%,0.02%,0.64%,0.02%,0.10%,0.01%,0.09%,0.01%,0.31%,0.01%,0.09%,0.01%,0.04%,0.01%,0.15%,0.01%,0.03%,0.01%,0.02%,0.00,0.00,0.00,0.00,0.00,0.00,0.00,0.00,0.00,0.00,0.00,0.00,0.00,0.00,0.00,0.00,0.00,0.00,0.00,0.00,0.00,0.00,0.00,0.00,756,-0.817,612,-12,59.94,59.99,60.05
26-Jul-2018 15:20:00,10.000,Y,116.74,118.10,118.48,5.39,5.57,5.87,2.47%,3.19,0.14%,1.54%,0.05%,1.57%,0.03%,0.70%,0.02%,0.75%,0.02%,0.12%,0.02%,0.12%,0.02%,0.37%,0.01%,0.11%,0.01%,0.03%,0.01%,0.17%,0.01%,0.03%,0.01%,0.03%,0.02,2.31,0.01,1.31,0.02,1.10,0.02,1.02,0.02,0.65,0.01,0.43,0.01,0.38,0.01,0.24,0.01,0.13,0.01,0.13,0.01,0.07,0.00,0.06,117.04,118.44,119.02,0.66,0.79,1.46,2.53%,0.34,0.14%,1.50%,0.05%,1.82%,0.03%,0.61%,0.02%,0.52%,0.02%,0.15%,0.02%,0.16%,0.02%,0.26%,0.01%,0.06%,0.01%,0.07%,0.01%,0.13%,0.01%,0.04%,0.01%,0.03%,0.00,0.25,0.00,0.19,0.00,0.11,0.00,0.05,0.00,0.02,0.00,0.03,0.00,0.04,0.00,0.03,0.00,0.01,0.00,0.01,0.00,0.01,0.00,0.01,233.02,235.72,236.46,0.00,0.00,0.00,2.48%,0.00,0.14%,1.52%,0.05%,1.69%,0.03%,0.64%,0.02%,0.63%,0.02%,0.09%,0.02%,0.10%,0.02%,0.31%,0.01%,0.07%,0.01%,0.03%,0.01%,0.15%,0.01%,0.02%,0.01%,0.02%,0.00,0.00,0.00,0.00,0.00,0.00,0.00,0.00,0.00,0.00,0.00,0.00,0.00,0.00,0.00,0.00,0.00,0.00,0.00,0.00,0.00,0.00,0.00,0.00,744,-0.821,612,-12,59.97,60.01,60.05
26-Jul-2018 15:30:00,10.000,Y,116.78,117.98,118.36,5.38,5.57,11.87,2.48%,3.19,0.11%,1.56%,0.04%,1.57%,0.03%,0.68%,0.02%,0.77%,0.02%,0.13%,0.02%,0.12%,0.01%,0.37%,0.01%,0.11%,0.01%,0.03%,0.01%,0.17%,0.01%,0.03%,0.01%,0.04%,0.02,2.30,0.01,1.31,0.01,1.11,0.01,1.02,0.01,0.65,0.01,0.43,0.01,0.38,0.01,0.25,0.01,0.14,0.01,0.14,0.00,0.08,0.00,0.05,116.56,117.74,118.32,0.64,0.75,1.22,2.50%,0.33,0.11%,1.49%,0.04%,1.81%,0.03%,0.57%,0.02%,0.51%,0.02%,0.15%,0.01%,0.16%,0.01%,0.24%,0.01%,0.05%,0.01%,0.07%,0.01%,0.12%,0.01%,0.03%,0.01%,0.03%,0.00,0.24,0.00,0.18,0.00,0.11,0.00,0.05,0.00,0.01,0.00,0.03,0.00,0.04,0.00,0.03,0.00,0.01,0.00,0.01,0.00,0.01,0.00,0.01,232.68,234.94,235.76,0.00,0.00,0.00,2.47%,0.00,0.11%,1.52%,0.04%,1.69%,0.03%,0.61%,0.02%,0.64%,0.02%,0.09%,0.01%,0.10%,0.01%,0.30%,0.01%,0.07%,0.01%,0.03%,0.01%,0.14%,0.01%,0.02%,0.01%,0.02%,0.00,0.00,0.00,0.00,0.00,0.00,0.00,0.00,0.00,0.00,0.00,0.00,0.00,0.00,0.00,0.00,0.00,0.00,0.00,0.00,0.00,0.00,0.00,0.00,744,-0.824,612,-12,59.94,59.99,60.04
26-Jul-2018 15:40:00,10.000,Y,116.58,117.86,118.54,5.40,5.58,11.92,2.45%,3.21,0.15%,1.55%,0.06%,1.53%,0.04%,0.66%,0.03%,0.78%,0.02%,0.14%,0.02%,0.11%,0.02%,0.36%,0.01%,0.11%,0.01%,0.03%,0.01%,0.17%,0.01%,0.04%,0.01%,0.03%,0.02,2.32,0.01,1.33,0.02,1.11,0.02,1.03,0.02,0.65,0.01,0.43,0.01,0.38,0.01,0.25,0.01,0.14,0.01,0.14,0.01,0.09,0.00,0.05,116.06,117.48,118.16,0.66,0.75,1.23,2.44%,0.34,0.14%,1.47%,0.05%,1.75%,0.04%,0.55%,0.03%,0.53%,0.02%,0.13%,0.02%,0.16%,0.02%,0.24%,0.01%,0.05%,0.01%,0.08%,0.01%,0.10%,0.01%,0.05%,0.01%,0.05%,0.00,0.25,0.00,0.18,0.00,0.11,0.00,0.06,0.00,0.01,0.00,0.03,0.00,0.04,0.00,0.03,0.00,0.01,0.00,0.01,0.00,0.01,0.00,0.01,231.96,234.54,235.76,0.00,0.00,0.00,2.43%,0.00,0.15%,1.51%,0.05%,1.64%,0.04%,0.59%,0.03%,0.65%,0.02%,0.09%,0.02%,0.10%,0.01%,0.29%,0.01%,0.08%,0.01%,0.03%,0.01%,0.13%,0.01%,0.03%,0.01%,0.02%,0.00,0.00,0.00,0.00,0.00,0.00,0.00,0.00,0.00,0.00,0.00,0.00,0.00,0.00,0.00,0.00,0.00,0.00,0.00,0.00,0.00,0.00,0.00,0.00,744,-0.821,600,-12,59.95,60.01,60.05
26-Jul-2018 15:50:00,10.000,Y,116.22,117.62,118.16,5.30,5.59,6.03,2.45%,3.22,0.13%,1.57%,0.05%,1.54%,0.03%,0.64%,0.03%,0.75%,0.02%,0.14%,0.02%,0.09%,0.02%,0.34%,0.01%,0.11%,0.01%,0.03%,0.01%,0.16%,0.01%,0.03%,0.01%,0.03%,0.02,2.35,0.01,1.34,0.02,1.10,0.02,1.01,0.02,0.63,0.01,0.40,0.01,0.36,0.01,0.24,0.01,0.14,0.01,0.14,0.01,0.08,0.00,0.05,116.00,117.34,117.88,0.63,0.75,1.32,2.50%,0.34,0.13%,1.53%,0.05%,1.77%,0.03%,0.54%,0.03%,0.54%,0.02%,0.13%,0.02%,0.19%,0.02%,0.26%,0.01%,0.05%,0.01%,0.10%,0.01%,0.10%,0.01%,0.07%,0.01%,0.08%,0.00,0.25,0.00,0.18,0.00,0.11,0.00,0.05,0.00,0.01,0.00,0.03,0.00,0.04,0.00,0.03,0.00,0.01,0.00,0.01,0.00,0.01,0.00,0.01,231.48,234.18,234.92,0.00,0.00,0.00,2.45%,0.00,0.13%,1.55%,0.05%,1.65%,0.03%,0.57%,0.02%,0.64%,0.02%,0.10%,0.02%,0.10%,0.02%,0.29%,0.01%,0.07%,0.01%,0.05%,0.01%,0.13%,0.01%,0.04%,0.01%,0.03%,0.00,0.00,0.00,0.00,0.00,0.00,0.00,0.00,0.00,0.00,0.00,0.00,0.00,0.00,0.00,0.00,0.00,0.00,0.00,0.00,0.00,0.00,0.00,0.00,744,-0.818,612,-12,59.95,60.00,60.05
26-Jul-2018 16:00:00,10.000,Y,116.24,117.62,118.20,5.07,6.61,11.92,2.42%,3.01,0.12%,1.54%,0.05%,1.53%,0.03%,0.64%,0.02%,0.73%,0.02%,0.13%,0.01%,0.09%,0.02%,0.34%,0.01%,0.09%,0.01%,0.03%,0.01%,0.16%,0.01%,0.02%,0.01%,0.03%,0.02,2.20,0.01,1.27,0.01,1.04,0.01,0.94,0.01,0.58,0.01,0.37,0.01,0.32,0.01,0.21,0.01,0.13,0.01,0.13,0.00,0.08,0.00,0.06,116.26,117.60,118.26,0.62,0.73,1.29,2.52%,0.32,0.12%,1.54%,0.05%,1.77%,0.03%,0.58%,0.02%,0.56%,0.02%,0.15%,0.01%,0.19%,0.01%,0.27%,0.01%,0.06%,0.01%,0.10%,0.01%,0.11%,0.01%,0.07%,0.01%,0.07%,0.00,0.24,0.00,0.17,0.00,0.10,0.00,0.04,0.00,0.02,0.00,0.04,0.00,0.04,0.00,0.02,0.00,0.01,0.00,0.01,0.00,0.01,0.00,0.01,231.96,234.42,235.34,0.00,0.00,0.00,2.45%,0.00,0.12%,1.54%,0.04%,1.65%,0.03%,0.59%,0.02%,0.65%,0.02%,0.10%,0.01%,0.11%,0.01%,0.29%,0.01%,0.07%,0.01%,0.05%,0.01%,0.14%,0.01%,0.03%,0.01%,0.03%,0.00,0.00,0.00,0.00,0.00,0.00,0.00,0.00,0.00,0.00,0.00,0.00,0.00,0.00,0.00,0.00,0.00,0.00,0.00,0.00,0.00,0.00,0.00,0.00,864,-0.851,744,-12,59.96,60.00,60.06
26-Jul-2018 16:10:00,10.000,Y,116.36,117.80,118.54,5.42,9.02,12.29,2.48%,3.13,0.15%,1.59%,0.06%,1.54%,0.04%,0.65%,0.03%,0.77%,0.02%,0.15%,0.02%,0.11%,0.02%,0.36%,0.02%,0.11%,0.01%,0.02%,0.01%,0.16%,0.01%,0.02%,0.01%,0.03%,0.02,2.24,0.01,1.33,0.02,1.11,0.02,1.01,0.02,0.63,0.01,0.40,0.01,0.34,0.01,0.21,0.01,0.11,0.01,0.12,0.01,0.07,0.00,0.06,116.68,117.92,118.42,0.63,0.74,1.49,2.52%,0.33,0.16%,1.52%,0.06%,1.80%,0.04%,0.55%,0.03%,0.55%,0.02%,0.15%,0.02%,0.17%,0.02%,0.27%,0.02%,0.07%,0.01%,0.08%,0.01%,0.12%,0.01%,0.06%,0.01%,0.06%,0.00,0.24,0.00,0.18,0.00,0.10,0.00,0.05,0.00,0.02,0.00,0.03,0.00,0.04,0.00,0.02,0.00,0.01,0.00,0.01,0.00,0.01,0.00,0.01,232.26,234.94,236.04,0.00,0.00,0.00,2.48%,0.00,0.16%,1.55%,0.06%,1.67%,0.04%,0.58%,0.03%,0.66%,0.02%,0.12%,0.02%,0.09%,0.02%,0.31%,0.02%,0.09%,0.01%,0.04%,0.01%,0.14%,0.01%,0.04%,0.01%,0.03%,0.00,0.00,0.00,0.00,0.00,0.00,0.00,0.00,0.00,0.00,0.00,0.00,0.00,0.00,0.00,0.00,0.00,0.00,0.00,0.00,0.00,0.00,0.00,0.00,1152,-0.894,1056,-12,59.95,60.02,60.07
26-Jul-2018 16:20:00,10.000,Y,116.42,117.96,118.44,5.42,6.15,12.22,2.45%,3.22,0.10%,1.58%,0.04%,1.51%,0.03%,0.66%,0.02%,0.77%,0.02%,0.16%,0.01%,0.10%,0.01%,0.36%,0.01%,0.11%,0.01%,0.02%,0.01%,0.16%,0.01%,0.03%,0.01%,0.03%,0.02,2.33,0.01,1.35,0.01,1.12,0.01,1.03,0.01,0.65,0.01,0.40,0.01,0.35,0.01,0.22,0.01,0.11,0.00,0.12,0.00,0.07,0.00,0.06,116.20,117.70,118.28,0.62,0.75,1.25,2.54%,0.33,0.10%,1.55%,0.04%,1.80%,0.03%,0.54%,0.02%,0.55%,0.02%,0.15%,0.01%,0.16%,0.01%,0.28%,0.01%,0.08%,0.01%,0.08%,0.01%,0.13%,0.01%,0.06%,0.01%,0.06%,0.00,0.24,0.00,0.18,0.00,0.10,0.00,0.05,0.00,0.01,0.00,0.03,0.00,0.04,0.00,0.03,0.00,0.01,0.00,0.01,0.00,0.01,0.00,0.01,231.98,234.86,235.84,0.00,0.00,0.00,2.48%,0.00,0.10%,1.57%,0.04%,1.65%,0.03%,0.58%,0.02%,0.66%,0.02%,0.12%,0.01%,0.08%,0.01%,0.31%,0.01%,0.09%,0.01%,0.04%,0.01%,0.15%,0.01%,0.04%,0.01%,0.03%,0.00,0.00,0.00,0.00,0.00,0.00,0.00,0.00,0.00,0.00,0.00,0.00,0.00,0.00,0.00,0.00,0.00,0.00,0.00,0.00,0.00,0.00,0.00,0.00,816,-0.828,684,-12,59.93,59.99,60.03
26-Jul-2018 16:30:00,10.000,Y,116.60,118.00,118.42,5.40,6.54,18.81,2.49%,3.21,0.13%,1.61%,0.05%,1.53%,0.03%,0.66%,0.02%,0.77%,0.02%,0.16%,0.02%,0.10%,0.01%,0.36%,0.01%,0.12%,0.01%,0.02%,0.01%,0.16%,0.01%,0.03%,0.01%,0.03%,0.05,2.33,0.02,1.34,0.02,1.11,0.02,1.02,0.02,0.64,0.02,0.40,0.01,0.34,0.01,0.21,0.01,0.10,0.01,0.11,0.01,0.06,0.00,0.06,116.92,117.86,118.60,0.63,0.73,1.23,2.63%,0.33,0.12%,1.63%,0.05%,1.83%,0.03%,0.59%,0.02%,0.59%,0.02%,0.16%,0.02%,0.16%,0.02%,0.28%,0.01%,0.09%,0.01%,0.09%,0.01%,0.14%,0.01%,0.08%,0.01%,0.06%,0.00,0.24,0.00,0.18,0.00,0.10,0.00,0.05,0.00,0.02,0.00,0.04,0.00,0.04,0.00,0.03,0.00,0.01,0.00,0.01,0.00,0.01,0.00,0.01,233.74,235.06,235.82,0.00,0.00,0.00,2.54%,0.00,0.12%,1.62%,0.05%,1.68%,0.03%,0.60%,0.02%,0.68%,0.02%,0.13%,0.01%,0.09%,0.01%,0.32%,0.01%,0.10%,0.01%,0.05%,0.01%,0.15%,0.01%,0.05%,0.01%,0.03%,0.00,0.00,0.00,0.00,0.00,0.00,0.00,0.00,0.00,0.00,0.00,0.00,0.00,0.00,0.00,0.00,0.00,0.00,0.00,0.00,0.00,0.00,0.00,0.00,852,-0.835,720,-12,59.95,60.00,60.05
26-Jul-2018 16:40:00,10.000,Y,116.54,118.22,118.86,5.12,5.97,12.43,2.51%,3.16,0.11%,1.59%,0.04%,1.59%,0.03%,0.65%,0.02%,0.75%,0.02%,0.14%,0.01%,0.10%,0.01%,0.37%,0.01%,0.12%,0.01%,0.02%,0.01%,0.17%,0.01%,0.03%,0.01%,0.03%,0.02,2.30,0.01,1.32,0.01,1.09,0.01,1.00,0.01,0.64,0.01,0.41,0.01,0.35,0.01,0.21,0.01,0.10,0.00,0.11,0.00,0.06,0.00,0.06,117.24,118.30,118.86,0.63,0.73,1.20,2.61%,0.32,0.11%,1.57%,0.04%,1.85%,0.03%,0.61%,0.02%,0.59%,0.02%,0.16%,0.01%,0.17%,0.01%,0.29%,0.01%,0.09%,0.01%,0.09%,0.01%,0.14%,0.01%,0.08%,0.01%,0.07%,0.00,0.24,0.00,0.17,0.00,0.10,0.00,0.04,0.00,0.02,0.00,0.04,0.00,0.04,0.00,0.02,0.00,0.01,0.00,0.01,0.00,0.01,0.00,0.01,233.46,235.72,236.84,0.00,0.00,0.00,2.54%,0.00,0.11%,1.58%,0.04%,1.72%,0.03%,0.61%,0.02%,0.67%,0.02%,0.11%,0.01%,0.10%,0.01%,0.33%,0.01%,0.09%,0.01%,0.04%,0.01%,0.15%,0.01%,0.05%,0.01%,0.04%,0.00,0.00,0.00,0.00,0.00,0.00,0.00,0.00,0.00,0.00,0.00,0.00,0.00,0.00,0.00,0.00,0.00,0.00,0.00,0.00,0.00,0.00,0.00,0.00,792,-0.830,660,-12,59.92,59.99,60.03
26-Jul-2018 16:50:00,10.000,Y,116.66,117.96,118.46,5.13,5.95,12.22,2.56%,3.16,0.13%,1.68%,0.05%,1.56%,0.03%,0.66%,0.02%,0.76%,0.02%,0.15%,0.02%,0.13%,0.02%,0.39%,0.01%,0.13%,0.01%,0.02%,0.01%,0.17%,0.01%,0.04%,0.01%,0.03%,0.02,2.30,0.01,1.30,0.01,1.07,0.02,1.01,0.02,0.67,0.01,0.44,0.01,0.37,0.01,0.24,0.01,0.12,0.01,0.10,0.00,0.05,0.00,0.06,116.74,118.16,118.78,0.62,0.76,5.21,2.63%,0.34,0.14%,1.63%,0.05%,1.83%,0.03%,0.62%,0.02%,0.59%,0.02%,0.15%,0.02%,0.17%,0.02%,0.29%,0.01%,0.08%,0.01%,0.09%,0.01%,0.13%,0.01%,0.08%,0.01%,0.07%,0.00,0.25,0.00,0.19,0.00,0.11,0.00,0.05,0.00,0.02,0.00,0.04,0.00,0.04,0.00,0.03,0.00,0.01,0.00,0.01,0.00,0.01,0.00,0.01,232.74,235.32,236.26,0.00,0.00,0.00,2.58%,0.00,0.13%,1.65%,0.05%,1.69%,0.03%,0.63%,0.02%,0.67%,0.02%,0.11%,0.02%,0.11%,0.02%,0.33%,0.01%,0.10%,0.01%,0.04%,0.01%,0.15%,0.01%,0.06%,0.01%,0.03%,0.00,0.00,0.00,0.00,0.00,0.00,0.00,0.00,0.00,0.00,0.00,0.00,0.00,0.00,0.00,0.00,0.00,0.00,0.00,0.00,0.00,0.00,0.00,0.00,792,-0.829,660,-12,59.94,60.00,60.06
26-Jul-2018 17:00:00,10.000,Y,115.74,117.54,118.30,5.09,5.70,12.14,2.57%,2.94,0.19%,1.69%,0.07%,1.57%,0.05%,0.66%,0.03%,0.76%,0.03%,0.15%,0.02%,0.11%,0.02%,0.38%,0.02%,0.12%,0.02%,0.02%,0.02%,0.16%,0.01%,0.04%,0.01%,0.03%,0.02,2.15,0.02,1.21,0.02,1.01,0.02,0.94,0.02,0.60,0.02,0.38,0.01,0.31,0.01,0.20,0.01,0.09,0.01,0.09,0.01,0.05,0.00,0.07,117.06,118.22,119.08,0.65,0.75,1.36,2.64%,0.34,0.19%,1.65%,0.07%,1.82%,0.05%,0.60%,0.03%,0.60%,0.03%,0.16%,0.02%,0.17%,0.02%,0.29%,0.02%,0.09%,0.01%,0.08%,0.01%,0.13%,0.01%,0.08%,0.01%,0.07%,0.00,0.25,0.00,0.19,0.00,0.11,0.00,0.05,0.00,0.02,0.00,0.04,0.00,0.04,0.00,0.03,0.00,0.01,0.00,0.01,0.00,0.01,0.00,0.01,233.06,234.96,236.12,0.00,0.00,0.00,2.59%,0.00,0.19%,1.67%,0.07%,1.69%,0.05%,0.61%,0.03%,0.67%,0.03%,0.13%,0.02%,0.10%,0.02%,0.32%,0.02%,0.10%,0.01%,0.04%,0.01%,0.14%,0.01%,0.06%,0.01%,0.03%,0.00,0.00,0.00,0.00,0.00,0.00,0.00,0.00,0.00,0.00,0.00,0.00,0.00,0.00,0.00,0.00,0.00,0.00,0.00,0.00,0.00,0.00,0.00,0.00,756,-0.836,636,0,59.98,60.04,60.10
26-Jul-2018 17:10:00,10.000,Y,117.26,118.26,118.80,5.07,5.66,12.00,2.61%,2.95,0.13%,1.71%,0.05%,1.62%,0.03%,0.65%,0.03%,0.76%,0.02%,0.14%,0.02%,0.11%,0.01%,0.38%,0.01%,0.10%,0.01%,0.03%,0.01%,0.16%,0.01%,0.03%,0.01%,0.03%,0.02,2.15,0.01,1.22,0.01,1.01,0.01,0.94,0.02,0.60,0.01,0.39,0.01,0.33,0.01,0.21,0.01,0.11,0.01,0.11,0.00,0.06,0.00,0.07,117.72,118.80,119.40,0.64,0.76,1.33,2.70%,0.34,0.13%,1.68%,0.05%,1.86%,0.03%,0.62%,0.03%,0.62%,0.02%,0.16%,0.02%,0.18%,0.02%,0.30%,0.01%,0.09%,0.01%,0.09%,0.01%,0.13%,0.01%,0.08%,0.01%,0.08%,0.00,0.25,0.00,0.19,0.00,0.11,0.00,0.05,0.00,0.03,0.00,0.04,0.00,0.05,0.00,0.03,0.00,0.01,0.00,0.01,0.00,0.01,0.00,0.01,234.64,236.26,237.34,0.00,0.00,0.00,2.64%,0.00,0.13%,1.70%,0.05%,1.74%,0.03%,0.62%,0.03%,0.69%,0.02%,0.12%,0.02%,0.11%,0.01%,0.34%,0.01%,0.09%,0.01%,0.05%,0.01%,0.14%,0.01%,0.05%,0.01%,0.04%,0.00,0.00,0.00,0.00,0.00,0.00,0.00,0.00,0.00,0.00,0.00,0.00,0.00,0.00,0.00,0.00,0.00,0.00,0.00,0.00,0.00,0.00,0.00,0.00,756,-0.835,636,0,59.96,60.00,60.05
26-Jul-2018 17:20:00,10.000,Y,113.44,116.68,118.64,4.93,5.66,12.22,2.52%,2.85,0.11%,1.74%,0.04%,1.29%,0.03%,0.68%,0.02%,0.85%,0.02%,0.33%,0.02%,0.23%,0.01%,0.40%,0.01%,0.13%,0.01%,0.08%,0.01%,0.16%,0.01%,0.04%,0.01%,0.06%,0.01,2.13,0.01,1.15,0.01,0.95,0.01,0.88,0.01,0.53,0.01,0.35,0.01,0.30,0.01,0.19,0.01,0.11,0.01,0.12,0.01,0.07,0.00,0.08,114.06,116.60,119.02,0.65,0.77,1.37,2.60%,0.36,0.11%,1.71%,0.04%,1.48%,0.03%,0.76%,0.02%,0.73%,0.02%,0.36%,0.02%,0.33%,0.02%,0.32%,0.01%,0.18%,0.01%,0.12%,0.01%,0.13%,0.01%,0.11%,0.01%,0.06%,0.00,0.26,0.00,0.19,0.00,0.12,0.00,0.05,0.00,0.03,0.00,0.04,0.00,0.05,0.00,0.03,0.00,0.01,0.00,0.01,0.00,0.01,0.00,0.01,226.94,232.50,236.70,0.00,0.00,0.00,2.55%,0.00,0.11%,1.73%,0.04%,1.38%,0.03%,0.71%,0.02%,0.79%,0.02%,0.34%,0.01%,0.27%,0.01%,0.36%,0.01%,0.15%,0.01%,0.09%,0.01%,0.15%,0.01%,0.07%,0.01%,0.05%,0.00,0.00,0.00,0.00,0.00,0.00,0.00,0.00,0.00,0.00,0.00,0.00,0.00,0.00,0.00,0.00,0.00,0.00,0.00,0.00,0.00,0.00,0.00,0.00,744,-0.842,636,0,59.93,59.99,60.05
26-Jul-2018 17:30:00,10.000,Y,114.62,115.92,116.42,4.98,5.19,5.52,2.53%,2.82,0.11%,1.79%,0.04%,1.21%,0.03%,0.67%,0.02%,0.90%,0.02%,0.38%,0.02%,0.29%,0.01%,0.42%,0.01%,0.14%,0.01%,0.11%,0.01%,0.16%,0.01%,0.04%,0.01%,0.07%,0.02,2.11,0.01,1.13,0.01,0.93,0.01,0.88,0.01,0.52,0.01,0.35,0.01,0.30,0.01,0.19,0.01,0.12,0.01,0.13,0.00,0.08,0.00,0.08,114.64,115.90,116.46,0.67,0.77,1.36,2.60%,0.35,0.11%,1.78%,0.04%,1.37%,0.03%,0.74%,0.02%,0.79%,0.02%,0.41%,0.02%,0.38%,0.01%,0.35%,0.01%,0.21%,0.01%,0.11%,0.01%,0.14%,0.01%,0.13%,0.01%,0.05%,0.00,0.26,0.00,0.19,0.00,0.12,0.00,0.05,0.00,0.03,0.00,0.04,0.00,0.05,0.00,0.03,0.00,0.01,0.00,0.01,0.00,0.01,0.00,0.01,228.50,231.04,231.96,0.00,0.00,0.00,2.56%,0.00,0.11%,1.79%,0.04%,1.29%,0.03%,0.70%,0.02%,0.84%,0.02%,0.39%,0.02%,0.32%,0.01%,0.38%,0.01%,0.17%,0.01%,0.10%,0.01%,0.15%,0.01%,0.08%,0.01%,0.04%,0.00,0.00,0.00,0.00,0.00,0.00,0.00,0.00,0.00,0.00,0.00,0.00,0.00,0.00,0.00,0.00,0.00,0.00,0.00,0.00,0.00,0.00,0.00,0.00,684,-0.835,576,0,59.95,59.99,60.04
26-Jul-2018 17:40:00,10.000,Y,115.02,116.38,116.82,4.97,5.13,5.36,2.57%,2.81,0.12%,1.80%,0.04%,1.21%,0.03%,0.69%,0.02%,0.93%,0.02%,0.39%,0.02%,0.29%,0.02%,0.44%,0.01%,0.15%,0.01%,0.11%,0.01%,0.18%,0.01%,0.05%,0.01%,0.08%,0.02,2.07,0.01,1.12,0.01,0.93,0.01,0.90,0.01,0.55,0.01,0.37,0.01,0.32,0.01,0.21,0.01,0.12,0.01,0.13,0.00,0.08,0.00,0.07,114.68,116.16,116.62,0.66,0.77,1.42,2.62%,0.35,0.12%,1.79%,0.04%,1.34%,0.03%,0.77%,0.02%,0.84%,0.02%,0.40%,0.01%,0.40%,0.02%,0.36%,0.01%,0.21%,0.01%,0.13%,0.01%,0.13%,0.01%,0.13%,0.01%,0.07%,0.00,0.25,0.00,0.19,0.00,0.12,0.00,0.05,0.00,0.03,0.00,0.04,0.00,0.05,0.00,0.02,0.00,0.01,0.00,0.01,0.00,0.01,0.00,0.01,228.94,231.76,232.62,0.00,0.00,0.00,2.58%,0.00,0.12%,1.80%,0.04%,1.27%,0.03%,0.73%,0.02%,0.88%,0.02%,0.39%,0.02%,0.34%,0.01%,0.40%,0.01%,0.18%,0.01%,0.10%,0.01%,0.15%,0.01%,0.09%,0.01%,0.05%,0.00,0.00,0.00,0.00,0.00,0.00,0.00,0.00,0.00,0.00,0.00,0.00,0.00,0.00,0.00,0.00,0.00,0.00,0.00,0.00,0.00,0.00,0.00,0.00,684,-0.834,576,0,59.95,60.00,60.04
26-Jul-2018 17:50:00,10.000,Y,115.18,116.30,116.76,5.00,5.48,6.29,2.66%,3.05,0.12%,1.93%,0.05%,1.23%,0.03%,0.64%,0.02%,0.95%,0.02%,0.43%,0.02%,0.26%,0.02%,0.45%,0.02%,0.19%,0.01%,0.09%,0.01%,0.18%,0.01%,0.06%,0.01%,0.06%,0.02,2.26,0.01,1.23,0.01,0.99,0.01,0.97,0.02,0.61,0.01,0.40,0.01,0.34,0.01,0.23,0.01,0.11,0.01,0.11,0.00,0.06,0.00,0.05,114.82,116.00,116.56,0.68,0.95,1.43,2.75%,0.47,0.13%,1.95%,0.05%,1.38%,0.03%,0.74%,0.02%,0.85%,0.02%,0.40%,0.02%,0.42%,0.02%,0.36%,0.02%,0.20%,0.01%,0.14%,0.01%,0.13%,0.01%,0.14%,0.01%,0.06%,0.00,0.36,0.00,0.25,0.00,0.13,0.00,0.03,0.00,0.05,0.00,0.06,0.00,0.05,0.00,0.02,0.00,0.02,0.00,0.02,0.00,0.01,0.00,0.01,229.94,231.50,232.36,0.00,0.00,0.00,2.69%,0.00,0.13%,1.94%,0.05%,1.30%,0.03%,0.68%,0.02%,0.90%,0.02%,0.41%,0.02%,0.33%,0.01%,0.40%,0.01%,0.19%,0.01%,0.10%,0.01%,0.15%,0.01%,0.10%,0.01%,0.05%,0.00,0.00,0.00,0.00,0.00,0.00,0.00,0.00,0.00,0.00,0.00,0.00,0.00,0.00,0.00,0.00,0.00,0.00,0.00,0.00,0.00,0.00,0.00,0.00,744,-0.825,612,-12,59.96,60.00,60.05
26-Jul-2018 18:00:00,10.000,Y,114.96,116.40,116.78,4.99,5.10,5.19,2.71%,2.77,0.11%,1.98%,0.04%,1.21%,0.02%,0.63%,0.02%,0.99%,0.02%,0.44%,0.02%,0.24%,0.01%,0.45%,0.01%,0.20%,0.01%,0.08%,0.01%,0.17%,0.01%,0.06%,0.01%,0.06%,0.02,2.07,0.01,1.12,0.01,0.89,0.01,0.88,0.01,0.55,0.01,0.34,0.01,0.29,0.01,0.19,0.01,0.08,0.00,0.10,0.00,0.06,0.00,0.06,115.02,115.90,116.26,0.89,0.99,1.73,2.77%,0.50,0.11%,1.97%,0.04%,1.39%,0.02%,0.73%,0.02%,0.87%,0.02%,0.40%,0.02%,0.40%,0.02%,0.37%,0.01%,0.20%,0.01%,0.14%,0.01%,0.13%,0.01%,0.13%,0.01%,0.06%,0.00,0.39,0.00,0.26,0.00,0.13,0.00,0.02,0.00,0.06,0.00,0.06,0.00,0.04,0.00,0.01,0.00,0.02,0.00,0.02,0.00,0.01,0.00,0.00,229.70,231.52,232.14,0.00,0.00,0.00,2.73%,0.00,0.11%,1.97%,0.04%,1.30%,0.02%,0.67%,0.02%,0.93%,0.02%,0.42%,0.01%,0.31%,0.01%,0.40%,0.01%,0.20%,0.01%,0.09%,0.01%,0.15%,0.01%,0.09%,0.01%,0.05%,0.00,0.00,0.00,0.00,0.00,0.00,0.00,0.00,0.00,0.00,0.00,0.00,0.00,0.00,0.00,0.00,0.00,0.00,0.00,0.00,0.00,0.00,0.00,0.00,708,-0.833,588,0,59.96,60.00,60.06
26-Jul-2018 18:10:00,10.000,Y,114.88,116.02,116.78,4.98,5.11,5.26,2.80%,2.77,0.13%,2.08%,0.05%,1.24%,0.03%,0.55%,0.02%,1.06%,0.02%,0.46%,0.02%,0.23%,0.02%,0.42%,0.02%,0.20%,0.01%,0.08%,0.01%,0.17%,0.01%,0.04%,0.01%,0.07%,0.02,2.09,0.01,1.15,0.01,0.89,0.01,0.85,0.01,0.52,0.01,0.29,0.01,0.25,0.01,0.17,0.01,0.08,0.00,0.10,0.00,0.07,0.00,0.06,114.80,115.86,116.72,0.90,0.97,1.41,2.93%,0.50,0.12%,2.12%,0.05%,1.48%,0.03%,0.67%,0.02%,0.94%,0.02%,0.42%,0.02%,0.40%,0.02%,0.38%,0.01%,0.22%,0.01%,0.12%,0.01%,0.13%,0.01%,0.12%,0.01%,0.07%,0.00,0.39,0.00,0.26,0.00,0.13,0.00,0.03,0.00,0.05,0.00,0.06,0.00,0.04,0.00,0.01,0.00,0.02,0.00,0.02,0.00,0.01,0.00,0.00,229.42,231.10,232.24,0.00,0.00,0.00,2.85%,0.00,0.12%,2.10%,0.05%,1.36%,0.03%,0.60%,0.02%,1.00%,0.02%,0.43%,0.02%,0.31%,0.02%,0.39%,0.01%,0.21%,0.01%,0.09%,0.01%,0.15%,0.01%,0.08%,0.01%,0.04%,0.00,0.00,0.00,0.00,0.00,0.00,0.00,0.00,0.00,0.00,0.00,0.00,0.00,0.00,0.00,0.00,0.00,0.00,0.00,0.00,0.00,0.00,0.00,0.00,708,-0.832,588,0,59.95,60.00,60.04
26-Jul-2018 18:20:00,10.000,Y,114.94,115.88,116.18,4.86,5.10,5.30,3.05%,2.74,0.11%,2.23%,0.04%,1.44%,0.03%,0.57%,0.02%,1.23%,0.02%,0.37%,0.02%,0.25%,0.01%,0.36%,0.01%,0.15%,0.01%,0.07%,0.01%,0.13%,0.01%,0.02%,0.01%,0.07%,0.02,2.12,0.01,1.18,0.01,0.85,0.01,0.78,0.01,0.46,0.01,0.21,0.00,0.17,0.00,0.12,0.00,0.06,0.00,0.10,0.00,0.08,0.00,0.07,114.30,115.60,116.02,0.59,0.86,1.50,3.20%,0.46,0.11%,2.32%,0.05%,1.66%,0.03%,0.65%,0.02%,1.11%,0.02%,0.40%,0.02%,0.39%,0.02%,0.29%,0.01%,0.20%,0.01%,0.08%,0.01%,0.10%,0.01%,0.10%,0.01%,0.04%,0.00,0.37,0.00,0.23,0.00,0.12,0.00,0.02,0.00,0.06,0.00,0.06,0.00,0.04,0.00,0.01,0.00,0.01,0.00,0.02,0.00,0.01,0.00,0.01,228.78,230.70,231.38,0.00,0.00,0.00,3.11%,0.00,0.11%,2.27%,0.04%,1.55%,0.03%,0.60%,0.02%,1.17%,0.02%,0.38%,0.02%,0.31%,0.01%,0.32%,0.01%,0.17%,0.01%,0.05%,0.01%,0.11%,0.01%,0.05%,0.01%,0.03%,0.00,0.00,0.00,0.00,0.00,0.00,0.00,0.00,0.00,0.00,0.00,0.00,0.00,0.00,0.00,0.00,0.00,0.00,0.00,0.00,0.00,0.00,0.00,0.00,684,-0.831,576,0,59.94,59.99,60.05
26-Jul-2018 18:30:00,10.000,Y,115.22,116.14,116.54,0.92,2.78,7.57,3.10%,1.31,0.12%,2.26%,0.04%,1.54%,0.03%,0.61%,0.02%,1.16%,0.02%,0.35%,0.02%,0.27%,0.02%,0.34%,0.01%,0.14%,0.01%,0.07%,0.01%,0.14%,0.01%,0.03%,0.01%,0.07%,0.01,1.02,0.01,0.55,0.00,0.39,0.00,0.37,0.01,0.21,0.00,0.12,0.00,0.09,0.00,0.05,0.00,0.03,0.00,0.04,0.00,0.03,0.00,0.03,114.60,115.90,116.38,0.17,0.17,0.73,3.36%,0.10,0.12%,2.46%,0.04%,1.68%,0.03%,0.71%,0.02%,1.19%,0.02%,0.42%,0.02%,0.38%,0.02%,0.30%,0.01%,0.20%,0.01%,0.11%,0.01%,0.10%,0.01%,0.10%,0.01%,0.05%,0.00,0.08,0.00,0.05,0.00,0.03,0.00,0.01,0.00,0.01,0.00,0.01,0.00,0.01,0.00,0.00,0.00,0.00,0.00,0.00,0.00,0.00,0.00,0.00,229.64,231.26,231.96,0.00,0.00,0.00,3.23%,0.00,0.12%,2.36%,0.04%,1.61%,0.03%,0.65%,0.02%,1.17%,0.02%,0.39%,0.02%,0.31%,0.02%,0.32%,0.01%,0.17%,0.01%,0.07%,0.01%,0.12%,0.01%,0.06%,0.01%,0.04%,0.00,0.00,0.00,0.00,0.00,0.00,0.00,0.00,0.00,0.00,0.00,0.00,0.00,0.00,0.00,0.00,0.00,0.00,0.00,0.00,0.00,0.00,0.00,0.00,348,0.844,276,48,59.95,59.99,60.04
26-Jul-2018 18:40:00,10.000,Y,114.42,115.96,116.68,0.92,1.00,1.06,3.11%,0.16,0.11%,2.25%,0.04%,1.59%,0.03%,0.64%,0.02%,1.13%,0.02%,0.37%,0.02%,0.28%,0.01%,0.33%,0.01%,0.13%,0.01%,0.07%,0.01%,0.14%,0.01%,0.05%,0.01%,0.06%,0.01,0.12,0.00,0.03,0.00,0.03,0.00,0.08,0.00,0.03,0.00,0.04,0.00,0.02,0.00,0.00,0.00,0.01,0.00,0.00,0.00,0.00,0.00,0.00,114.10,115.70,116.76,0.00,0.00,0.34,3.41%,0.00,0.11%,2.51%,0.04%,1.71%,0.03%,0.67%,0.02%,1.21%,0.02%,0.43%,0.02%,0.38%,0.01%,0.28%,0.01%,0.19%,0.01%,0.13%,0.01%,0.09%,0.01%,0.10%,0.01%,0.05%,0.00,0.00,0.00,0.00,0.00,0.00,0.00,0.00,0.00,0.00,0.00,0.00,0.00,0.00,0.00,0.00,0.00,0.00,0.00,0.00,0.00,0.00,0.00,0.00,229.04,230.88,232.26,0.00,0.00,0.00,3.26%,0.00,0.11%,2.38%,0.04%,1.65%,0.03%,0.66%,0.02%,1.17%,0.02%,0.40%,0.01%,0.32%,0.01%,0.30%,0.01%,0.16%,0.01%,0.08%,0.01%,0.11%,0.01%,0.08%,0.01%,0.04%,0.00,0.00,0.00,0.00,0.00,0.00,0.00,0.00,0.00,0.00,0.00,0.00,0.00,0.00,0.00,0.00,0.00,0.00,0.00,0.00,0.00,0.00,0.00,0.00,120,0.669,72,84,59.96,59.99,60.04
26-Jul-2018 18:50:00,10.000,Y,114.48,115.98,116.84,0.92,1.00,1.06,3.15%,0.16,0.12%,2.29%,0.05%,1.61%,0.03%,0.61%,0.02%,1.15%,0.02%,0.35%,0.02%,0.28%,0.02%,0.32%,0.01%,0.14%,0.01%,0.07%,0.01%,0.13%,0.01%,0.05%,0.01%,0.05%,0.01,0.12,0.00,0.03,0.00,0.03,0.00,0.08,0.00,0.03,0.00,0.04,0.00,0.02,0.00,0.00,0.00,0.01,0.00,0.00,0.00,0.00,0.00,0.00,114.84,116.04,116.52,0.00,0.00,0.36,3.45%,0.00,0.13%,2.55%,0.05%,1.72%,0.03%,0.65%,0.02%,1.22%,0.02%,0.42%,0.02%,0.39%,0.02%,0.30%,0.01%,0.20%,0.01%,0.12%,0.01%,0.09%,0.01%,0.10%,0.01%,0.06%,0.00,0.00,0.00,0.00,0.00,0.00,0.00,0.00,0.00,0.00,0.00,0.00,0.00,0.00,0.00,0.00,0.00,0.00,0.00,0.00,0.00,0.00,0.00,0.00,228.72,231.22,232.18,0.00,0.00,0.00,3.29%,0.00,0.13%,2.42%,0.05%,1.67%,0.03%,0.63%,0.02%,1.18%,0.02%,0.38%,0.02%,0.33%,0.02%,0.31%,0.01%,0.17%,0.01%,0.08%,0.01%,0.11%,0.01%,0.07%,0.01%,0.03%,0.00,0.00,0.00,0.00,0.00,0.00,0.00,0.00,0.00,0.00,0.00,0.00,0.00,0.00,0.00,0.00,0.00,0.00,0.00,0.00,0.00,0.00,0.00,0.00,120,0.671,72,84,59.96,60.00,60.07
26-Jul-2018 19:00:00,10.000,Y,115.16,116.46,116.84,0.92,1.00,1.06,3.18%,0.16,0.13%,2.33%,0.05%,1.60%,0.03%,0.57%,0.03%,1.17%,0.03%,0.37%,0.02%,0.27%,0.02%,0.33%,0.02%,0.16%,0.01%,0.06%,0.02%,0.13%,0.02%,0.06%,0.02%,0.06%,0.01,0.12,0.00,0.03,0.00,0.03,0.00,0.09,0.00,0.03,0.00,0.04,0.00,0.02,0.00,0.00,0.00,0.01,0.00,0.00,0.00,0.00,0.00,0.00,114.56,116.28,116.92,0.00,0.00,0.35,3.46%,0.00,0.13%,2.57%,0.05%,1.71%,0.04%,0.60%,0.03%,1.25%,0.03%,0.41%,0.02%,0.37%,0.02%,0.31%,0.01%,0.21%,0.01%,0.10%,0.01%,0.10%,0.01%,0.10%,0.01%,0.05%,0.00,0.00,0.00,0.00,0.00,0.00,0.00,0.00,0.00,0.00,0.00,0.00,0.00,0.00,0.00,0.00,0.00,0.00,0.00,0.00,0.00,0.00,0.00,0.00,229.40,231.96,232.86,0.00,0.00,0.00,3.31%,0.00,0.13%,2.45%,0.05%,1.66%,0.03%,0.59%,0.03%,1.21%,0.03%,0.39%,0.02%,0.31%,0.02%,0.32%,0.01%,0.18%,0.01%,0.06%,0.01%,0.11%,0.01%,0.07%,0.01%,0.04%,0.00,0.00,0.00,0.00,0.00,0.00,0.00,0.00,0.00,0.00,0.00,0.00,0.00,0.00,0.00,0.00,0.00,0.00,0.00,0.00,0.00,0.00,0.00,0.00,120,0.667,72,84,59.96,60.01,60.05
26-Jul-2018 19:10:00,10.000,Y,115.44,116.60,117.10,0.92,1.00,1.06,3.19%,0.16,0.12%,2.33%,0.05%,1.62%,0.03%,0.58%,0.03%,1.18%,0.02%,0.38%,0.02%,0.28%,0.02%,0.32%,0.02%,0.16%,0.02%,0.06%,0.02%,0.12%,0.02%,0.05%,0.02%,0.06%,0.01,0.12,0.00,0.03,0.00,0.03,0.00,0.09,0.00,0.03,0.00,0.04,0.00,0.02,0.00,0.00,0.00,0.01,0.00,0.00,0.00,0.00,0.00,0.00,115.30,116.18,116.94,0.00,0.00,0.34,3.66%,0.00,0.12%,2.78%,0.04%,1.76%,0.03%,0.60%,0.02%,1.27%,0.02%,0.39%,0.02%,0.40%,0.02%,0.31%,0.01%,0.25%,0.01%,0.13%,0.01%,0.12%,0.01%,0.11%,0.01%,0.05%,0.00,0.00,0.00,0.00,0.00,0.00,0.00,0.00,0.00,0.00,0.00,0.00,0.00,0.00,0.00,0.00,0.00,0.00,0.00,0.00,0.00,0.00,0.00,0.00,230.66,231.98,232.86,0.00,0.00,0.00,3.42%,0.00,0.12%,2.55%,0.04%,1.69%,0.03%,0.59%,0.02%,1.22%,0.02%,0.38%,0.02%,0.33%,0.02%,0.31%,0.02%,0.21%,0.01%,0.08%,0.01%,0.12%,0.01%,0.08%,0.01%,0.04%,0.00,0.00,0.00,0.00,0.00,0.00,0.00,0.00,0.00,0.00,0.00,0.00,0.00,0.00,0.00,0.00,0.00,0.00,0.00,0.00,0.00,0.00,0.00,0.00,120,0.667,72,84,59.94,59.99,60.05
26-Jul-2018 19:20:00,10.000,Y,115.70,116.80,117.36,0.92,1.00,1.06,3.21%,0.16,0.12%,2.34%,0.05%,1.62%,0.03%,0.61%,0.03%,1.20%,0.03%,0.37%,0.02%,0.28%,0.02%,0.32%,0.02%,0.16%,0.02%,0.05%,0.02%,0.12%,0.02%,0.05%,0.02%,0.06%,0.01,0.12,0.00,0.03,0.00,0.03,0.00,0.09,0.00,0.03,0.00,0.04,0.00,0.02,0.00,0.00,0.00,0.01,0.00,0.00,0.00,0.00,0.00,0.00,115.28,116.48,116.88,0.00,0.00,0.34,3.51%,0.00,0.12%,2.59%,0.04%,1.71%,0.03%,0.66%,0.02%,1.30%,0.02%,0.41%,0.02%,0.40%,0.02%,0.28%,0.01%,0.22%,0.01%,0.10%,0.01%,0.09%,0.01%,0.09%,0.01%,0.05%,0.00,0.00,0.00,0.00,0.00,0.00,0.00,0.00,0.00,0.00,0.00,0.00,0.00,0.00,0.00,0.00,0.00,0.00,0.00,0.00,0.00,0.00,0.00,0.00,230.86,232.50,233.30,0.00,0.00,0.00,3.35%,0.00,0.12%,2.47%,0.05%,1.66%,0.03%,0.63%,0.02%,1.25%,0.02%,0.39%,0.02%,0.33%,0.02%,0.29%,0.02%,0.19%,0.01%,0.06%,0.01%,0.10%,0.01%,0.07%,0.01%,0.04%,0.00,0.00,0.00,0.00,0.00,0.00,0.00,0.00,0.00,0.00,0.00,0.00,0.00,0.00,0.00,0.00,0.00,0.00,0.00,0.00,0.00,0.00,0.00,0.00,120,0.666,72,84,59.96,60.00,60.06
26-Jul-2018 19:30:00,10.000,Y,115.64,116.74,117.20,0.93,1.00,1.06,3.27%,0.16,0.14%,2.37%,0.06%,1.69%,0.03%,0.63%,0.03%,1.20%,0.02%,0.35%,0.02%,0.27%,0.02%,0.32%,0.01%,0.15%,0.01%,0.06%,0.01%,0.12%,0.01%,0.06%,0.01%,0.06%,0.01,0.12,0.00,0.03,0.00,0.03,0.00,0.09,0.00,0.03,0.00,0.04,0.00,0.02,0.00,0.00,0.00,0.01,0.00,0.00,0.00,0.00,0.00,0.00,115.54,116.58,117.00,0.00,0.00,0.34,3.53%,0.00,0.14%,2.61%,0.06%,1.76%,0.03%,0.67%,0.03%,1.27%,0.02%,0.38%,0.02%,0.39%,0.02%,0.27%,0.02%,0.21%,0.01%,0.10%,0.01%,0.08%,0.01%,0.10%,0.01%,0.04%,0.00,0.00,0.00,0.00,0.00,0.00,0.00,0.00,0.00,0.00,0.00,0.00,0.00,0.00,0.00,0.00,0.00,0.00,0.00,0.00,0.00,0.00,0.00,0.00,230.88,232.54,233.24,0.00,0.00,0.00,3.39%,0.00,0.14%,2.49%,0.06%,1.72%,0.03%,0.65%,0.03%,1.23%,0.02%,0.37%,0.02%,0.32%,0.02%,0.29%,0.01%,0.18%,0.01%,0.07%,0.01%,0.10%,0.01%,0.08%,0.01%,0.03%,0.00,0.00,0.00,0.00,0.00,0.00,0.00,0.00,0.00,0.00,0.00,0.00,0.00,0.00,0.00,0.00,0.00,0.00,0.00,0.00,0.00,0.00,0.00,0.00,120,0.666,72,84,59.97,60.01,60.06
26-Jul-2018 19:40:00,10.000,Y,115.54,116.44,116.76,0.92,1.00,1.06,3.32%,0.17,0.12%,2.40%,0.04%,1.73%,0.03%,0.62%,0.03%,1.23%,0.02%,0.37%,0.02%,0.27%,0.01%,0.34%,0.01%,0.15%,0.01%,0.06%,0.01%,0.11%,0.01%,0.06%,0.01%,0.06%,0.01,0.12,0.00,0.03,0.00,0.03,0.00,0.09,0.00,0.03,0.00,0.04,0.00,0.02,0.00,0.00,0.00,0.01,0.00,0.00,0.00,0.00,0.00,0.00,115.70,116.54,116.88,0.00,0.00,0.34,3.54%,0.00,0.12%,2.59%,0.05%,1.81%,0.03%,0.66%,0.03%,1.27%,0.02%,0.39%,0.02%,0.42%,0.02%,0.31%,0.01%,0.19%,0.01%,0.08%,0.01%,0.09%,0.01%,0.10%,0.01%,0.04%,0.00,0.00,0.00,0.00,0.00,0.00,0.00,0.00,0.00,0.00,0.00,0.00,0.00,0.00,0.00,0.00,0.00,0.00,0.00,0.00,0.00,0.00,0.00,0.00,230.84,232.18,232.84,0.00,0.00,0.00,3.43%,0.00,0.12%,2.49%,0.04%,1.77%,0.03%,0.64%,0.03%,1.25%,0.02%,0.38%,0.02%,0.34%,0.01%,0.32%,0.01%,0.17%,0.01%,0.06%,0.01%,0.10%,0.01%,0.07%,0.01%,0.04%,0.00,0.00,0.00,0.00,0.00,0.00,0.00,0.00,0.00,0.00,0.00,0.00,0.00,0.00,0.00,0.00,0.00,0.00,0.00,0.00,0.00,0.00,0.00,0.00,120,0.667,72,84,59.95,59.99,60.05
26-Jul-2018 19:50:00,10.000,Y,115.38,116.66,117.06,0.92,1.05,8.13,3.32%,0.17,0.12%,2.40%,0.05%,1.71%,0.03%,0.62%,0.02%,1.24%,0.02%,0.39%,0.02%,0.27%,0.01%,0.34%,0.02%,0.15%,0.01%,0.06%,0.01%,0.10%,0.01%,0.06%,0.01%,0.06%,0.01,0.12,0.00,0.03,0.00,0.03,0.00,0.09,0.00,0.03,0.00,0.04,0.00,0.02,0.00,0.00,0.00,0.01,0.00,0.00,0.00,0.00,0.00,0.00,115.38,116.52,117.14,0.00,0.00,0.34,3.57%,0.00,0.12%,2.60%,0.05%,1.82%,0.03%,0.68%,0.03%,1.29%,0.02%,0.39%,0.02%,0.43%,0.01%,0.32%,0.01%,0.19%,0.01%,0.08%,0.01%,0.10%,0.01%,0.10%,0.01%,0.04%,0.00,0.00,0.00,0.00,0.00,0.00,0.00,0.00,0.00,0.00,0.00,0.00,0.00,0.00,0.00,0.00,0.00,0.00,0.00,0.00,0.00,0.00,0.00,0.00,231.04,232.40,233.20,0.00,0.00,0.00,3.44%,0.00,0.12%,2.50%,0.05%,1.76%,0.03%,0.65%,0.03%,1.26%,0.02%,0.39%,0.02%,0.35%,0.01%,0.32%,0.01%,0.17%,0.01%,0.06%,0.01%,0.10%,0.01%,0.07%,0.01%,0.03%,0.00,0.00,0.00,0.00,0.00,0.00,0.00,0.00,0.00,0.00,0.00,0.00,0.00,0.00,0.00,0.00,0.00,0.00,0.00,0.00,0.00,0.00,0.00,0.00,120,0.669,84,84,59.96,60.00,60.06
26-Jul-2018 20:00:00,10.000,Y,115.62,116.52,116.84,4.36,4.86,4.98,3.43%,2.53,0.14%,2.57%,0.05%,1.62%,0.03%,0.56%,0.03%,1.34%,0.03%,0.42%,0.02%,0.26%,0.02%,0.35%,0.01%,0.13%,0.01%,0.09%,0.01%,0.11%,0.01%,0.03%,0.01%,0.08%,0.01,1.98,0.01,1.10,0.01,0.78,0.01,0.67,0.01,0.36,0.01,0.14,0.01,0.14,0.00,0.11,0.00,0.09,0.00,0.11,0.00,0.06,0.00,0.05,115.56,116.68,117.14,0.00,0.00,0.34,3.56%,0.00,0.13%,2.62%,0.05%,1.82%,0.03%,0.64%,0.03%,1.25%,0.03%,0.39%,0.02%,0.41%,0.02%,0.31%,0.01%,0.21%,0.01%,0.07%,0.01%,0.09%,0.01%,0.11%,0.01%,0.04%,0.00,0.00,0.00,0.00,0.00,0.00,0.00,0.00,0.00,0.00,0.00,0.00,0.00,0.00,0.00,0.00,0.00,0.00,0.00,0.00,0.00,0.00,0.00,0.00,230.94,232.42,233.04,0.00,0.00,0.00,3.49%,0.00,0.13%,2.59%,0.05%,1.72%,0.03%,0.59%,0.03%,1.29%,0.03%,0.40%,0.02%,0.33%,0.02%,0.33%,0.01%,0.17%,0.01%,0.06%,0.01%,0.10%,0.01%,0.06%,0.01%,0.05%,0.00,0.00,0.00,0.00,0.00,0.00,0.00,0.00,0.00,0.00,0.00,0.00,0.00,0.00,0.00,0.00,0.00,0.00,0.00,0.00,0.00,0.00,0.00,0.00,564,0.843,480,12,59.96,60.00,60.04
26-Jul-2018 20:10:00,10.000,Y,115.06,116.76,117.34,0.06,3.11,5.09,3.29%,1.72,0.12%,2.44%,0.05%,1.61%,0.03%,0.55%,0.03%,1.27%,0.02%,0.39%,0.02%,0.25%,0.02%,0.32%,0.01%,0.13%,0.01%,0.07%,0.01%,0.11%,0.01%,0.02%,0.01%,0.08%,0.01,1.34,0.01,0.75,0.01,0.53,0.01,0.46,0.01,0.25,0.01,0.11,0.00,0.10,0.00,0.08,0.00,0.07,0.00,0.08,0.00,0.05,0.00,0.04,115.86,116.80,117.24,0.00,0.00,0.41,3.45%,0.00,0.13%,2.53%,0.05%,1.77%,0.03%,0.62%,0.03%,1.23%,0.02%,0.39%,0.02%,0.39%,0.02%,0.29%,0.01%,0.20%,0.01%,0.08%,0.01%,0.09%,0.01%,0.11%,0.01%,0.04%,0.00,0.00,0.00,0.00,0.00,0.00,0.00,0.00,0.00,0.00,0.00,0.00,0.00,0.00,0.00,0.00,0.00,0.00,0.00,0.00,0.00,0.00,0.00,0.00,231.24,232.78,233.68,0.00,0.00,0.00,3.36%,0.00,0.12%,2.48%,0.05%,1.69%,0.03%,0.58%,0.03%,1.25%,0.02%,0.39%,0.02%,0.31%,0.02%,0.30%,0.01%,0.16%,0.01%,0.05%,0.01%,0.10%,0.01%,0.05%,0.01%,0.04%,0.00,0.00,0.00,0.00,0.00,0.00,0.00,0.00,0.00,0.00,0.00,0.00,0.00,0.00,0.00,0.00,0.00,0.00,0.00,0.00,0.00,0.00,0.00,0.00,360,0.973,300,0,59.96,60.00,60.03
26-Jul-2018 20:20:00,10.000,Y,116.22,117.06,117.36,0.00,0.00,0.15,3.24%,0.00,0.11%,2.30%,0.04%,1.73%,0.03%,0.62%,0.02%,1.20%,0.02%,0.37%,0.02%,0.28%,0.01%,0.30%,0.01%,0.13%,0.01%,0.06%,0.01%,0.09%,0.01%,0.03%,0.01%,0.06%,0.00,0.00,0.00,0.00,0.00,0.00,0.00,0.00,0.00,0.00,0.00,0.00,0.00,0.00,0.00,0.00,0.00,0.00,0.00,0.00,0.00,0.00,0.00,0.00,115.70,116.72,117.18,0.00,0.00,0.35,3.44%,0.00,0.11%,2.47%,0.04%,1.84%,0.02%,0.64%,0.02%,1.23%,0.02%,0.37%,0.02%,0.40%,0.01%,0.28%,0.01%,0.16%,0.01%,0.07%,0.01%,0.08%,0.01%,0.10%,0.01%,0.04%,0.00,0.00,0.00,0.00,0.00,0.00,0.00,0.00,0.00,0.00,0.00,0.00,0.00,0.00,0.00,0.00,0.00,0.00,0.00,0.00,0.00,0.00,0.00,0.00,231.62,233.00,233.68,0.00,0.00,0.00,3.33%,0.00,0.11%,2.38%,0.04%,1.78%,0.02%,0.63%,0.02%,1.22%,0.02%,0.37%,0.01%,0.34%,0.01%,0.28%,0.01%,0.14%,0.01%,0.05%,0.01%,0.09%,0.01%,0.06%,0.01%,0.03%,0.00,0.00,0.00,0.00,0.00,0.00,0.00,0.00,0.00,0.00,0.00,0.00,0.00,0.00,0.00,0.00,0.00,0.00,0.00,0.00,0.00,0.00,0.00,0.00,0,1.000,0,0,59.95,59.99,60.03
26-Jul-2018 20:30:00,10.000,Y,115.76,116.86,117.24,0.00,0.00,0.14,3.33%,0.00,0.12%,2.34%,0.05%,1.83%,0.04%,0.63%,0.03%,1.22%,0.03%,0.35%,0.02%,0.28%,0.02%,0.31%,0.02%,0.14%,0.01%,0.06%,0.01%,0.11%,0.01%,0.04%,0.01%,0.07%,0.00,0.00,0.00,0.00,0.00,0.00,0.00,0.00,0.00,0.00,0.00,0.00,0.00,0.00,0.00,0.00,0.00,0.00,0.00,0.00,0.00,0.00,0.00,0.00,115.56,116.62,116.98,0.00,0.00,0.42,3.52%,0.00,0.12%,2.48%,0.05%,1.92%,0.03%,0.68%,0.03%,1.25%,0.02%,0.38%,0.02%,0.42%,0.02%,0.29%,0.01%,0.17%,0.01%,0.09%,0.01%,0.09%,0.01%,0.10%,0.01%,0.04%,0.00,0.00,0.00,0.00,0.00,0.00,0.00,0.00,0.00,0.00,0.00,0.00,0.00,0.00,0.00,0.00,0.00,0.00,0.00,0.00,0.00,0.00,0.00,0.00,231.02,232.68,233.36,0.00,0.00,0.00,3.42%,0.00,0.12%,2.41%,0.05%,1.87%,0.03%,0.66%,0.03%,1.23%,0.02%,0.37%,0.02%,0.34%,0.02%,0.29%,0.01%,0.15%,0.01%,0.07%,0.01%,0.10%,0.01%,0.06%,0.01%,0.03%,0.00,0.00,0.00,0.00,0.00,0.00,0.00,0.00,0.00,0.00,0.00,0.00,0.00,0.00,0.00,0.00,0.00,0.00,0.00,0.00,0.00,0.00,0.00,0.00,0,1.000,0,0,59.96,60.00,60.05
26-Jul-2018 20:40:00,10.000,Y,115.76,116.82,117.28,0.04,0.06,13.76,3.27%,0.01,0.13%,2.27%,0.05%,1.83%,0.03%,0.64%,0.03%,1.21%,0.02%,0.36%,0.01%,0.28%,0.02%,0.30%,0.01%,0.13%,0.01%,0.07%,0.01%,0.11%,0.01%,0.05%,0.01%,0.07%,0.00,0.00,0.00,0.00,0.00,0.00,0.00,0.00,0.00,0.00,0.00,0.00,0.00,0.00,0.00,0.00,0.00,0.00,0.00,0.00,0.00,0.00,0.00,0.00,115.90,116.76,117.36,0.00,0.00,0.36,3.49%,0.00,0.13%,2.44%,0.05%,1.92%,0.03%,0.68%,0.03%,1.28%,0.02%,0.38%,0.02%,0.42%,0.02%,0.29%,0.01%,0.16%,0.01%,0.08%,0.01%,0.09%,0.01%,0.10%,0.01%,0.03%,0.00,0.00,0.00,0.00,0.00,0.00,0.00,0.00,0.00,0.00,0.00,0.00,0.00,0.00,0.00,0.00,0.00,0.00,0.00,0.00,0.00,0.00,0.00,0.00,231.54,232.78,233.60,0.00,0.00,0.00,3.38%,0.00,0.13%,2.35%,0.05%,1.87%,0.03%,0.65%,0.03%,1.24%,0.02%,0.37%,0.02%,0.34%,0.02%,0.29%,0.01%,0.14%,0.01%,0.06%,0.01%,0.10%,0.01%,0.06%,0.01%,0.03%,0.00,0.00,0.00,0.00,0.00,0.00,0.00,0.00,0.00,0.00,0.00,0.00,0.00,0.00,0.00,0.00,0.00,0.00,0.00,0.00,0.00,0.00,0.00,0.00,12,0.995,0,0,59.97,60.00,60.03
26-Jul-2018 20:50:00,10.000,Y,116.14,117.18,117.72,0.95,1.03,1.33,3.21%,0.17,0.12%,2.20%,0.05%,1.83%,0.03%,0.63%,0.02%,1.17%,0.02%,0.34%,0.02%,0.29%,0.02%,0.29%,0.01%,0.14%,0.01%,0.06%,0.01%,0.11%,0.01%,0.04%,0.01%,0.05%,0.01,0.13,0.00,0.03,0.00,0.03,0.00,0.09,0.00,0.03,0.00,0.04,0.00,0.02,0.00,0.00,0.00,0.01,0.00,0.00,0.00,0.00,0.00,0.00,116.12,117.00,117.42,0.00,0.00,0.34,3.44%,0.00,0.12%,2.40%,0.04%,1.88%,0.03%,0.66%,0.02%,1.28%,0.02%,0.37%,0.02%,0.44%,0.02%,0.30%,0.01%,0.16%,0.01%,0.09%,0.01%,0.08%,0.01%,0.09%,0.01%,0.04%,0.00,0.00,0.00,0.00,0.00,0.00,0.00,0.00,0.00,0.00,0.00,0.00,0.00,0.00,0.00,0.00,0.00,0.00,0.00,0.00,0.00,0.00,0.00,0.00,232.12,233.40,234.10,0.00,0.00,0.00,3.32%,0.00,0.12%,2.30%,0.04%,1.85%,0.03%,0.64%,0.02%,1.22%,0.02%,0.36%,0.02%,0.36%,0.02%,0.28%,0.01%,0.15%,0.01%,0.07%,0.01%,0.09%,0.01%,0.06%,0.01%,0.03%,0.00,0.00,0.00,0.00,0.00,0.00,0.00,0.00,0.00,0.00,0.00,0.00,0.00,0.00,0.00,0.00,0.00,0.00,0.00,0.00,0.00,0.00,0.00,0.00,120,0.681,84,84,59.96,60.00,60.03
26-Jul-2018 21:00:00,10.000,Y,116.34,117.42,117.90,0.94,1.01,1.07,3.20%,0.17,0.12%,2.17%,0.04%,1.81%,0.03%,0.65%,0.03%,1.19%,0.02%,0.35%,0.02%,0.32%,0.01%,0.29%,0.01%,0.14%,0.01%,0.08%,0.01%,0.10%,0.01%,0.06%,0.01%,0.05%,0.01,0.12,0.00,0.03,0.00,0.03,0.00,0.09,0.00,0.03,0.00,0.04,0.00,0.02,0.00,0.00,0.00,0.01,0.00,0.00,0.00,0.00,0.00,0.00,116.12,117.14,117.48,0.00,0.00,0.34,3.39%,0.00,0.12%,2.35%,0.04%,1.87%,0.03%,0.67%,0.03%,1.25%,0.02%,0.38%,0.02%,0.45%,0.02%,0.31%,0.01%,0.15%,0.01%,0.09%,0.01%,0.10%,0.01%,0.09%,0.01%,0.02%,0.00,0.00,0.00,0.00,0.00,0.00,0.00,0.00,0.00,0.00,0.00,0.00,0.00,0.00,0.00,0.00,0.00,0.00,0.00,0.00,0.00,0.00,0.00,0.00,232.12,233.76,234.56,0.00,0.00,0.00,3.29%,0.00,0.12%,2.26%,0.04%,1.84%,0.03%,0.66%,0.03%,1.22%,0.02%,0.36%,0.02%,0.38%,0.01%,0.29%,0.01%,0.15%,0.01%,0.08%,0.01%,0.10%,0.01%,0.07%,0.01%,0.03%,0.00,0.00,0.00,0.00,0.00,0.00,0.00,0.00,0.00,0.00,0.00,0.00,0.00,0.00,0.00,0.00,0.00,0.00,0.00,0.00,0.00,0.00,0.00,0.00,120,0.665,84,84,59.93,60.00,60.05
26-Jul-2018 21:10:00,10.000,Y,116.60,117.40,117.92,0.93,1.01,1.08,3.19%,0.16,0.12%,2.12%,0.04%,1.85%,0.03%,0.66%,0.03%,1.21%,0.02%,0.33%,0.01%,0.34%,0.02%,0.29%,0.01%,0.14%,0.01%,0.08%,0.01%,0.10%,0.01%,0.07%,0.01%,0.05%,0.01,0.12,0.00,0.03,0.00,0.03,0.00,0.09,0.00,0.03,0.00,0.04,0.00,0.02,0.00,0.00,0.00,0.01,0.00,0.00,0.00,0.00,0.00,0.00,115.76,116.90,117.66,0.00,0.00,0.35,3.42%,0.00,0.12%,2.33%,0.04%,1.94%,0.03%,0.67%,0.02%,1.25%,0.02%,0.37%,0.02%,0.46%,0.02%,0.29%,0.01%,0.17%,0.01%,0.11%,0.01%,0.11%,0.01%,0.10%,0.01%,0.03%,0.00,0.00,0.00,0.00,0.00,0.00,0.00,0.00,0.00,0.00,0.00,0.00,0.00,0.00,0.00,0.00,0.00,0.00,0.00,0.00,0.00,0.00,0.00,0.00,231.98,233.52,234.80,0.00,0.00,0.00,3.30%,0.00,0.12%,2.22%,0.04%,1.89%,0.03%,0.67%,0.02%,1.23%,0.02%,0.35%,0.02%,0.40%,0.02%,0.28%,0.01%,0.15%,0.01%,0.09%,0.01%,0.10%,0.01%,0.08%,0.01%,0.04%,0.00,0.00,0.00,0.00,0.00,0.00,0.00,0.00,0.00,0.00,0.00,0.00,0.00,0.00,0.00,0.00,0.00,0.00,0.00,0.00,0.00,0.00,0.00,0.00,120,0.664,84,84,59.96,59.99,60.03
26-Jul-2018 21:20:00,10.000,Y,116.16,117.24,117.70,0.93,1.01,1.07,3.18%,0.16,0.11%,2.08%,0.04%,1.88%,0.03%,0.66%,0.02%,1.20%,0.02%,0.32%,0.02%,0.35%,0.01%,0.29%,0.01%,0.15%,0.01%,0.08%,0.01%,0.11%,0.01%,0.07%,0.01%,0.05%,0.01,0.12,0.00,0.03,0.00,0.03,0.00,0.09,0.00,0.03,0.00,0.04,0.00,0.02,0.00,0.00,0.00,0.01,0.00,0.00,0.00,0.00,0.00,0.00,116.16,117.14,117.46,0.00,0.00,0.34,3.38%,0.00,0.11%,2.21%,0.04%,1.97%,0.03%,0.71%,0.02%,1.26%,0.02%,0.38%,0.02%,0.46%,0.01%,0.31%,0.01%,0.17%,0.01%,0.09%,0.01%,0.14%,0.01%,0.10%,0.01%,0.03%,0.00,0.00,0.00,0.00,0.00,0.00,0.00,0.00,0.00,0.00,0.00,0.00,0.00,0.00,0.00,0.00,0.00,0.00,0.00,0.00,0.00,0.00,0.00,0.00,232.48,233.58,234.04,0.00,0.00,0.00,3.28%,0.00,0.11%,2.15%,0.04%,1.92%,0.03%,0.68%,0.02%,1.23%,0.02%,0.35%,0.02%,0.40%,0.01%,0.29%,0.01%,0.16%,0.01%,0.08%,0.01%,0.12%,0.01%,0.08%,0.01%,0.03%,0.00,0.00,0.00,0.00,0.00,0.00,0.00,0.00,0.00,0.00,0.00,0.00,0.00,0.00,0.00,0.00,0.00,0.00,0.00,0.00,0.00,0.00,0.00,0.00,120,0.663,84,84,59.95,59.99,60.06
26-Jul-2018 21:30:00,10.000,Y,116.22,117.24,117.56,0.93,1.01,1.07,3.11%,0.16,0.11%,2.01%,0.04%,1.86%,0.03%,0.67%,0.02%,1.17%,0.02%,0.30%,0.02%,0.33%,0.01%,0.29%,0.01%,0.14%,0.01%,0.06%,0.01%,0.10%,0.01%,0.07%,0.01%,0.05%,0.01,0.12,0.00,0.03,0.00,0.03,0.00,0.09,0.00,0.03,0.00,0.04,0.00,0.02,0.00,0.00,0.00,0.01,0.00,0.00,0.00,0.00,0.00,0.00,116.16,117.16,117.50,0.00,0.00,0.35,3.32%,0.00,0.11%,2.15%,0.04%,1.98%,0.03%,0.72%,0.02%,1.21%,0.02%,0.37%,0.02%,0.45%,0.02%,0.28%,0.01%,0.15%,0.01%,0.10%,0.01%,0.11%,0.01%,0.10%,0.01%,0.03%,0.00,0.00,0.00,0.00,0.00,0.00,0.00,0.00,0.00,0.00,0.00,0.00,0.00,0.00,0.00,0.00,0.00,0.00,0.00,0.00,0.00,0.00,0.00,0.00,232.22,233.62,234.24,0.00,0.00,0.00,3.21%,0.00,0.11%,2.08%,0.04%,1.92%,0.03%,0.69%,0.02%,1.19%,0.02%,0.33%,0.02%,0.39%,0.01%,0.28%,0.01%,0.14%,0.01%,0.08%,0.01%,0.10%,0.01%,0.08%,0.01%,0.03%,0.00,0.00,0.00,0.00,0.00,0.00,0.00,0.00,0.00,0.00,0.00,0.00,0.00,0.00,0.00,0.00,0.00,0.00,0.00,0.00,0.00,0.00,0.00,0.00,120,0.662,72,84,59.96,59.99,60.04
26-Jul-2018 21:40:00,10.000,Y,116.82,117.74,118.22,0.94,1.01,1.07,3.07%,0.16,0.12%,1.95%,0.05%,1.84%,0.03%,0.68%,0.03%,1.19%,0.02%,0.30%,0.02%,0.34%,0.02%,0.29%,0.01%,0.14%,0.01%,0.05%,0.01%,0.10%,0.01%,0.07%,0.01%,0.04%,0.01,0.11,0.00,0.03,0.00,0.03,0.00,0.09,0.00,0.03,0.00,0.04,0.00,0.02,0.00,0.00,0.00,0.01,0.00,0.00,0.00,0.00,0.00,0.00,116.64,117.52,117.92,0.00,0.00,0.34,3.22%,0.00,0.13%,2.03%,0.05%,1.96%,0.03%,0.71%,0.03%,1.18%,0.02%,0.36%,0.02%,0.43%,0.02%,0.27%,0.01%,0.13%,0.01%,0.08%,0.01%,0.11%,0.01%,0.07%,0.01%,0.02%,0.00,0.00,0.00,0.00,0.00,0.00,0.00,0.00,0.00,0.00,0.00,0.00,0.00,0.00,0.00,0.00,0.00,0.00,0.00,0.00,0.00,0.00,0.00,0.00,233.10,234.46,235.26,0.00,0.00,0.00,3.14%,0.00,0.12%,1.99%,0.05%,1.90%,0.03%,0.69%,0.03%,1.18%,0.02%,0.33%,0.02%,0.38%,0.02%,0.27%,0.01%,0.13%,0.01%,0.07%,0.01%,0.10%,0.01%,0.06%,0.01%,0.03%,0.00,0.00,0.00,0.00,0.00,0.00,0.00,0.00,0.00,0.00,0.00,0.00,0.00,0.00,0.00,0.00,0.00,0.00,0.00,0.00,0.00,0.00,0.00,0.00,120,0.659,84,84,59.95,60.00,60.06
26-Jul-2018 21:50:00,10.000,Y,116.44,117.54,118.12,0.93,1.01,1.07,3.08%,0.16,0.12%,1.94%,0.05%,1.90%,0.03%,0.66%,0.02%,1.15%,0.03%,0.30%,0.02%,0.31%,0.02%,0.30%,0.01%,0.14%,0.01%,0.05%,0.01%,0.12%,0.01%,0.06%,0.01%,0.04%,0.01,0.11,0.00,0.03,0.00,0.03,0.00,0.08,0.00,0.03,0.00,0.04,0.00,0.02,0.00,0.00,0.00,0.01,0.00,0.00,0.00,0.00,0.00,0.00,116.62,117.58,117.90,0.00,0.00,0.42,3.25%,0.00,0.12%,2.00%,0.05%,2.02%,0.03%,0.72%,0.02%,1.20%,0.03%,0.36%,0.02%,0.42%,0.02%,0.31%,0.01%,0.15%,0.01%,0.08%,0.01%,0.14%,0.01%,0.08%,0.01%,0.03%,0.00,0.00,0.00,0.00,0.00,0.00,0.00,0.00,0.00,0.00,0.00,0.00,0.00,0.00,0.00,0.00,0.00,0.00,0.00,0.00,0.00,0.00,0.00,0.00,233.12,234.32,235.16,0.00,0.00,0.00,3.15%,0.00,0.12%,1.97%,0.05%,1.96%,0.03%,0.69%,0.02%,1.17%,0.02%,0.33%,0.02%,0.36%,0.02%,0.30%,0.01%,0.14%,0.01%,0.06%,0.01%,0.12%,0.01%,0.06%,0.01%,0.03%,0.00,0.00,0.00,0.00,0.00,0.00,0.00,0.00,0.00,0.00,0.00,0.00,0.00,0.00,0.00,0.00,0.00,0.00,0.00,0.00,0.00,0.00,0.00,0.00,120,0.662,84,84,59.96,60.00,60.05
26-Jul-2018 22:00:00,10.000,Y,116.40,117.74,118.06,0.93,1.01,1.07,2.98%,0.15,0.13%,1.80%,0.05%,1.89%,0.03%,0.68%,0.03%,1.13%,0.02%,0.30%,0.02%,0.31%,0.02%,0.30%,0.01%,0.11%,0.01%,0.05%,0.01%,0.11%,0.01%,0.05%,0.01%,0.05%,0.01,0.11,0.00,0.03,0.00,0.03,0.00,0.08,0.00,0.03,0.00,0.04,0.00,0.02,0.00,0.01,0.00,0.01,0.00,0.00,0.00,0.00,0.00,0.00,116.66,117.88,118.40,0.00,0.00,0.34,3.28%,0.00,0.13%,1.98%,0.05%,2.08%,0.03%,0.77%,0.03%,1.20%,0.02%,0.36%,0.02%,0.44%,0.02%,0.33%,0.01%,0.14%,0.01%,0.07%,0.01%,0.16%,0.01%,0.09%,0.01%,0.03%,0.00,0.00,0.00,0.00,0.00,0.00,0.00,0.00,0.00,0.00,0.00,0.00,0.00,0.00,0.00,0.00,0.00,0.00,0.00,0.00,0.00,0.00,0.00,0.00,233.32,234.82,235.62,0.00,0.00,0.00,3.13%,0.00,0.13%,1.89%,0.05%,1.98%,0.03%,0.72%,0.03%,1.16%,0.02%,0.33%,0.02%,0.37%,0.02%,0.31%,0.01%,0.12%,0.01%,0.05%,0.01%,0.13%,0.01%,0.06%,0.01%,0.04%,0.00,0.00,0.00,0.00,0.00,0.00,0.00,0.00,0.00,0.00,0.00,0.00,0.00,0.00,0.00,0.00,0.00,0.00,0.00,0.00,0.00,0.00,0.00,0.00,120,0.661,84,84,59.95,60.00,60.06
26-Jul-2018 22:10:00,10.000,Y,116.76,117.76,118.16,0.93,1.01,1.06,2.91%,0.15,0.13%,1.72%,0.05%,1.87%,0.03%,0.72%,0.03%,1.09%,0.02%,0.29%,0.02%,0.31%,0.02%,0.28%,0.01%,0.09%,0.01%,0.06%,0.01%,0.10%,0.01%,0.04%,0.01%,0.04%,0.01,0.11,0.00,0.03,0.00,0.03,0.00,0.08,0.00,0.03,0.00,0.04,0.00,0.02,0.00,0.01,0.00,0.01,0.00,0.00,0.00,0.00,0.00,0.00,117.22,118.30,118.84,0.00,0.00,0.34,3.15%,0.00,0.13%,1.84%,0.05%,2.02%,0.03%,0.79%,0.03%,1.18%,0.02%,0.36%,0.02%,0.42%,0.01%,0.30%,0.01%,0.14%,0.01%,0.07%,0.01%,0.13%,0.01%,0.09%,0.01%,0.02%,0.00,0.00,0.00,0.00,0.00,0.00,0.00,0.00,0.00,0.00,0.00,0.00,0.00,0.00,0.00,0.00,0.00,0.00,0.00,0.00,0.00,0.00,0.00,0.00,233.94,235.26,236.06,0.00,0.00,0.00,3.03%,0.00,0.13%,1.78%,0.05%,1.94%,0.03%,0.75%,0.03%,1.13%,0.02%,0.32%,0.02%,0.36%,0.02%,0.29%,0.01%,0.11%,0.01%,0.06%,0.01%,0.11%,0.01%,0.06%,0.01%,0.03%,0.00,0.00,0.00,0.00,0.00,0.00,0.00,0.00,0.00,0.00,0.00,0.00,0.00,0.00,0.00,0.00,0.00,0.00,0.00,0.00,0.00,0.00,0.00,0.00,120,0.661,84,84,59.91,60.00,60.05
26-Jul-2018 22:20:00,10.000,Y,117.32,118.38,118.84,0.94,1.01,1.07,2.87%,0.15,0.14%,1.62%,0.05%,1.85%,0.03%,0.74%,0.03%,1.13%,0.03%,0.30%,0.02%,0.32%,0.02%,0.31%,0.01%,0.10%,0.01%,0.07%,0.01%,0.11%,0.01%,0.05%,0.01%,0.05%,0.01,0.11,0.00,0.03,0.00,0.02,0.00,0.08,0.00,0.03,0.00,0.04,0.00,0.02,0.00,0.01,0.00,0.01,0.00,0.00,0.00,0.00,0.00,0.00,117.12,118.66,119.08,0.00,0.00,0.43,3.13%,0.00,0.13%,1.78%,0.05%,1.99%,0.03%,0.83%,0.03%,1.21%,0.03%,0.36%,0.02%,0.44%,0.02%,0.32%,0.01%,0.15%,0.01%,0.08%,0.01%,0.14%,0.01%,0.10%,0.01%,0.02%,0.00,0.00,0.00,0.00,0.00,0.00,0.00,0.00,0.00,0.00,0.00,0.00,0.00,0.00,0.00,0.00,0.00,0.00,0.00,0.00,0.00,0.00,0.00,0.00,234.26,236.22,237.06,0.00,0.00,0.00,2.99%,0.00,0.13%,1.70%,0.05%,1.92%,0.03%,0.78%,0.03%,1.17%,0.03%,0.33%,0.02%,0.37%,0.02%,0.31%,0.01%,0.12%,0.01%,0.06%,0.01%,0.12%,0.01%,0.07%,0.01%,0.03%,0.00,0.00,0.00,0.00,0.00,0.00,0.00,0.00,0.00,0.00,0.00,0.00,0.00,0.00,0.00,0.00,0.00,0.00,0.00,0.00,0.00,0.00,0.00,0.00,120,0.658,84,84,59.96,60.01,60.05
26-Jul-2018 22:30:00,10.000,Y,117.56,118.62,119.02,0.93,1.01,1.08,2.81%,0.15,0.12%,1.53%,0.05%,1.83%,0.03%,0.72%,0.03%,1.16%,0.02%,0.29%,0.02%,0.32%,0.02%,0.30%,0.01%,0.10%,0.01%,0.06%,0.01%,0.09%,0.01%,0.06%,0.01%,0.03%,0.01,0.10,0.00,0.03,0.00,0.03,0.00,0.08,0.00,0.03,0.00,0.04,0.00,0.02,0.00,0.01,0.00,0.01,0.00,0.00,0.00,0.00,0.00,0.00,117.94,118.82,119.18,0.00,0.00,0.34,3.00%,0.00,0.12%,1.63%,0.05%,1.97%,0.04%,0.79%,0.03%,1.18%,0.02%,0.32%,0.02%,0.41%,0.02%,0.30%,0.01%,0.13%,0.01%,0.08%,0.01%,0.13%,0.01%,0.08%,0.01%,0.03%,0.00,0.00,0.00,0.00,0.00,0.00,0.00,0.00,0.00,0.00,0.00,0.00,0.00,0.00,0.00,0.00,0.00,0.00,0.00,0.00,0.00,0.00,0.00,0.00,234.84,236.64,237.36,0.00,0.00,0.00,2.90%,0.00,0.12%,1.58%,0.05%,1.90%,0.04%,0.75%,0.03%,1.17%,0.02%,0.31%,0.02%,0.36%,0.02%,0.30%,0.01%,0.11%,0.01%,0.07%,0.01%,0.11%,0.01%,0.06%,0.01%,0.03%,0.00,0.00,0.00,0.00,0.00,0.00,0.00,0.00,0.00,0.00,0.00,0.00,0.00,0.00,0.00,0.00,0.00,0.00,0.00,0.00,0.00,0.00,0.00,0.00,120,0.656,84,84,59.96,60.00,60.04
26-Jul-2018 22:40:00,10.000,Y,117.80,118.84,119.16,0.93,1.01,1.07,2.73%,0.15,0.11%,1.45%,0.04%,1.80%,0.03%,0.73%,0.02%,1.14%,0.02%,0.28%,0.01%,0.32%,0.01%,0.29%,0.01%,0.08%,0.01%,0.06%,0.01%,0.07%,0.01%,0.05%,0.01%,0.02%,0.01,0.10,0.00,0.03,0.00,0.02,0.00,0.08,0.00,0.03,0.00,0.04,0.00,0.02,0.00,0.01,0.00,0.01,0.00,0.00,0.00,0.00,0.00,0.00,117.94,118.86,119.16,0.00,0.00,0.34,2.91%,0.00,0.11%,1.56%,0.04%,1.92%,0.03%,0.80%,0.02%,1.15%,0.02%,0.30%,0.01%,0.39%,0.02%,0.30%,0.01%,0.10%,0.01%,0.07%,0.01%,0.11%,0.01%,0.06%,0.01%,0.02%,0.00,0.00,0.00,0.00,0.00,0.00,0.00,0.00,0.00,0.00,0.00,0.00,0.00,0.00,0.00,0.00,0.00,0.00,0.00,0.00,0.00,0.00,0.00,0.00,235.54,236.88,237.40,0.00,0.00,0.00,2.82%,0.00,0.11%,1.51%,0.04%,1.86%,0.03%,0.77%,0.02%,1.14%,0.02%,0.29%,0.01%,0.35%,0.01%,0.29%,0.01%,0.08%,0.01%,0.06%,0.01%,0.09%,0.01%,0.05%,0.01%,0.02%,0.00,0.00,0.00,0.00,0.00,0.00,0.00,0.00,0.00,0.00,0.00,0.00,0.00,0.00,0.00,0.00,0.00,0.00,0.00,0.00,0.00,0.00,0.00,0.00,120,0.655,84,84,59.94,59.99,60.05
26-Jul-2018 22:50:00,10.000,Y,117.76,118.70,119.06,0.93,1.01,1.07,2.66%,0.15,0.14%,1.40%,0.06%,1.76%,0.04%,0.71%,0.03%,1.10%,0.03%,0.27%,0.02%,0.32%,0.02%,0.27%,0.01%,0.08%,0.01%,0.05%,0.01%,0.07%,0.01%,0.04%,0.01%,0.03%,0.01,0.10,0.00,0.03,0.00,0.02,0.00,0.08,0.00,0.03,0.00,0.04,0.00,0.02,0.00,0.01,0.00,0.01,0.00,0.00,0.00,0.00,0.00,0.00,118.20,119.04,119.40,0.00,0.00,0.34,2.83%,0.00,0.14%,1.51%,0.05%,1.85%,0.04%,0.78%,0.03%,1.14%,0.03%,0.27%,0.02%,0.39%,0.02%,0.30%,0.02%,0.11%,0.01%,0.05%,0.01%,0.10%,0.01%,0.07%,0.01%,0.01%,0.00,0.00,0.00,0.00,0.00,0.00,0.00,0.00,0.00,0.00,0.00,0.00,0.00,0.00,0.00,0.00,0.00,0.00,0.00,0.00,0.00,0.00,0.00,0.00,235.70,236.94,237.48,0.00,0.00,0.00,2.74%,0.00,0.14%,1.46%,0.06%,1.80%,0.04%,0.74%,0.03%,1.12%,0.03%,0.27%,0.02%,0.35%,0.02%,0.28%,0.01%,0.09%,0.01%,0.05%,0.01%,0.08%,0.01%,0.05%,0.01%,0.02%,0.00,0.00,0.00,0.00,0.00,0.00,0.00,0.00,0.00,0.00,0.00,0.00,0.00,0.00,0.00,0.00,0.00,0.00,0.00,0.00,0.00,0.00,0.00,0.00,120,0.656,84,84,59.97,60.01,60.05
26-Jul-2018 23:00:00,10.000,Y,117.82,118.96,119.36,0.94,1.01,1.07,2.63%,0.15,0.12%,1.39%,0.05%,1.73%,0.03%,0.71%,0.02%,1.10%,0.02%,0.26%,0.02%,0.32%,0.01%,0.28%,0.01%,0.09%,0.01%,0.04%,0.01%,0.07%,0.01%,0.04%,0.01%,0.02%,0.01,0.10,0.00,0.03,0.00,0.02,0.00,0.08,0.00,0.03,0.00,0.04,0.00,0.02,0.00,0.01,0.00,0.01,0.00,0.00,0.00,0.00,0.00,0.00,117.86,118.88,119.24,0.00,0.00,0.34,2.73%,0.00,0.12%,1.46%,0.05%,1.80%,0.03%,0.76%,0.02%,1.10%,0.02%,0.26%,0.02%,0.37%,0.02%,0.30%,0.01%,0.10%,0.01%,0.04%,0.01%,0.08%,0.01%,0.06%,0.01%,0.01%,0.00,0.00,0.00,0.00,0.00,0.00,0.00,0.00,0.00,0.00,0.00,0.00,0.00,0.00,0.00,0.00,0.00,0.00,0.00,0.00,0.00,0.00,0.00,0.00,235.62,237.02,237.62,0.00,0.00,0.00,2.68%,0.00,0.12%,1.42%,0.05%,1.76%,0.03%,0.73%,0.02%,1.09%,0.02%,0.26%,0.02%,0.34%,0.01%,0.28%,0.01%,0.09%,0.01%,0.04%,0.01%,0.07%,0.01%,0.04%,0.01%,0.01%,0.00,0.00,0.00,0.00,0.00,0.00,0.00,0.00,0.00,0.00,0.00,0.00,0.00,0.00,0.00,0.00,0.00,0.00,0.00,0.00,0.00,0.00,0.00,0.00,120,0.655,84,84,59.97,60.00,60.03
26-Jul-2018 23:10:00,10.000,Y,118.40,119.32,119.68,0.94,1.02,1.08,2.55%,0.14,0.12%,1.27%,0.04%,1.70%,0.03%,0.73%,0.02%,1.07%,0.02%,0.27%,0.02%,0.32%,0.01%,0.27%,0.01%,0.08%,0.01%,0.05%,0.01%,0.06%,0.01%,0.04%,0.01%,0.02%,0.01,0.10,0.00,0.03,0.00,0.02,0.00,0.08,0.00,0.03,0.00,0.04,0.00,0.02,0.00,0.01,0.00,0.01,0.00,0.00,0.00,0.00,0.00,0.00,118.12,119.14,119.60,0.00,0.00,0.34,2.60%,0.00,0.12%,1.32%,0.05%,1.74%,0.03%,0.73%,0.02%,1.07%,0.02%,0.26%,0.02%,0.36%,0.01%,0.28%,0.01%,0.08%,0.01%,0.06%,0.01%,0.08%,0.01%,0.04%,0.01%,0.01%,0.00,0.00,0.00,0.00,0.00,0.00,0.00,0.00,0.00,0.00,0.00,0.00,0.00,0.00,0.00,0.00,0.00,0.00,0.00,0.00,0.00,0.00,0.00,0.00,236.20,237.66,238.38,0.00,0.00,0.00,2.57%,0.00,0.12%,1.29%,0.05%,1.72%,0.03%,0.73%,0.02%,1.07%,0.02%,0.27%,0.02%,0.34%,0.01%,0.27%,0.01%,0.08%,0.01%,0.06%,0.01%,0.07%,0.01%,0.04%,0.01%,0.02%,0.00,0.00,0.00,0.00,0.00,0.00,0.00,0.00,0.00,0.00,0.00,0.00,0.00,0.00,0.00,0.00,0.00,0.00,0.00,0.00,0.00,0.00,0.00,0.00,120,0.655,84,84,59.95,60.00,60.05
26-Jul-2018 23:20:00,10.000,Y,116.96,119.24,119.56,0.94,1.01,1.07,2.49%,0.14,0.11%,1.17%,0.04%,1.72%,0.03%,0.72%,0.02%,1.05%,0.02%,0.26%,0.01%,0.32%,0.01%,0.26%,0.01%,0.07%,0.01%,0.05%,0.01%,0.06%,0.01%,0.04%,0.01%,0.02%,0.01,0.10,0.00,0.03,0.00,0.03,0.00,0.08,0.00,0.03,0.00,0.04,0.00,0.02,0.00,0.01,0.00,0.01,0.00,0.00,0.00,0.00,0.00,0.00,117.10,119.22,119.64,0.00,0.00,0.37,2.55%,0.00,0.11%,1.23%,0.04%,1.74%,0.03%,0.71%,0.02%,1.06%,0.02%,0.26%,0.02%,0.36%,0.01%,0.27%,0.01%,0.06%,0.01%,0.05%,0.01%,0.08%,0.01%,0.03%,0.01%,0.02%,0.00,0.00,0.00,0.00,0.00,0.00,0.00,0.00,0.00,0.00,0.00,0.00,0.00,0.00,0.00,0.00,0.00,0.00,0.00,0.00,0.00,0.00,0.00,0.00,233.28,237.66,238.24,0.00,0.00,0.00,2.52%,0.00,0.11%,1.20%,0.04%,1.73%,0.03%,0.71%,0.02%,1.05%,0.02%,0.26%,0.01%,0.33%,0.01%,0.26%,0.01%,0.06%,0.01%,0.05%,0.01%,0.07%,0.01%,0.03%,0.01%,0.02%,0.00,0.00,0.00,0.00,0.00,0.00,0.00,0.00,0.00,0.00,0.00,0.00,0.00,0.00,0.00,0.00,0.00,0.00,0.00,0.00,0.00,0.00,0.00,0.00,120,0.654,84,84,59.95,59.99,60.04
26-Jul-2018 23:30:00,10.000,Y,118.18,119.26,119.78,0.93,1.01,1.07,2.39%,0.14,0.11%,1.04%,0.04%,1.68%,0.03%,0.71%,0.02%,1.02%,0.02%,0.24%,0.01%,0.30%,0.01%,0.24%,0.01%,0.05%,0.01%,0.05%,0.01%,0.06%,0.01%,0.03%,0.01%,0.02%,0.01,0.09,0.00,0.03,0.00,0.02,0.00,0.08,0.00,0.03,0.00,0.03,0.00,0.02,0.00,0.01,0.00,0.01,0.00,0.00,0.00,0.00,0.00,0.00,118.54,119.52,120.08,0.00,0.00,0.34,2.51%,0.00,0.11%,1.16%,0.04%,1.74%,0.03%,0.73%,0.03%,1.04%,0.02%,0.26%,0.02%,0.36%,0.01%,0.26%,0.01%,0.05%,0.01%,0.05%,0.01%,0.07%,0.01%,0.03%,0.01%,0.01%,0.00,0.00,0.00,0.00,0.00,0.00,0.00,0.00,0.00,0.00,0.00,0.00,0.00,0.00,0.00,0.00,0.00,0.00,0.00,0.00,0.00,0.00,0.00,0.00,236.52,237.98,239.04,0.00,0.00,0.00,2.44%,0.00,0.11%,1.10%,0.04%,1.71%,0.03%,0.72%,0.02%,1.03%,0.02%,0.25%,0.01%,0.33%,0.01%,0.24%,0.01%,0.05%,0.01%,0.05%,0.01%,0.06%,0.01%,0.03%,0.01%,0.02%,0.00,0.00,0.00,0.00,0.00,0.00,0.00,0.00,0.00,0.00,0.00,0.00,0.00,0.00,0.00,0.00,0.00,0.00,0.00,0.00,0.00,0.00,0.00,0.00,120,0.655,84,84,59.93,59.99,60.04
26-Jul-2018 23:40:00,10.000,Y,118.84,119.78,120.18,0.94,1.02,1.07,2.38%,0.14,0.13%,0.98%,0.05%,1.68%,0.03%,0.74%,0.03%,1.04%,0.02%,0.23%,0.02%,0.32%,0.02%,0.25%,0.01%,0.07%,0.01%,0.05%,0.01%,0.06%,0.01%,0.04%,0.01%,0.03%,0.01,0.09,0.00,0.03,0.00,0.02,0.00,0.08,0.00,0.03,0.00,0.04,0.00,0.02,0.00,0.01,0.00,0.01,0.00,0.00,0.00,0.00,0.00,0.00,118.70,119.86,120.22,0.00,0.00,0.33,2.50%,0.00,0.13%,1.09%,0.05%,1.76%,0.03%,0.78%,0.03%,1.04%,0.02%,0.25%,0.02%,0.36%,0.02%,0.25%,0.01%,0.07%,0.01%,0.06%,0.01%,0.07%,0.01%,0.04%,0.01%,0.01%,0.00,0.00,0.00,0.00,0.00,0.00,0.00,0.00,0.00,0.00,0.00,0.00,0.00,0.00,0.00,0.00,0.00,0.00,0.00,0.00,0.00,0.00,0.00,0.00,237.40,238.84,239.56,0.00,0.00,0.00,2.43%,0.00,0.13%,1.03%,0.05%,1.71%,0.03%,0.75%,0.03%,1.04%,0.02%,0.24%,0.02%,0.34%,0.02%,0.25%,0.01%,0.07%,0.01%,0.06%,0.01%,0.06%,0.01%,0.04%,0.01%,0.02%,0.00,0.00,0.00,0.00,0.00,0.00,0.00,0.00,0.00,0.00,0.00,0.00,0.00,0.00,0.00,0.00,0.00,0.00,0.00,0.00,0.00,0.00,0.00,0.00,120,0.651,84,96,59.96,60.00,60.07
26-Jul-2018 23:50:00,10.000,Y,119.00,120.04,120.48,0.94,1.02,1.07,2.34%,0.13,0.13%,0.94%,0.05%,1.66%,0.03%,0.74%,0.03%,1.02%,0.02%,0.23%,0.02%,0.32%,0.01%,0.25%,0.01%,0.07%,0.01%,0.05%,0.01%,0.06%,0.01%,0.04%,0.01%,0.02%,0.01,0.09,0.00,0.04,0.00,0.02,0.00,0.07,0.00,0.03,0.00,0.03,0.00,0.02,0.00,0.01,0.00,0.01,0.00,0.00,0.00,0.00,0.00,0.00,119.30,120.16,120.48,0.00,0.00,0.34,2.46%,0.00,0.13%,1.04%,0.05%,1.74%,0.03%,0.76%,0.03%,1.01%,0.02%,0.25%,0.02%,0.36%,0.02%,0.25%,0.01%,0.07%,0.01%,0.06%,0.01%,0.06%,0.01%,0.04%,0.01%,0.01%,0.00,0.00,0.00,0.00,0.00,0.00,0.00,0.00,0.00,0.00,0.00,0.00,0.00,0.00,0.00,0.00,0.00,0.00,0.00,0.00,0.00,0.00,0.00,0.00,238.08,239.40,240.12,0.00,0.00,0.00,2.39%,0.00,0.13%,0.99%,0.05%,1.70%,0.03%,0.75%,0.03%,1.01%,0.02%,0.24%,0.02%,0.34%,0.01%,0.24%,0.01%,0.07%,0.01%,0.05%,0.01%,0.06%,0.01%,0.04%,0.01%,0.01%,0.00,0.00,0.00,0.00,0.00,0.00,0.00,0.00,0.00,0.00,0.00,0.00,0.00,0.00,0.00,0.00,0.00,0.00,0.00,0.00,0.00,0.00,0.00,0.00,120,0.650,84,96,59.95,60.01,60.05
27-Jul-2018 00:00:00,10.000,Y,119.10,120.26,120.54,0.95,1.02,1.07,2.31%,0.13,0.12%,0.87%,0.05%,1.67%,0.03%,0.74%,0.02%,1.01%,0.02%,0.22%,0.02%,0.32%,0.01%,0.23%,0.01%,0.07%,0.01%,0.06%,0.01%,0.05%,0.01%,0.04%,0.01%,0.02%,0.01,0.09,0.00,0.03,0.00,0.02,0.00,0.07,0.00,0.03,0.00,0.03,0.00,0.02,0.00,0.01,0.00,0.01,0.00,0.00,0.00,0.00,0.00,0.00,119.38,120.20,120.44,0.00,0.00,0.34,2.38%,0.00,0.12%,0.94%,0.05%,1.72%,0.03%,0.73%,0.02%,1.00%,0.02%,0.24%,0.02%,0.36%,0.02%,0.24%,0.01%,0.06%,0.01%,0.07%,0.01%,0.06%,0.01%,0.03%,0.01%,0.02%,0.00,0.00,0.00,0.00,0.00,0.00,0.00,0.00,0.00,0.00,0.00,0.00,0.00,0.00,0.00,0.00,0.00,0.00,0.00,0.00,0.00,0.00,0.00,0.00,238.38,239.64,240.12,0.00,0.00,0.00,2.34%,0.00,0.12%,0.91%,0.05%,1.69%,0.03%,0.73%,0.02%,1.00%,0.02%,0.23%,0.02%,0.34%,0.01%,0.23%,0.01%,0.06%,0.01%,0.06%,0.01%,0.05%,0.01%,0.03%,0.01%,0.02%,0.00,0.00,0.00,0.00,0.00,0.00,0.00,0.00,0.00,0.00,0.00,0.00,0.00,0.00,0.00,0.00,0.00,0.00,0.00,0.00,0.00,0.00,0.00,0.00,120,0.649,84,96,59.97,60.00,60.03
27-Jul-2018 00:10:00,10.000,Y,118.00,119.90,120.34,0.94,1.02,1.07,2.30%,0.13,0.11%,0.80%,0.04%,1.72%,0.02%,0.75%,0.02%,0.95%,0.02%,0.21%,0.01%,0.31%,0.01%,0.21%,0.01%,0.06%,0.01%,0.05%,0.01%,0.05%,0.01%,0.04%,0.01%,0.03%,0.01,0.09,0.00,0.04,0.00,0.02,0.00,0.07,0.00,0.03,0.00,0.03,0.00,0.02,0.00,0.01,0.00,0.01,0.00,0.00,0.00,0.00,0.00,0.00,118.80,120.02,120.40,0.00,0.00,0.34,2.38%,0.00,0.11%,0.90%,0.04%,1.75%,0.02%,0.74%,0.02%,0.98%,0.02%,0.24%,0.01%,0.36%,0.01%,0.22%,0.01%,0.06%,0.01%,0.06%,0.01%,0.06%,0.01%,0.03%,0.01%,0.01%,0.00,0.00,0.00,0.00,0.00,0.00,0.00,0.00,0.00,0.00,0.00,0.00,0.00,0.00,0.00,0.00,0.00,0.00,0.00,0.00,0.00,0.00,0.00,0.00,236.48,239.10,239.92,0.00,0.00,0.00,2.33%,0.00,0.11%,0.85%,0.04%,1.73%,0.02%,0.74%,0.02%,0.96%,0.02%,0.22%,0.01%,0.33%,0.01%,0.22%,0.01%,0.06%,0.01%,0.05%,0.01%,0.05%,0.01%,0.03%,0.01%,0.02%,0.00,0.00,0.00,0.00,0.00,0.00,0.00,0.00,0.00,0.00,0.00,0.00,0.00,0.00,0.00,0.00,0.00,0.00,0.00,0.00,0.00,0.00,0.00,0.00,120,0.652,84,96,59.96,59.99,60.03
27-Jul-2018 00:20:00,10.000,Y,118.34,119.52,120.04,0.94,1.01,1.08,2.27%,0.13,0.14%,0.80%,0.05%,1.66%,0.04%,0.79%,0.03%,0.95%,0.02%,0.23%,0.02%,0.30%,0.02%,0.21%,0.01%,0.06%,0.01%,0.06%,0.01%,0.05%,0.01%,0.04%,0.01%,0.03%,0.01,0.09,0.00,0.04,0.00,0.02,0.00,0.07,0.00,0.03,0.00,0.03,0.00,0.02,0.00,0.01,0.00,0.01,0.00,0.00,0.00,0.00,0.00,0.00,118.78,119.66,120.00,0.00,0.00,0.34,2.35%,0.00,0.14%,0.88%,0.05%,1.71%,0.03%,0.79%,0.02%,0.96%,0.02%,0.25%,0.02%,0.33%,0.02%,0.23%,0.01%,0.06%,0.01%,0.06%,0.01%,0.05%,0.01%,0.03%,0.01%,0.01%,0.00,0.00,0.00,0.00,0.00,0.00,0.00,0.00,0.00,0.00,0.00,0.00,0.00,0.00,0.00,0.00,0.00,0.00,0.00,0.00,0.00,0.00,0.00,0.00,236.76,238.38,239.18,0.00,0.00,0.00,2.30%,0.00,0.14%,0.84%,0.05%,1.68%,0.03%,0.79%,0.02%,0.95%,0.02%,0.24%,0.02%,0.31%,0.02%,0.22%,0.01%,0.06%,0.01%,0.06%,0.01%,0.05%,0.01%,0.03%,0.01%,0.02%,0.00,0.00,0.00,0.00,0.00,0.00,0.00,0.00,0.00,0.00,0.00,0.00,0.00,0.00,0.00,0.00,0.00,0.00,0.00,0.00,0.00,0.00,0.00,0.00,120,0.654,84,84,59.97,60.00,60.06
27-Jul-2018 00:30:00,10.000,Y,118.70,119.72,120.14,0.94,1.01,1.08,2.24%,0.13,0.13%,0.77%,0.05%,1.64%,0.03%,0.78%,0.02%,0.94%,0.02%,0.22%,0.01%,0.31%,0.01%,0.21%,0.01%,0.06%,0.01%,0.06%,0.01%,0.05%,0.01%,0.04%,0.01%,0.04%,0.01,0.09,0.00,0.04,0.00,0.02,0.00,0.07,0.00,0.03,0.00,0.03,0.00,0.02,0.00,0.01,0.00,0.01,0.00,0.00,0.00,0.00,0.00,0.00,118.88,119.86,120.20,0.00,0.00,0.33,2.36%,0.00,0.13%,0.85%,0.05%,1.71%,0.03%,0.82%,0.02%,1.00%,0.02%,0.24%,0.02%,0.34%,0.01%,0.24%,0.01%,0.08%,0.01%,0.06%,0.01%,0.06%,0.01%,0.05%,0.01%,0.02%,0.00,0.00,0.00,0.00,0.00,0.00,0.00,0.00,0.00,0.00,0.00,0.00,0.00,0.00,0.00,0.00,0.00,0.00,0.00,0.00,0.00,0.00,0.00,0.00,237.24,238.78,239.44,0.00,0.00,0.00,2.30%,0.00,0.13%,0.81%,0.05%,1.67%,0.03%,0.80%,0.02%,0.97%,0.02%,0.23%,0.01%,0.32%,0.01%,0.22%,0.01%,0.07%,0.01%,0.06%,0.01%,0.05%,0.01%,0.04%,0.01%,0.02%,0.00,0.00,0.00,0.00,0.00,0.00,0.00,0.00,0.00,0.00,0.00,0.00,0.00,0.00,0.00,0.00,0.00,0.00,0.00,0.00,0.00,0.00,0.00,0.00,120,0.652,84,96,59.96,60.00,60.06
27-Jul-2018 00:40:00,10.000,Y,117.82,119.72,120.24,0.93,1.01,1.07,2.21%,0.13,0.12%,0.74%,0.04%,1.61%,0.03%,0.78%,0.02%,0.94%,0.02%,0.21%,0.02%,0.31%,0.01%,0.21%,0.01%,0.06%,0.01%,0.06%,0.01%,0.05%,0.01%,0.04%,0.01%,0.04%,0.01,0.08,0.00,0.04,0.00,0.02,0.00,0.07,0.00,0.03,0.00,0.03,0.00,0.02,0.00,0.01,0.00,0.01,0.00,0.00,0.00,0.00,0.00,0.00,118.06,119.80,120.46,0.00,0.00,0.34,2.33%,0.00,0.12%,0.81%,0.05%,1.69%,0.03%,0.83%,0.02%,0.99%,0.02%,0.23%,0.02%,0.33%,0.01%,0.22%,0.01%,0.08%,0.01%,0.06%,0.01%,0.05%,0.01%,0.05%,0.01%,0.03%,0.00,0.00,0.00,0.00,0.00,0.00,0.00,0.00,0.00,0.00,0.00,0.00,0.00,0.00,0.00,0.00,0.00,0.00,0.00,0.00,0.00,0.00,0.00,0.00,235.10,238.72,239.90,0.00,0.00,0.00,2.26%,0.00,0.12%,0.77%,0.05%,1.65%,0.03%,0.80%,0.02%,0.96%,0.02%,0.22%,0.02%,0.32%,0.01%,0.21%,0.01%,0.07%,0.01%,0.06%,0.01%,0.05%,0.01%,0.04%,0.01%,0.02%,0.00,0.00,0.00,0.00,0.00,0.00,0.00,0.00,0.00,0.00,0.00,0.00,0.00,0.00,0.00,0.00,0.00,0.00,0.00,0.00,0.00,0.00,0.00,0.00,120,0.651,84,96,59.95,60.00,60.03
27-Jul-2018 00:50:00,10.000,Y,118.70,119.66,120.14,0.94,1.01,1.08,2.18%,0.13,0.11%,0.71%,0.04%,1.61%,0.03%,0.78%,0.02%,0.91%,0.02%,0.22%,0.01%,0.29%,0.01%,0.20%,0.01%,0.06%,0.01%,0.06%,0.01%,0.05%,0.01%,0.04%,0.01%,0.03%,0.01,0.08,0.00,0.04,0.00,0.02,0.00,0.07,0.00,0.03,0.00,0.03,0.00,0.02,0.00,0.01,0.00,0.01,0.00,0.00,0.00,0.00,0.00,0.00,118.92,119.78,120.26,0.00,0.00,0.33,2.30%,0.00,0.11%,0.80%,0.04%,1.67%,0.03%,0.82%,0.02%,0.98%,0.02%,0.24%,0.01%,0.32%,0.01%,0.21%,0.01%,0.08%,0.01%,0.06%,0.01%,0.05%,0.01%,0.05%,0.01%,0.03%,0.00,0.00,0.00,0.00,0.00,0.00,0.00,0.00,0.00,0.00,0.00,0.00,0.00,0.00,0.00,0.00,0.00,0.00,0.00,0.00,0.00,0.00,0.00,0.00,237.22,238.64,239.48,0.00,0.00,0.00,2.24%,0.00,0.11%,0.75%,0.04%,1.64%,0.03%,0.80%,0.02%,0.94%,0.02%,0.23%,0.01%,0.30%,0.01%,0.21%,0.01%,0.07%,0.01%,0.05%,0.01%,0.05%,0.01%,0.04%,0.01%,0.02%,0.00,0.00,0.00,0.00,0.00,0.00,0.00,0.00,0.00,0.00,0.00,0.00,0.00,0.00,0.00,0.00,0.00,0.00,0.00,0.00,0.00,0.00,0.00,0.00,120,0.653,84,96,59.93,59.99,60.04
27-Jul-2018 01:00:00,10.000,Y,118.70,119.92,120.30,0.95,1.02,1.07,2.17%,0.13,0.12%,0.71%,0.05%,1.58%,0.03%,0.79%,0.02%,0.93%,0.02%,0.21%,0.02%,0.29%,0.01%,0.21%,0.01%,0.06%,0.01%,0.06%,0.01%,0.05%,0.01%,0.04%,0.01%,0.04%,0.01,0.08,0.00,0.04,0.00,0.02,0.00,0.07,0.00,0.03,0.00,0.03,0.00,0.02,0.00,0.01,0.00,0.01,0.00,0.00,0.00,0.00,0.00,0.00,118.58,120.10,120.46,0.00,0.00,0.33,2.31%,0.00,0.12%,0.79%,0.05%,1.65%,0.03%,0.85%,0.02%,1.01%,0.02%,0.24%,0.02%,0.33%,0.01%,0.23%,0.01%,0.09%,0.01%,0.07%,0.01%,0.05%,0.01%,0.06%,0.01%,0.04%,0.00,0.00,0.00,0.00,0.00,0.00,0.00,0.00,0.00,0.00,0.00,0.00,0.00,0.00,0.00,0.00,0.00,0.00,0.00,0.00,0.00,0.00,0.00,0.00,236.50,239.22,239.88,0.00,0.00,0.00,2.23%,0.00,0.12%,0.75%,0.05%,1.61%,0.03%,0.82%,0.02%,0.97%,0.02%,0.22%,0.02%,0.31%,0.01%,0.21%,0.01%,0.07%,0.01%,0.06%,0.01%,0.05%,0.01%,0.05%,0.01%,0.03%,0.00,0.00,0.00,0.00,0.00,0.00,0.00,0.00,0.00,0.00,0.00,0.00,0.00,0.00,0.00,0.00,0.00,0.00,0.00,0.00,0.00,0.00,0.00,0.00,120,0.652,84,96,59.96,60.00,60.04
27-Jul-2018 01:10:00,10.000,Y,119.14,120.06,120.44,0.94,1.02,1.07,2.18%,0.13,0.12%,0.70%,0.05%,1.59%,0.03%,0.77%,0.02%,0.94%,0.02%,0.24%,0.02%,0.27%,0.01%,0.21%,0.01%,0.08%,0.01%,0.06%,0.01%,0.04%,0.01%,0.05%,0.01%,0.04%,0.01,0.08,0.00,0.04,0.00,0.02,0.00,0.07,0.00,0.03,0.00,0.03,0.00,0.02,0.00,0.01,0.00,0.01,0.00,0.00,0.00,0.00,0.00,0.00,119.24,120.16,120.44,0.00,0.00,0.33,2.32%,0.00,0.12%,0.76%,0.05%,1.67%,0.03%,0.85%,0.02%,1.01%,0.02%,0.26%,0.02%,0.32%,0.01%,0.23%,0.01%,0.09%,0.01%,0.07%,0.01%,0.06%,0.01%,0.06%,0.01%,0.04%,0.00,0.00,0.00,0.00,0.00,0.00,0.00,0.00,0.00,0.00,0.00,0.00,0.00,0.00,0.00,0.00,0.00,0.00,0.00,0.00,0.00,0.00,0.00,0.00,237.98,239.40,240.04,0.00,0.00,0.00,2.24%,0.00,0.12%,0.73%,0.05%,1.63%,0.03%,0.81%,0.02%,0.97%,0.02%,0.25%,0.02%,0.29%,0.01%,0.21%,0.01%,0.08%,0.01%,0.07%,0.01%,0.05%,0.01%,0.05%,0.01%,0.03%,0.00,0.00,0.00,0.00,0.00,0.00,0.00,0.00,0.00,0.00,0.00,0.00,0.00,0.00,0.00,0.00,0.00,0.00,0.00,0.00,0.00,0.00,0.00,0.00,120,0.651,84,96,59.95,60.00,60.05
27-Jul-2018 01:20:00,10.000,Y,118.56,120.00,120.36,0.94,1.02,1.08,2.15%,0.13,0.14%,0.67%,0.05%,1.59%,0.04%,0.76%,0.03%,0.93%,0.02%,0.24%,0.02%,0.27%,0.02%,0.20%,0.01%,0.07%,0.01%,0.05%,0.01%,0.04%,0.01%,0.04%,0.01%,0.03%,0.01,0.08,0.00,0.04,0.00,0.02,0.00,0.07,0.00,0.03,0.00,0.03,0.00,0.02,0.00,0.01,0.00,0.01,0.00,0.00,0.00,0.00,0.00,0.00,119.34,120.10,120.40,0.00,0.00,0.33,2.27%,0.00,0.13%,0.73%,0.05%,1.65%,0.04%,0.80%,0.03%,0.98%,0.02%,0.26%,0.02%,0.30%,0.02%,0.22%,0.01%,0.09%,0.01%,0.06%,0.01%,0.05%,0.01%,0.05%,0.01%,0.03%,0.00,0.00,0.00,0.00,0.00,0.00,0.00,0.00,0.00,0.00,0.00,0.00,0.00,0.00,0.00,0.00,0.00,0.00,0.00,0.00,0.00,0.00,0.00,0.00,237.58,239.28,239.96,0.00,0.00,0.00,2.20%,0.00,0.14%,0.70%,0.05%,1.62%,0.03%,0.78%,0.03%,0.95%,0.02%,0.25%,0.02%,0.28%,0.02%,0.20%,0.01%,0.08%,0.01%,0.05%,0.01%,0.04%,0.01%,0.04%,0.01%,0.02%,0.00,0.00,0.00,0.00,0.00,0.00,0.00,0.00,0.00,0.00,0.00,0.00,0.00,0.00,0.00,0.00,0.00,0.00,0.00,0.00,0.00,0.00,0.00,0.00,120,0.651,84,96,59.96,60.00,60.05
27-Jul-2018 01:30:00,10.000,Y,119.14,120.04,120.30,0.94,1.01,1.07,2.13%,0.12,0.13%,0.62%,0.05%,1.59%,0.03%,0.76%,0.02%,0.91%,0.02%,0.23%,0.02%,0.27%,0.01%,0.19%,0.01%,0.07%,0.01%,0.05%,0.01%,0.04%,0.01%,0.04%,0.01%,0.03%,0.01,0.08,0.00,0.04,0.00,0.02,0.00,0.07,0.00,0.03,0.00,0.03,0.00,0.02,0.00,0.01,0.00,0.01,0.00,0.00,0.00,0.00,0.00,0.00,119.24,120.04,120.38,0.00,0.00,0.33,2.21%,0.00,0.13%,0.68%,0.05%,1.63%,0.03%,0.78%,0.02%,0.97%,0.02%,0.25%,0.02%,0.29%,0.01%,0.20%,0.01%,0.09%,0.01%,0.05%,0.01%,0.04%,0.01%,0.05%,0.01%,0.03%,0.00,0.00,0.00,0.00,0.00,0.00,0.00,0.00,0.00,0.00,0.00,0.00,0.00,0.00,0.00,0.00,0.00,0.00,0.00,0.00,0.00,0.00,0.00,0.00,238.18,239.26,239.82,0.00,0.00,0.00,2.17%,0.00,0.13%,0.65%,0.05%,1.61%,0.03%,0.77%,0.02%,0.94%,0.02%,0.24%,0.02%,0.28%,0.01%,0.19%,0.01%,0.07%,0.01%,0.05%,0.01%,0.04%,0.01%,0.04%,0.01%,0.02%,0.00,0.00,0.00,0.00,0.00,0.00,0.00,0.00,0.00,0.00,0.00,0.00,0.00,0.00,0.00,0.00,0.00,0.00,0.00,0.00,0.00,0.00,0.00,0.00,120,0.649,84,96,59.95,60.00,60.05
27-Jul-2018 01:40:00,10.000,Y,119.02,119.96,120.34,0.94,1.01,1.09,2.12%,0.12,0.11%,0.62%,0.04%,1.59%,0.03%,0.77%,0.02%,0.90%,0.02%,0.21%,0.01%,0.28%,0.01%,0.20%,0.01%,0.06%,0.01%,0.04%,0.01%,0.04%,0.01%,0.04%,0.01%,0.03%,0.01,0.08,0.00,0.04,0.00,0.02,0.00,0.07,0.00,0.03,0.00,0.03,0.00,0.02,0.00,0.01,0.00,0.01,0.00,0.00,0.00,0.00,0.00,0.00,119.18,120.08,120.44,0.00,0.00,0.32,2.21%,0.00,0.11%,0.68%,0.04%,1.63%,0.03%,0.78%,0.02%,0.97%,0.02%,0.24%,0.01%,0.30%,0.01%,0.20%,0.01%,0.08%,0.01%,0.05%,0.01%,0.04%,0.01%,0.05%,0.01%,0.03%,0.00,0.00,0.00,0.00,0.00,0.00,0.00,0.00,0.00,0.00,0.00,0.00,0.00,0.00,0.00,0.00,0.00,0.00,0.00,0.00,0.00,0.00,0.00,0.00,237.86,239.24,239.92,0.00,0.00,0.00,2.16%,0.00,0.11%,0.65%,0.04%,1.61%,0.03%,0.77%,0.02%,0.93%,0.02%,0.22%,0.01%,0.28%,0.01%,0.20%,0.01%,0.07%,0.01%,0.05%,0.01%,0.04%,0.01%,0.05%,0.01%,0.02%,0.00,0.00,0.00,0.00,0.00,0.00,0.00,0.00,0.00,0.00,0.00,0.00,0.00,0.00,0.00,0.00,0.00,0.00,0.00,0.00,0.00,0.00,0.00,0.00,120,0.651,84,96,59.94,59.99,60.04
27-Jul-2018 01:50:00,10.000,Y,119.48,120.48,120.78,0.94,1.02,1.08,2.16%,0.12,0.13%,0.63%,0.05%,1.61%,0.03%,0.77%,0.02%,0.92%,0.02%,0.23%,0.02%,0.29%,0.01%,0.20%,0.01%,0.06%,0.01%,0.05%,0.01%,0.05%,0.01%,0.05%,0.01%,0.03%,0.01,0.08,0.00,0.04,0.00,0.02,0.00,0.07,0.00,0.03,0.00,0.03,0.00,0.02,0.00,0.01,0.00,0.01,0.00,0.00,0.00,0.00,0.00,0.00,119.58,120.54,120.88,0.00,0.00,0.35,2.26%,0.00,0.13%,0.69%,0.05%,1.67%,0.03%,0.82%,0.02%,0.97%,0.02%,0.25%,0.02%,0.31%,0.01%,0.21%,0.01%,0.08%,0.01%,0.06%,0.01%,0.05%,0.01%,0.06%,0.01%,0.03%,0.00,0.00,0.00,0.00,0.00,0.00,0.00,0.00,0.00,0.00,0.00,0.00,0.00,0.00,0.00,0.00,0.00,0.00,0.00,0.00,0.00,0.00,0.00,0.00,238.76,240.22,240.76,0.00,0.00,0.00,2.21%,0.00,0.13%,0.66%,0.05%,1.64%,0.03%,0.80%,0.02%,0.94%,0.02%,0.24%,0.02%,0.29%,0.01%,0.20%,0.01%,0.07%,0.01%,0.05%,0.01%,0.05%,0.01%,0.05%,0.01%,0.02%,0.00,0.00,0.00,0.00,0.00,0.00,0.00,0.00,0.00,0.00,0.00,0.00,0.00,0.00,0.00,0.00,0.00,0.00,0.00,0.00,0.00,0.00,0.00,0.00,120,0.648,84,96,59.95,60.00,60.05
27-Jul-2018 02:00:00,10.000,Y,118.78,119.98,120.86,0.94,1.01,1.08,2.10%,0.12,0.14%,0.60%,0.06%,1.55%,0.04%,0.76%,0.03%,0.91%,0.02%,0.22%,0.02%,0.29%,0.02%,0.20%,0.01%,0.07%,0.01%,0.05%,0.01%,0.05%,0.01%,0.05%,0.01%,0.04%,0.01,0.08,0.00,0.04,0.00,0.02,0.00,0.07,0.00,0.03,0.00,0.03,0.00,0.02,0.00,0.01,0.00,0.01,0.00,0.00,0.00,0.00,0.00,0.00,119.50,120.38,121.00,0.00,0.00,0.32,2.23%,0.00,0.14%,0.68%,0.06%,1.62%,0.03%,0.83%,0.03%,0.98%,0.02%,0.26%,0.02%,0.31%,0.02%,0.21%,0.01%,0.09%,0.01%,0.06%,0.01%,0.06%,0.01%,0.06%,0.01%,0.03%,0.00,0.00,0.00,0.00,0.00,0.00,0.00,0.00,0.00,0.00,0.00,0.00,0.00,0.00,0.00,0.00,0.00,0.00,0.00,0.00,0.00,0.00,0.00,0.00,237.92,239.56,240.84,0.00,0.00,0.00,2.16%,0.00,0.14%,0.64%,0.06%,1.59%,0.03%,0.79%,0.03%,0.94%,0.02%,0.24%,0.02%,0.29%,0.02%,0.20%,0.01%,0.08%,0.01%,0.06%,0.01%,0.05%,0.01%,0.05%,0.01%,0.03%,0.00,0.00,0.00,0.00,0.00,0.00,0.00,0.00,0.00,0.00,0.00,0.00,0.00,0.00,0.00,0.00,0.00,0.00,0.00,0.00,0.00,0.00,0.00,0.00,120,0.650,84,96,59.98,60.01,60.05
27-Jul-2018 02:10:00,10.000,Y,118.20,119.66,120.06,0.94,1.01,1.07,2.10%,0.12,0.12%,0.59%,0.04%,1.55%,0.03%,0.79%,0.02%,0.92%,0.02%,0.23%,0.01%,0.28%,0.01%,0.20%,0.01%,0.06%,0.01%,0.06%,0.01%,0.05%,0.01%,0.05%,0.01%,0.04%,0.01,0.08,0.00,0.04,0.00,0.02,0.00,0.07,0.00,0.03,0.00,0.03,0.00,0.02,0.00,0.01,0.00,0.01,0.00,0.00,0.00,0.00,0.00,0.00,118.82,119.94,120.32,0.00,0.00,0.33,2.20%,0.00,0.12%,0.66%,0.04%,1.60%,0.03%,0.82%,0.02%,0.98%,0.02%,0.25%,0.01%,0.30%,0.01%,0.21%,0.01%,0.08%,0.01%,0.07%,0.01%,0.05%,0.01%,0.05%,0.01%,0.03%,0.00,0.00,0.00,0.00,0.00,0.00,0.00,0.00,0.00,0.00,0.00,0.00,0.00,0.00,0.00,0.00,0.00,0.00,0.00,0.00,0.00,0.00,0.00,0.00,236.46,238.78,239.36,0.00,0.00,0.00,2.15%,0.00,0.12%,0.62%,0.04%,1.57%,0.03%,0.80%,0.02%,0.95%,0.02%,0.24%,0.01%,0.29%,0.01%,0.20%,0.01%,0.07%,0.01%,0.06%,0.01%,0.05%,0.01%,0.05%,0.01%,0.03%,0.00,0.00,0.00,0.00,0.00,0.00,0.00,0.00,0.00,0.00,0.00,0.00,0.00,0.00,0.00,0.00,0.00,0.00,0.00,0.00,0.00,0.00,0.00,0.00,120,0.652,84,96,59.97,60.00,60.03
27-Jul-2018 02:20:00,10.000,Y,118.62,119.66,120.02,0.94,1.01,1.07,2.08%,0.12,0.12%,0.58%,0.04%,1.54%,0.03%,0.81%,0.02%,0.89%,0.02%,0.22%,0.02%,0.28%,0.01%,0.19%,0.01%,0.07%,0.01%,0.05%,0.01%,0.05%,0.01%,0.05%,0.01%,0.04%,0.01,0.08,0.00,0.04,0.00,0.02,0.00,0.07,0.00,0.03,0.00,0.03,0.00,0.02,0.00,0.01,0.00,0.01,0.00,0.00,0.00,0.00,0.00,0.00,118.54,119.80,120.10,0.00,0.00,0.33,2.19%,0.00,0.12%,0.66%,0.05%,1.57%,0.03%,0.83%,0.02%,0.97%,0.02%,0.25%,0.02%,0.30%,0.01%,0.21%,0.01%,0.09%,0.01%,0.06%,0.01%,0.05%,0.01%,0.06%,0.01%,0.03%,0.00,0.00,0.00,0.00,0.00,0.00,0.00,0.00,0.00,0.00,0.00,0.00,0.00,0.00,0.00,0.00,0.00,0.00,0.00,0.00,0.00,0.00,0.00,0.00,237.12,238.64,239.26,0.00,0.00,0.00,2.13%,0.00,0.12%,0.62%,0.04%,1.55%,0.03%,0.82%,0.02%,0.93%,0.02%,0.23%,0.02%,0.29%,0.01%,0.19%,0.01%,0.08%,0.01%,0.05%,0.01%,0.04%,0.01%,0.05%,0.01%,0.03%,0.00,0.00,0.00,0.00,0.00,0.00,0.00,0.00,0.00,0.00,0.00,0.00,0.00,0.00,0.00,0.00,0.00,0.00,0.00,0.00,0.00,0.00,0.00,0.00,120,0.653,84,96,59.95,60.00,60.05
27-Jul-2018 02:30:00,10.000,Y,119.00,119.78,120.08,0.94,1.01,1.07,2.06%,0.12,0.14%,0.57%,0.05%,1.50%,0.03%,0.80%,0.03%,0.90%,0.02%,0.22%,0.02%,0.28%,0.02%,0.19%,0.01%,0.07%,0.01%,0.06%,0.01%,0.05%,0.01%,0.05%,0.01%,0.04%,0.01,0.08,0.00,0.04,0.00,0.02,0.00,0.07,0.00,0.03,0.00,0.03,0.00,0.02,0.00,0.01,0.00,0.01,0.00,0.00,0.00,0.00,0.00,0.00,119.18,120.00,120.36,0.00,0.00,0.33,2.18%,0.00,0.13%,0.66%,0.05%,1.55%,0.03%,0.84%,0.03%,0.98%,0.02%,0.25%,0.02%,0.31%,0.02%,0.21%,0.01%,0.10%,0.01%,0.07%,0.01%,0.06%,0.01%,0.06%,0.01%,0.04%,0.00,0.00,0.00,0.00,0.00,0.00,0.00,0.00,0.00,0.00,0.00,0.00,0.00,0.00,0.00,0.00,0.00,0.00,0.00,0.00,0.00,0.00,0.00,0.00,237.94,238.98,239.50,0.00,0.00,0.00,2.12%,0.00,0.13%,0.62%,0.05%,1.52%,0.03%,0.82%,0.03%,0.94%,0.02%,0.23%,0.02%,0.29%,0.01%,0.20%,0.01%,0.08%,0.01%,0.06%,0.01%,0.05%,0.01%,0.05%,0.01%,0.03%,0.00,0.00,0.00,0.00,0.00,0.00,0.00,0.00,0.00,0.00,0.00,0.00,0.00,0.00,0.00,0.00,0.00,0.00,0.00,0.00,0.00,0.00,0.00,0.00,120,0.651,84,96,59.95,60.00,60.05
27-Jul-2018 02:40:00,10.000,Y,118.90,119.76,120.08,0.94,1.01,1.07,2.06%,0.12,0.11%,0.57%,0.04%,1.51%,0.03%,0.78%,0.03%,0.90%,0.02%,0.22%,0.02%,0.28%,0.01%,0.19%,0.01%,0.07%,0.01%,0.06%,0.01%,0.05%,0.01%,0.05%,0.01%,0.04%,0.01,0.08,0.00,0.04,0.00,0.02,0.00,0.07,0.00,0.03,0.00,0.03,0.00,0.02,0.00,0.01,0.00,0.01,0.00,0.00,0.00,0.00,0.00,0.00,119.32,120.10,120.38,0.00,0.00,0.33,2.18%,0.00,0.11%,0.66%,0.04%,1.56%,0.03%,0.83%,0.03%,0.98%,0.02%,0.25%,0.02%,0.31%,0.01%,0.21%,0.01%,0.10%,0.01%,0.07%,0.01%,0.05%,0.01%,0.07%,0.01%,0.03%,0.00,0.00,0.00,0.00,0.00,0.00,0.00,0.00,0.00,0.00,0.00,0.00,0.00,0.00,0.00,0.00,0.00,0.00,0.00,0.00,0.00,0.00,0.00,0.00,237.90,239.04,239.62,0.00,0.00,0.00,2.11%,0.00,0.11%,0.62%,0.04%,1.53%,0.03%,0.80%,0.03%,0.94%,0.02%,0.23%,0.02%,0.29%,0.01%,0.20%,0.01%,0.08%,0.01%,0.06%,0.01%,0.05%,0.01%,0.06%,0.01%,0.03%,0.00,0.00,0.00,0.00,0.00,0.00,0.00,0.00,0.00,0.00,0.00,0.00,0.00,0.00,0.00,0.00,0.00,0.00,0.00,0.00,0.00,0.00,0.00,0.00,120,0.651,84,96,59.95,59.99,60.03
27-Jul-2018 02:50:00,10.000,Y,118.96,119.90,120.26,0.94,1.01,1.07,2.06%,0.12,0.15%,0.56%,0.05%,1.53%,0.03%,0.77%,0.03%,0.88%,0.02%,0.22%,0.02%,0.27%,0.02%,0.19%,0.01%,0.06%,0.01%,0.06%,0.01%,0.05%,0.01%,0.04%,0.01%,0.04%,0.01,0.08,0.00,0.04,0.00,0.02,0.00,0.07,0.00,0.03,0.00,0.03,0.00,0.02,0.00,0.01,0.00,0.00,0.00,0.00,0.00,0.00,0.00,0.00,119.18,120.06,120.38,0.00,0.00,0.33,2.16%,0.00,0.14%,0.62%,0.05%,1.58%,0.03%,0.80%,0.03%,0.95%,0.03%,0.24%,0.02%,0.29%,0.02%,0.21%,0.01%,0.09%,0.01%,0.06%,0.01%,0.05%,0.01%,0.06%,0.01%,0.03%,0.00,0.00,0.00,0.00,0.00,0.00,0.00,0.00,0.00,0.00,0.00,0.00,0.00,0.00,0.00,0.00,0.00,0.00,0.00,0.00,0.00,0.00,0.00,0.00,238.10,239.16,239.74,0.00,0.00,0.00,2.10%,0.00,0.14%,0.59%,0.05%,1.55%,0.03%,0.78%,0.03%,0.91%,0.02%,0.23%,0.02%,0.28%,0.02%,0.20%,0.01%,0.07%,0.01%,0.05%,0.01%,0.05%,0.01%,0.05%,0.01%,0.03%,0.00,0.00,0.00,0.00,0.00,0.00,0.00,0.00,0.00,0.00,0.00,0.00,0.00,0.00,0.00,0.00,0.00,0.00,0.00,0.00,0.00,0.00,0.00,0.00,120,0.651,84,96,59.97,60.01,60.04
27-Jul-2018 03:00:00,10.000,Y,118.64,119.80,120.12,0.94,1.01,1.07,2.06%,0.12,0.12%,0.55%,0.04%,1.54%,0.03%,0.78%,0.02%,0.88%,0.02%,0.23%,0.01%,0.28%,0.01%,0.19%,0.01%,0.06%,0.01%,0.05%,0.01%,0.04%,0.01%,0.05%,0.01%,0.03%,0.01,0.08,0.00,0.04,0.00,0.02,0.00,0.07,0.00,0.03,0.00,0.03,0.00,0.02,0.00,0.01,0.00,0.01,0.00,0.00,0.00,0.00,0.00,0.00,118.60,119.76,120.08,0.00,0.00,0.33,2.14%,0.00,0.12%,0.60%,0.04%,1.59%,0.03%,0.79%,0.02%,0.93%,0.02%,0.24%,0.01%,0.30%,0.01%,0.19%,0.01%,0.08%,0.01%,0.05%,0.01%,0.05%,0.01%,0.05%,0.01%,0.03%,0.00,0.00,0.00,0.00,0.00,0.00,0.00,0.00,0.00,0.00,0.00,0.00,0.00,0.00,0.00,0.00,0.00,0.00,0.00,0.00,0.00,0.00,0.00,0.00,237.24,238.74,239.30,0.00,0.00,0.00,2.10%,0.00,0.12%,0.57%,0.04%,1.56%,0.03%,0.78%,0.02%,0.90%,0.02%,0.23%,0.01%,0.29%,0.01%,0.19%,0.01%,0.07%,0.01%,0.05%,0.01%,0.04%,0.01%,0.05%,0.01%,0.02%,0.00,0.00,0.00,0.00,0.00,0.00,0.00,0.00,0.00,0.00,0.00,0.00,0.00,0.00,0.00,0.00,0.00,0.00,0.00,0.00,0.00,0.00,0.00,0.00,120,0.651,84,96,59.96,60.00,60.04
27-Jul-2018 03:10:00,10.000,Y,118.86,119.78,120.14,0.94,1.01,1.07,2.08%,0.12,0.12%,0.56%,0.05%,1.55%,0.03%,0.79%,0.02%,0.89%,0.02%,0.21%,0.02%,0.29%,0.01%,0.19%,0.01%,0.06%,0.01%,0.06%,0.01%,0.04%,0.01%,0.05%,0.01%,0.04%,0.01,0.08,0.00,0.04,0.00,0.02,0.00,0.07,0.00,0.03,0.00,0.03,0.00,0.02,0.00,0.01,0.00,0.01,0.00,0.00,0.00,0.00,0.00,0.00,119.04,119.82,120.12,0.00,0.00,0.33,2.17%,0.00,0.12%,0.62%,0.05%,1.58%,0.03%,0.81%,0.02%,0.95%,0.02%,0.24%,0.02%,0.31%,0.01%,0.20%,0.01%,0.07%,0.01%,0.06%,0.01%,0.04%,0.01%,0.06%,0.01%,0.03%,0.00,0.00,0.00,0.00,0.00,0.00,0.00,0.00,0.00,0.00,0.00,0.00,0.00,0.00,0.00,0.00,0.00,0.00,0.00,0.00,0.00,0.00,0.00,0.00,237.48,238.78,239.38,0.00,0.00,0.00,2.12%,0.00,0.13%,0.59%,0.05%,1.57%,0.03%,0.80%,0.02%,0.92%,0.02%,0.22%,0.02%,0.29%,0.01%,0.19%,0.01%,0.06%,0.01%,0.06%,0.01%,0.04%,0.01%,0.05%,0.01%,0.03%,0.00,0.00,0.00,0.00,0.00,0.00,0.00,0.00,0.00,0.00,0.00,0.00,0.00,0.00,0.00,0.00,0.00,0.00,0.00,0.00,0.00,0.00,0.00,0.00,120,0.652,84,96,59.96,60.00,60.05
27-Jul-2018 03:20:00,10.000,Y,118.78,119.80,120.18,0.94,1.01,1.07,2.05%,0.12,0.13%,0.55%,0.05%,1.52%,0.03%,0.77%,0.03%,0.88%,0.02%,0.22%,0.02%,0.30%,0.01%,0.18%,0.01%,0.06%,0.01%,0.06%,0.01%,0.04%,0.01%,0.05%,0.01%,0.04%,0.01,0.08,0.00,0.04,0.00,0.02,0.00,0.07,0.00,0.03,0.00,0.03,0.00,0.02,0.00,0.01,0.00,0.01,0.00,0.00,0.00,0.00,0.00,0.00,119.18,120.02,120.38,0.00,0.00,0.33,2.16%,0.00,0.13%,0.63%,0.05%,1.57%,0.03%,0.82%,0.03%,0.95%,0.02%,0.25%,0.02%,0.32%,0.01%,0.20%,0.01%,0.08%,0.01%,0.06%,0.01%,0.05%,0.01%,0.06%,0.01%,0.03%,0.00,0.00,0.00,0.00,0.00,0.00,0.00,0.00,0.00,0.00,0.00,0.00,0.00,0.00,0.00,0.00,0.00,0.00,0.00,0.00,0.00,0.00,0.00,0.00,237.48,239.00,239.76,0.00,0.00,0.00,2.10%,0.00,0.13%,0.59%,0.05%,1.54%,0.03%,0.79%,0.02%,0.91%,0.02%,0.23%,0.02%,0.30%,0.01%,0.19%,0.01%,0.07%,0.01%,0.05%,0.01%,0.04%,0.01%,0.05%,0.01%,0.03%,0.00,0.00,0.00,0.00,0.00,0.00,0.00,0.00,0.00,0.00,0.00,0.00,0.00,0.00,0.00,0.00,0.00,0.00,0.00,0.00,0.00,0.00,0.00,0.00,120,0.651,84,96,59.95,60.01,60.06
27-Jul-2018 03:30:00,10.000,Y,118.64,119.66,120.02,0.93,1.01,1.07,2.04%,0.12,0.13%,0.54%,0.05%,1.53%,0.03%,0.75%,0.03%,0.87%,0.02%,0.22%,0.02%,0.28%,0.01%,0.18%,0.01%,0.05%,0.01%,0.06%,0.01%,0.04%,0.01%,0.05%,0.01%,0.04%,0.01,0.08,0.00,0.04,0.00,0.02,0.00,0.06,0.00,0.03,0.00,0.03,0.00,0.02,0.00,0.01,0.00,0.01,0.00,0.00,0.00,0.00,0.00,0.00,118.88,119.94,120.22,0.00,0.00,0.33,2.16%,0.00,0.14%,0.63%,0.05%,1.58%,0.04%,0.80%,0.03%,0.94%,0.02%,0.25%,0.02%,0.31%,0.02%,0.20%,0.01%,0.08%,0.01%,0.07%,0.01%,0.05%,0.01%,0.06%,0.01%,0.04%,0.00,0.00,0.00,0.00,0.00,0.00,0.00,0.00,0.00,0.00,0.00,0.00,0.00,0.00,0.00,0.00,0.00,0.00,0.00,0.00,0.00,0.00,0.00,0.00,237.62,238.78,239.32,0.00,0.00,0.00,2.09%,0.00,0.14%,0.58%,0.05%,1.55%,0.03%,0.77%,0.03%,0.90%,0.02%,0.23%,0.02%,0.29%,0.02%,0.19%,0.01%,0.06%,0.01%,0.06%,0.01%,0.04%,0.01%,0.05%,0.01%,0.03%,0.00,0.00,0.00,0.00,0.00,0.00,0.00,0.00,0.00,0.00,0.00,0.00,0.00,0.00,0.00,0.00,0.00,0.00,0.00,0.00,0.00,0.00,0.00,0.00,120,0.652,84,96,59.96,60.00,60.04
27-Jul-2018 03:40:00,10.000,Y,118.70,119.64,120.00,0.94,1.01,1.06,2.02%,0.12,0.13%,0.54%,0.05%,1.51%,0.03%,0.75%,0.03%,0.86%,0.02%,0.21%,0.02%,0.28%,0.01%,0.17%,0.01%,0.06%,0.01%,0.05%,0.01%,0.04%,0.01%,0.04%,0.01%,0.04%,0.01,0.08,0.00,0.04,0.00,0.02,0.00,0.06,0.00,0.03,0.00,0.03,0.00,0.02,0.00,0.01,0.00,0.01,0.00,0.00,0.00,0.00,0.00,0.00,118.96,119.78,120.22,0.00,0.00,0.33,2.12%,0.00,0.14%,0.62%,0.05%,1.55%,0.03%,0.77%,0.03%,0.93%,0.02%,0.23%,0.02%,0.30%,0.02%,0.19%,0.01%,0.08%,0.01%,0.06%,0.01%,0.04%,0.01%,0.05%,0.01%,0.03%,0.00,0.00,0.00,0.00,0.00,0.00,0.00,0.00,0.00,0.00,0.00,0.00,0.00,0.00,0.00,0.00,0.00,0.00,0.00,0.00,0.00,0.00,0.00,0.00,237.44,238.62,239.16,0.00,0.00,0.00,2.07%,0.00,0.14%,0.58%,0.05%,1.53%,0.03%,0.76%,0.03%,0.89%,0.02%,0.22%,0.02%,0.29%,0.01%,0.18%,0.01%,0.07%,0.01%,0.05%,0.01%,0.04%,0.01%,0.05%,0.01%,0.03%,0.00,0.00,0.00,0.00,0.00,0.00,0.00,0.00,0.00,0.00,0.00,0.00,0.00,0.00,0.00,0.00,0.00,0.00,0.00,0.00,0.00,0.00,0.00,0.00,120,0.652,84,96,59.95,60.00,60.07
27-Jul-2018 03:50:00,10.000,Y,118.54,119.54,119.94,0.93,1.01,1.06,2.01%,0.12,0.13%,0.55%,0.05%,1.50%,0.03%,0.75%,0.02%,0.86%,0.02%,0.21%,0.02%,0.28%,0.01%,0.18%,0.01%,0.06%,0.01%,0.05%,0.01%,0.04%,0.01%,0.05%,0.01%,0.04%,0.01,0.08,0.00,0.04,0.00,0.02,0.00,0.06,0.00,0.03,0.00,0.03,0.00,0.02,0.00,0.01,0.00,0.01,0.00,0.00,0.00,0.00,0.00,0.00,118.60,119.68,119.94,0.00,0.00,0.33,2.10%,0.00,0.13%,0.63%,0.05%,1.53%,0.03%,0.77%,0.02%,0.92%,0.02%,0.25%,0.02%,0.30%,0.02%,0.19%,0.01%,0.08%,0.01%,0.06%,0.01%,0.05%,0.01%,0.06%,0.01%,0.03%,0.00,0.00,0.00,0.00,0.00,0.00,0.00,0.00,0.00,0.00,0.00,0.00,0.00,0.00,0.00,0.00,0.00,0.00,0.00,0.00,0.00,0.00,0.00,0.00,236.34,238.40,238.98,0.00,0.00,0.00,2.05%,0.00,0.13%,0.59%,0.05%,1.51%,0.03%,0.76%,0.02%,0.89%,0.02%,0.22%,0.02%,0.28%,0.01%,0.18%,0.01%,0.07%,0.01%,0.05%,0.01%,0.04%,0.01%,0.05%,0.01%,0.03%,0.00,0.00,0.00,0.00,0.00,0.00,0.00,0.00,0.00,0.00,0.00,0.00,0.00,0.00,0.00,0.00,0.00,0.00,0.00,0.00,0.00,0.00,0.00,0.00,120,0.652,84,84,59.96,60.00,60.04
27-Jul-2018 04:00:00,10.000,Y,118.56,119.50,119.88,0.94,1.01,1.07,2.01%,0.12,0.15%,0.56%,0.05%,1.48%,0.03%,0.76%,0.03%,0.87%,0.02%,0.21%,0.02%,0.28%,0.02%,0.18%,0.01%,0.06%,0.01%,0.06%,0.01%,0.04%,0.01%,0.05%,0.01%,0.04%,0.01,0.08,0.00,0.04,0.00,0.02,0.00,0.06,0.00,0.03,0.00,0.03,0.00,0.02,0.00,0.01,0.00,0.01,0.00,0.00,0.00,0.00,0.00,0.00,118.96,119.80,120.14,0.00,0.00,0.33,2.13%,0.00,0.15%,0.65%,0.06%,1.53%,0.03%,0.79%,0.03%,0.95%,0.02%,0.25%,0.02%,0.30%,0.02%,0.20%,0.01%,0.09%,0.01%,0.06%,0.01%,0.05%,0.01%,0.06%,0.01%,0.03%,0.00,0.00,0.00,0.00,0.00,0.00,0.00,0.00,0.00,0.00,0.00,0.00,0.00,0.00,0.00,0.00,0.00,0.00,0.00,0.00,0.00,0.00,0.00,0.00,237.24,238.48,239.16,0.00,0.00,0.00,2.07%,0.00,0.15%,0.61%,0.05%,1.50%,0.03%,0.78%,0.03%,0.91%,0.02%,0.23%,0.02%,0.29%,0.02%,0.19%,0.01%,0.07%,0.01%,0.06%,0.01%,0.04%,0.01%,0.05%,0.01%,0.03%,0.00,0.00,0.00,0.00,0.00,0.00,0.00,0.00,0.00,0.00,0.00,0.00,0.00,0.00,0.00,0.00,0.00,0.00,0.00,0.00,0.00,0.00,0.00,0.00,120,0.652,84,84,59.98,60.01,60.06
27-Jul-2018 04:10:00,10.000,Y,118.62,119.54,119.90,0.93,1.01,1.07,2.00%,0.12,0.11%,0.58%,0.04%,1.45%,0.03%,0.76%,0.02%,0.89%,0.02%,0.22%,0.01%,0.27%,0.01%,0.18%,0.01%,0.06%,0.01%,0.05%,0.01%,0.04%,0.01%,0.05%,0.01%,0.04%,0.01,0.08,0.00,0.04,0.00,0.02,0.00,0.07,0.00,0.03,0.00,0.03,0.00,0.02,0.00,0.01,0.00,0.01,0.00,0.00,0.00,0.00,0.00,0.00,118.60,119.52,120.02,0.00,0.00,0.34,2.10%,0.00,0.11%,0.64%,0.04%,1.50%,0.03%,0.78%,0.02%,0.95%,0.02%,0.25%,0.01%,0.29%,0.01%,0.19%,0.01%,0.09%,0.01%,0.05%,0.01%,0.05%,0.01%,0.06%,0.01%,0.03%,0.00,0.00,0.00,0.00,0.00,0.00,0.00,0.00,0.00,0.00,0.00,0.00,0.00,0.00,0.00,0.00,0.00,0.00,0.00,0.00,0.00,0.00,0.00,0.00,236.80,238.26,238.94,0.00,0.00,0.00,2.04%,0.00,0.11%,0.61%,0.04%,1.47%,0.03%,0.77%,0.02%,0.91%,0.02%,0.23%,0.01%,0.28%,0.01%,0.18%,0.01%,0.07%,0.01%,0.05%,0.01%,0.04%,0.01%,0.05%,0.01%,0.03%,0.00,0.00,0.00,0.00,0.00,0.00,0.00,0.00,0.00,0.00,0.00,0.00,0.00,0.00,0.00,0.00,0.00,0.00,0.00,0.00,0.00,0.00,0.00,0.00,120,0.651,84,96,59.94,60.00,60.06
27-Jul-2018 04:20:00,10.000,Y,117.82,119.20,119.60,0.93,1.01,1.07,1.95%,0.12,0.13%,0.60%,0.05%,1.39%,0.03%,0.74%,0.02%,0.87%,0.02%,0.21%,0.02%,0.27%,0.01%,0.18%,0.01%,0.07%,0.01%,0.05%,0.01%,0.04%,0.01%,0.04%,0.01%,0.04%,0.01,0.08,0.00,0.04,0.00,0.02,0.00,0.07,0.00,0.03,0.00,0.03,0.00,0.02,0.00,0.01,0.00,0.01,0.00,0.00,0.00,0.00,0.00,0.00,118.50,119.26,119.54,0.00,0.00,0.34,2.04%,0.00,0.13%,0.66%,0.05%,1.45%,0.03%,0.77%,0.02%,0.92%,0.02%,0.25%,0.02%,0.28%,0.02%,0.19%,0.01%,0.09%,0.01%,0.05%,0.01%,0.05%,0.01%,0.05%,0.01%,0.03%,0.00,0.00,0.00,0.00,0.00,0.00,0.00,0.00,0.00,0.00,0.00,0.00,0.00,0.00,0.00,0.00,0.00,0.00,0.00,0.00,0.00,0.00,0.00,0.00,236.22,237.64,238.24,0.00,0.00,0.00,1.99%,0.00,0.13%,0.63%,0.05%,1.42%,0.03%,0.75%,0.02%,0.89%,0.02%,0.23%,0.02%,0.27%,0.01%,0.18%,0.01%,0.07%,0.01%,0.05%,0.01%,0.04%,0.01%,0.04%,0.01%,0.03%,0.00,0.00,0.00,0.00,0.00,0.00,0.00,0.00,0.00,0.00,0.00,0.00,0.00,0.00,0.00,0.00,0.00,0.00,0.00,0.00,0.00,0.00,0.00,0.00,120,0.653,84,84,59.95,60.00,60.06
27-Jul-2018 04:30:00,10.000,Y,117.80,118.98,119.36,0.93,1.01,1.07,1.91%,0.12,0.12%,0.63%,0.05%,1.36%,0.03%,0.71%,0.02%,0.85%,0.02%,0.21%,0.02%,0.26%,0.01%,0.18%,0.01%,0.05%,0.01%,0.05%,0.01%,0.04%,0.01%,0.03%,0.01%,0.04%,0.01,0.08,0.00,0.04,0.00,0.02,0.00,0.06,0.00,0.03,0.00,0.03,0.00,0.02,0.00,0.01,0.00,0.01,0.00,0.00,0.00,0.00,0.00,0.00,118.06,118.96,119.46,0.00,0.00,0.34,1.99%,0.00,0.12%,0.69%,0.05%,1.41%,0.03%,0.72%,0.02%,0.89%,0.02%,0.24%,0.02%,0.26%,0.02%,0.18%,0.01%,0.07%,0.01%,0.04%,0.01%,0.05%,0.01%,0.04%,0.01%,0.03%,0.00,0.00,0.00,0.00,0.00,0.00,0.00,0.00,0.00,0.00,0.00,0.00,0.00,0.00,0.00,0.00,0.00,0.00,0.00,0.00,0.00,0.00,0.00,0.00,235.26,237.12,237.92,0.00,0.00,0.00,1.95%,0.00,0.12%,0.66%,0.05%,1.39%,0.03%,0.71%,0.02%,0.86%,0.02%,0.22%,0.01%,0.26%,0.01%,0.18%,0.01%,0.06%,0.01%,0.04%,0.01%,0.04%,0.01%,0.04%,0.01%,0.03%,0.00,0.00,0.00,0.00,0.00,0.00,0.00,0.00,0.00,0.00,0.00,0.00,0.00,0.00,0.00,0.00,0.00,0.00,0.00,0.00,0.00,0.00,0.00,0.00,120,0.653,84,84,59.95,59.99,60.04
27-Jul-2018 04:40:00,10.000,Y,118.00,118.84,119.20,0.93,1.01,1.06,1.88%,0.12,0.13%,0.64%,0.05%,1.33%,0.03%,0.70%,0.03%,0.83%,0.02%,0.22%,0.02%,0.24%,0.01%,0.19%,0.01%,0.05%,0.01%,0.03%,0.01%,0.05%,0.01%,0.04%,0.01%,0.04%,0.01,0.08,0.00,0.04,0.00,0.02,0.00,0.06,0.00,0.03,0.00,0.03,0.00,0.02,0.00,0.01,0.00,0.01,0.00,0.00,0.00,0.00,0.00,0.00,118.10,118.94,119.42,0.00,0.00,0.33,1.98%,0.00,0.13%,0.72%,0.05%,1.37%,0.03%,0.72%,0.03%,0.89%,0.02%,0.27%,0.02%,0.25%,0.01%,0.20%,0.01%,0.08%,0.01%,0.03%,0.01%,0.06%,0.01%,0.05%,0.01%,0.03%,0.00,0.00,0.00,0.00,0.00,0.00,0.00,0.00,0.00,0.00,0.00,0.00,0.00,0.00,0.00,0.00,0.00,0.00,0.00,0.00,0.00,0.00,0.00,0.00,235.80,236.98,237.48,0.00,0.00,0.00,1.92%,0.00,0.13%,0.68%,0.05%,1.35%,0.03%,0.71%,0.03%,0.85%,0.02%,0.24%,0.02%,0.24%,0.01%,0.19%,0.01%,0.06%,0.01%,0.03%,0.01%,0.05%,0.01%,0.04%,0.01%,0.03%,0.00,0.00,0.00,0.00,0.00,0.00,0.00,0.00,0.00,0.00,0.00,0.00,0.00,0.00,0.00,0.00,0.00,0.00,0.00,0.00,0.00,0.00,0.00,0.00,120,0.655,84,84,59.95,60.00,60.06
27-Jul-2018 04:50:00,10.000,Y,117.22,118.20,118.98,0.93,1.00,1.06,1.82%,0.12,0.14%,0.67%,0.05%,1.26%,0.04%,0.68%,0.03%,0.80%,0.02%,0.23%,0.02%,0.21%,0.01%,0.18%,0.01%,0.05%,0.01%,0.03%,0.01%,0.04%,0.01%,0.04%,0.01%,0.03%,0.01,0.08,0.00,0.04,0.00,0.02,0.00,0.06,0.00,0.03,0.00,0.03,0.00,0.02,0.00,0.01,0.00,0.00,0.00,0.00,0.00,0.00,0.00,0.00,117.86,118.78,119.52,0.00,0.00,0.34,1.94%,0.00,0.14%,0.76%,0.05%,1.33%,0.04%,0.72%,0.03%,0.85%,0.02%,0.28%,0.02%,0.23%,0.02%,0.19%,0.01%,0.08%,0.01%,0.03%,0.01%,0.04%,0.01%,0.06%,0.01%,0.02%,0.00,0.00,0.00,0.00,0.00,0.00,0.00,0.00,0.00,0.00,0.00,0.00,0.00,0.00,0.00,0.00,0.00,0.00,0.00,0.00,0.00,0.00,0.00,0.00,234.74,236.18,237.64,0.00,0.00,0.00,1.88%,0.00,0.14%,0.72%,0.05%,1.29%,0.04%,0.70%,0.03%,0.82%,0.02%,0.25%,0.02%,0.22%,0.01%,0.18%,0.01%,0.06%,0.01%,0.02%,0.01%,0.04%,0.01%,0.04%,0.01%,0.02%,0.00,0.00,0.00,0.00,0.00,0.00,0.00,0.00,0.00,0.00,0.00,0.00,0.00,0.00,0.00,0.00,0.00,0.00,0.00,0.00,0.00,0.00,0.00,0.00,120,0.657,72,84,59.95,60.01,60.05
27-Jul-2018 05:00:00,10.000,Y,117.26,118.16,118.48,0.93,1.00,1.06,1.83%,0.12,0.14%,0.71%,0.05%,1.27%,0.04%,0.64%,0.03%,0.80%,0.02%,0.24%,0.02%,0.21%,0.02%,0.19%,0.01%,0.06%,0.01%,0.02%,0.01%,0.05%,0.01%,0.03%,0.01%,0.03%,0.01,0.08,0.00,0.04,0.00,0.02,0.00,0.06,0.00,0.03,0.00,0.03,0.00,0.02,0.00,0.01,0.00,0.01,0.00,0.00,0.00,0.00,0.00,0.00,117.68,118.50,118.80,0.00,0.00,0.33,1.96%,0.00,0.14%,0.79%,0.05%,1.33%,0.03%,0.70%,0.03%,0.86%,0.02%,0.28%,0.02%,0.23%,0.02%,0.19%,0.01%,0.09%,0.01%,0.03%,0.01%,0.05%,0.01%,0.05%,0.01%,0.02%,0.00,0.00,0.00,0.00,0.00,0.00,0.00,0.00,0.00,0.00,0.00,0.00,0.00,0.00,0.00,0.00,0.00,0.00,0.00,0.00,0.00,0.00,0.00,0.00,234.76,235.86,236.34,0.00,0.00,0.00,1.89%,0.00,0.14%,0.75%,0.05%,1.30%,0.04%,0.67%,0.03%,0.82%,0.02%,0.26%,0.02%,0.21%,0.02%,0.19%,0.01%,0.07%,0.01%,0.02%,0.01%,0.05%,0.01%,0.04%,0.01%,0.01%,0.00,0.00,0.00,0.00,0.00,0.00,0.00,0.00,0.00,0.00,0.00,0.00,0.00,0.00,0.00,0.00,0.00,0.00,0.00,0.00,0.00,0.00,0.00,0.00,120,0.657,72,84,59.95,60.01,60.05
27-Jul-2018 05:10:00,10.000,Y,117.26,118.20,118.66,0.93,1.00,1.06,1.85%,0.12,0.15%,0.76%,0.05%,1.27%,0.04%,0.64%,0.03%,0.78%,0.02%,0.27%,0.02%,0.20%,0.02%,0.18%,0.02%,0.08%,0.01%,0.03%,0.01%,0.05%,0.01%,0.04%,0.01%,0.03%,0.01,0.09,0.00,0.04,0.00,0.02,0.00,0.06,0.00,0.03,0.00,0.03,0.00,0.02,0.00,0.01,0.00,0.00,0.00,0.00,0.00,0.00,0.00,0.00,117.18,118.24,118.82,0.00,0.00,0.34,1.97%,0.00,0.15%,0.85%,0.05%,1.31%,0.04%,0.69%,0.03%,0.85%,0.02%,0.31%,0.02%,0.23%,0.02%,0.18%,0.01%,0.10%,0.01%,0.05%,0.01%,0.05%,0.01%,0.05%,0.01%,0.03%,0.00,0.00,0.00,0.00,0.00,0.00,0.00,0.00,0.00,0.00,0.00,0.00,0.00,0.00,0.00,0.00,0.00,0.00,0.00,0.00,0.00,0.00,0.00,0.00,234.14,235.64,236.62,0.00,0.00,0.00,1.90%,0.00,0.15%,0.80%,0.05%,1.29%,0.04%,0.66%,0.03%,0.81%,0.02%,0.29%,0.02%,0.21%,0.02%,0.18%,0.01%,0.08%,0.01%,0.03%,0.01%,0.05%,0.01%,0.04%,0.01%,0.02%,0.00,0.00,0.00,0.00,0.00,0.00,0.00,0.00,0.00,0.00,0.00,0.00,0.00,0.00,0.00,0.00,0.00,0.00,0.00,0.00,0.00,0.00,0.00,0.00,120,0.658,72,84,59.95,60.01,60.10
27-Jul-2018 05:20:00,10.000,Y,116.28,117.36,118.06,0.92,1.00,1.06,1.77%,0.12,0.10%,0.79%,0.04%,1.20%,0.02%,0.61%,0.02%,0.73%,0.02%,0.30%,0.01%,0.18%,0.01%,0.17%,0.01%,0.08%,0.01%,0.03%,0.01%,0.04%,0.01%,0.03%,0.01%,0.03%,0.01,0.09,0.00,0.04,0.00,0.03,0.00,0.06,0.00,0.03,0.00,0.02,0.00,0.02,0.00,0.00,0.00,0.00,0.00,0.00,0.00,0.00,0.00,0.00,116.40,117.52,117.92,0.00,0.00,0.33,1.84%,0.00,0.10%,0.85%,0.04%,1.23%,0.02%,0.61%,0.02%,0.76%,0.02%,0.32%,0.01%,0.20%,0.01%,0.17%,0.01%,0.09%,0.01%,0.06%,0.01%,0.03%,0.01%,0.04%,0.01%,0.04%,0.00,0.00,0.00,0.00,0.00,0.00,0.00,0.00,0.00,0.00,0.00,0.00,0.00,0.00,0.00,0.00,0.00,0.00,0.00,0.00,0.00,0.00,0.00,0.00,232.74,234.10,235.20,0.00,0.00,0.00,1.80%,0.00,0.10%,0.82%,0.04%,1.21%,0.02%,0.61%,0.02%,0.74%,0.02%,0.31%,0.01%,0.18%,0.01%,0.17%,0.01%,0.08%,0.01%,0.05%,0.01%,0.03%,0.01%,0.03%,0.01%,0.03%,0.00,0.00,0.00,0.00,0.00,0.00,0.00,0.00,0.00,0.00,0.00,0.00,0.00,0.00,0.00,0.00,0.00,0.00,0.00,0.00,0.00,0.00,0.00,0.00,120,0.661,72,84,59.94,59.98,60.06
27-Jul-2018 05:30:00,10.000,Y,116.32,117.54,117.88,0.92,1.00,1.05,1.76%,0.12,0.15%,0.81%,0.05%,1.15%,0.04%,0.61%,0.03%,0.68%,0.02%,0.36%,0.02%,0.21%,0.02%,0.22%,0.01%,0.11%,0.01%,0.05%,0.01%,0.07%,0.01%,0.03%,0.01%,0.04%,0.01,0.08,0.00,0.04,0.00,0.03,0.00,0.06,0.00,0.03,0.00,0.02,0.00,0.02,0.00,0.00,0.00,0.00,0.00,0.00,0.00,0.00,0.00,0.00,116.38,117.62,118.04,0.00,0.00,0.34,1.87%,0.00,0.15%,0.89%,0.05%,1.20%,0.03%,0.63%,0.03%,0.72%,0.02%,0.40%,0.02%,0.24%,0.02%,0.23%,0.02%,0.12%,0.01%,0.08%,0.01%,0.08%,0.01%,0.04%,0.01%,0.07%,0.00,0.00,0.00,0.00,0.00,0.00,0.00,0.00,0.00,0.00,0.00,0.00,0.00,0.00,0.00,0.00,0.00,0.00,0.00,0.00,0.00,0.00,0.00,0.00,232.28,234.38,234.98,0.00,0.00,0.00,1.81%,0.00,0.15%,0.85%,0.05%,1.17%,0.03%,0.62%,0.03%,0.70%,0.02%,0.38%,0.02%,0.22%,0.02%,0.22%,0.01%,0.11%,0.01%,0.07%,0.01%,0.07%,0.01%,0.04%,0.01%,0.05%,0.00,0.00,0.00,0.00,0.00,0.00,0.00,0.00,0.00,0.00,0.00,0.00,0.00,0.00,0.00,0.00,0.00,0.00,0.00,0.00,0.00,0.00,0.00,0.00,120,0.660,72,84,59.96,60.01,60.05
27-Jul-2018 05:40:00,10.000,Y,115.70,117.48,118.34,0.92,1.00,1.05,1.72%,0.12,0.15%,0.86%,0.05%,1.13%,0.03%,0.58%,0.03%,0.55%,0.02%,0.37%,0.02%,0.20%,0.01%,0.21%,0.01%,0.12%,0.01%,0.05%,0.01%,0.10%,0.01%,0.03%,0.01%,0.02%,0.01,0.08,0.00,0.04,0.00,0.03,0.00,0.05,0.00,0.03,0.00,0.02,0.00,0.02,0.00,0.00,0.00,0.00,0.00,0.01,0.00,0.00,0.00,0.00,115.34,117.00,117.62,0.00,0.00,0.38,1.84%,0.00,0.15%,0.95%,0.06%,1.19%,0.04%,0.60%,0.03%,0.60%,0.02%,0.41%,0.02%,0.24%,0.02%,0.24%,0.01%,0.14%,0.01%,0.08%,0.01%,0.12%,0.01%,0.04%,0.01%,0.05%,0.00,0.00,0.00,0.00,0.00,0.00,0.00,0.00,0.00,0.00,0.00,0.00,0.00,0.00,0.00,0.00,0.00,0.00,0.00,0.00,0.00,0.00,0.00,0.00,230.28,233.70,234.80,0.00,0.00,0.00,1.78%,0.00,0.15%,0.90%,0.06%,1.16%,0.03%,0.59%,0.03%,0.58%,0.02%,0.39%,0.02%,0.22%,0.01%,0.22%,0.01%,0.13%,0.01%,0.07%,0.01%,0.10%,0.01%,0.03%,0.01%,0.03%,0.00,0.00,0.00,0.00,0.00,0.00,0.00,0.00,0.00,0.00,0.00,0.00,0.00,0.00,0.00,0.00,0.00,0.00,0.00,0.00,0.00,0.00,0.00,0.00,120,0.660,72,84,59.96,60.01,60.06
27-Jul-2018 05:50:00,10.000,Y,115.42,116.72,117.94,0.06,1.60,1.81,1.70%,0.05,0.16%,0.90%,0.06%,1.09%,0.04%,0.57%,0.03%,0.55%,0.02%,0.32%,0.02%,0.22%,0.02%,0.18%,0.02%,0.13%,0.01%,0.05%,0.01%,0.08%,0.01%,0.03%,0.01%,0.01%,0.01,0.02,0.00,0.03,0.00,0.01,0.00,0.01,0.00,0.01,0.00,0.01,0.00,0.01,0.00,0.00,0.00,0.00,0.00,0.00,0.00,0.00,0.00,0.00,116.02,117.26,117.84,0.00,0.00,0.35,1.85%,0.00,0.16%,1.00%,0.06%,1.15%,0.04%,0.60%,0.03%,0.61%,0.02%,0.38%,0.02%,0.25%,0.02%,0.23%,0.02%,0.14%,0.01%,0.08%,0.01%,0.11%,0.01%,0.04%,0.01%,0.05%,0.00,0.00,0.00,0.00,0.00,0.00,0.00,0.00,0.00,0.00,0.00,0.00,0.00,0.00,0.00,0.00,0.00,0.00,0.00,0.00,0.00,0.00,0.00,0.00,231.56,233.18,234.16,0.00,0.00,0.00,1.77%,0.00,0.16%,0.95%,0.06%,1.12%,0.04%,0.58%,0.03%,0.58%,0.02%,0.35%,0.02%,0.23%,0.02%,0.20%,0.02%,0.13%,0.01%,0.07%,0.01%,0.09%,0.01%,0.03%,0.01%,0.03%,0.00,0.00,0.00,0.00,0.00,0.00,0.00,0.00,0.00,0.00,0.00,0.00,0.00,0.00,0.00,0.00,0.00,0.00,0.00,0.00,0.00,0.00,0.00,0.00,192,0.958,180,0,59.97,60.02,60.06
27-Jul-2018 06:00:00,10.000,Y,115.48,116.66,117.36,0.05,0.85,1.76,1.70%,0.02,0.12%,0.91%,0.04%,1.11%,0.03%,0.57%,0.02%,0.53%,0.02%,0.33%,0.02%,0.22%,0.01%,0.17%,0.01%,0.12%,0.01%,0.04%,0.01%,0.08%,0.01%,0.03%,0.01%,0.02%,0.00,0.01,0.00,0.01,0.00,0.01,0.00,0.01,0.00,0.00,0.00,0.00,0.00,0.00,0.00,0.00,0.00,0.00,0.00,0.00,0.00,0.00,0.00,0.00,115.88,116.86,117.42,0.00,0.00,0.34,1.88%,0.00,0.12%,1.02%,0.05%,1.19%,0.03%,0.60%,0.03%,0.60%,0.02%,0.40%,0.02%,0.25%,0.01%,0.22%,0.01%,0.14%,0.01%,0.08%,0.01%,0.11%,0.01%,0.04%,0.01%,0.06%,0.00,0.00,0.00,0.00,0.00,0.00,0.00,0.00,0.00,0.00,0.00,0.00,0.00,0.00,0.00,0.00,0.00,0.00,0.00,0.00,0.00,0.00,0.00,0.00,231.38,232.76,233.58,0.00,0.00,0.00,1.79%,0.00,0.12%,0.97%,0.05%,1.15%,0.03%,0.59%,0.02%,0.56%,0.02%,0.36%,0.02%,0.23%,0.01%,0.20%,0.01%,0.13%,0.01%,0.06%,0.01%,0.09%,0.01%,0.03%,0.01%,0.03%,0.00,0.00,0.00,0.00,0.00,0.00,0.00,0.00,0.00,0.00,0.00,0.00,0.00,0.00,0.00,0.00,0.00,0.00,0.00,0.00,0.00,0.00,0.00,0.00,96,-0.997,96,0,59.95,59.99,60.05
27-Jul-2018 06:10:00,10.000,Y,115.40,116.76,117.34,0.00,0.00,0.14,1.74%,0.00,0.12%,0.98%,0.04%,1.06%,0.03%,0.62%,0.02%,0.55%,0.02%,0.32%,0.02%,0.24%,0.01%,0.18%,0.01%,0.12%,0.01%,0.05%,0.01%,0.09%,0.01%,0.03%,0.01%,0.02%,0.00,0.00,0.00,0.00,0.00,0.00,0.00,0.00,0.00,0.00,0.00,0.00,0.00,0.00,0.00,0.00,0.00,0.00,0.00,0.00,0.00,0.00,0.00,0.00,115.44,116.52,117.06,0.00,0.00,0.34,1.86%,0.00,0.12%,1.08%,0.04%,1.13%,0.03%,0.62%,0.02%,0.58%,0.02%,0.35%,0.02%,0.25%,0.01%,0.21%,0.01%,0.15%,0.01%,0.07%,0.01%,0.10%,0.01%,0.04%,0.01%,0.06%,0.00,0.00,0.00,0.00,0.00,0.00,0.00,0.00,0.00,0.00,0.00,0.00,0.00,0.00,0.00,0.00,0.00,0.00,0.00,0.00,0.00,0.00,0.00,0.00,230.46,232.48,233.62,0.00,0.00,0.00,1.80%,0.00,0.12%,1.03%,0.04%,1.09%,0.03%,0.62%,0.02%,0.56%,0.02%,0.34%,0.02%,0.24%,0.01%,0.19%,0.01%,0.13%,0.01%,0.06%,0.01%,0.09%,0.01%,0.04%,0.01%,0.04%,0.00,0.00,0.00,0.00,0.00,0.00,0.00,0.00,0.00,0.00,0.00,0.00,0.00,0.00,0.00,0.00,0.00,0.00,0.00,0.00,0.00,0.00,0.00,0.00,0,1.000,0,0,59.95,60.00,60.04
27-Jul-2018 06:20:00,10.000,Y,115.50,116.66,117.48,0.04,0.40,13.71,1.77%,0.05,0.12%,1.03%,0.04%,1.07%,0.03%,0.64%,0.02%,0.55%,0.02%,0.32%,0.02%,0.23%,0.01%,0.18%,0.01%,0.13%,0.01%,0.05%,0.01%,0.09%,0.01%,0.03%,0.01%,0.03%,0.01,0.04,0.00,0.01,0.00,0.01,0.00,0.02,0.00,0.01,0.00,0.01,0.00,0.01,0.00,0.00,0.00,0.00,0.00,0.00,0.00,0.00,0.00,0.00,115.32,116.52,117.50,0.00,0.00,0.36,1.89%,0.00,0.12%,1.14%,0.04%,1.11%,0.03%,0.64%,0.02%,0.58%,0.02%,0.35%,0.02%,0.26%,0.01%,0.20%,0.01%,0.15%,0.01%,0.08%,0.01%,0.10%,0.01%,0.04%,0.01%,0.06%,0.00,0.00,0.00,0.00,0.00,0.00,0.00,0.00,0.00,0.00,0.00,0.00,0.00,0.00,0.00,0.00,0.00,0.00,0.00,0.00,0.00,0.00,0.00,0.00,230.66,232.40,234.20,0.00,0.00,0.00,1.83%,0.00,0.12%,1.08%,0.04%,1.09%,0.03%,0.64%,0.02%,0.56%,0.02%,0.34%,0.02%,0.24%,0.01%,0.19%,0.01%,0.14%,0.01%,0.07%,0.01%,0.09%,0.01%,0.04%,0.01%,0.04%,0.00,0.00,0.00,0.00,0.00,0.00,0.00,0.00,0.00,0.00,0.00,0.00,0.00,0.00,0.00,0.00,0.00,0.00,0.00,0.00,0.00,0.00,0.00,0.00,48,0.901,36,24,59.95,60.00,60.07
27-Jul-2018 06:30:00,10.000,Y,116.10,117.42,118.06,0.96,1.04,1.11,1.81%,0.13,0.13%,1.01%,0.05%,1.14%,0.03%,0.61%,0.02%,0.56%,0.02%,0.33%,0.02%,0.20%,0.02%,0.19%,0.01%,0.12%,0.01%,0.05%,0.01%,0.09%,0.01%,0.04%,0.01%,0.02%,0.01,0.10,0.00,0.04,0.00,0.03,0.00,0.06,0.00,0.04,0.00,0.02,0.00,0.02,0.00,0.00,0.00,0.01,0.00,0.01,0.00,0.00,0.00,0.00,115.00,116.60,117.50,0.00,0.00,0.40,1.90%,0.00,0.13%,1.12%,0.05%,1.17%,0.03%,0.62%,0.02%,0.57%,0.02%,0.35%,0.02%,0.24%,0.02%,0.21%,0.02%,0.14%,0.01%,0.08%,0.01%,0.09%,0.01%,0.04%,0.01%,0.05%,0.00,0.00,0.00,0.00,0.00,0.00,0.00,0.00,0.00,0.00,0.00,0.00,0.00,0.00,0.00,0.00,0.00,0.00,0.00,0.00,0.00,0.00,0.00,0.00,230.84,233.24,234.40,0.00,0.00,0.00,1.85%,0.00,0.13%,1.07%,0.05%,1.15%,0.03%,0.61%,0.02%,0.57%,0.02%,0.34%,0.02%,0.22%,0.01%,0.20%,0.01%,0.13%,0.01%,0.07%,0.01%,0.09%,0.01%,0.04%,0.01%,0.04%,0.00,0.00,0.00,0.00,0.00,0.00,0.00,0.00,0.00,0.00,0.00,0.00,0.00,0.00,0.00,0.00,0.00,0.00,0.00,0.00,0.00,0.00,0.00,0.00,120,0.688,84,84,59.95,60.01,60.06
27-Jul-2018 06:40:00,10.000,Y,116.56,117.56,117.88,0.95,1.02,1.08,1.85%,0.13,0.14%,1.04%,0.05%,1.16%,0.03%,0.64%,0.02%,0.57%,0.02%,0.33%,0.02%,0.22%,0.02%,0.21%,0.01%,0.13%,0.01%,0.06%,0.01%,0.10%,0.01%,0.04%,0.01%,0.03%,0.01,0.09,0.00,0.04,0.00,0.03,0.00,0.06,0.00,0.03,0.00,0.02,0.00,0.02,0.00,0.00,0.00,0.01,0.00,0.01,0.00,0.00,0.00,0.00,115.94,116.88,117.36,0.00,0.00,0.34,1.98%,0.00,0.14%,1.19%,0.05%,1.20%,0.04%,0.65%,0.02%,0.58%,0.02%,0.34%,0.02%,0.26%,0.02%,0.23%,0.01%,0.15%,0.01%,0.08%,0.01%,0.10%,0.01%,0.05%,0.01%,0.06%,0.00,0.00,0.00,0.00,0.00,0.00,0.00,0.00,0.00,0.00,0.00,0.00,0.00,0.00,0.00,0.00,0.00,0.00,0.00,0.00,0.00,0.00,0.00,0.00,232.24,233.64,234.26,0.00,0.00,0.00,1.91%,0.00,0.14%,1.11%,0.05%,1.18%,0.04%,0.64%,0.02%,0.57%,0.02%,0.34%,0.02%,0.24%,0.02%,0.22%,0.01%,0.14%,0.01%,0.07%,0.01%,0.09%,0.01%,0.05%,0.01%,0.04%,0.00,0.00,0.00,0.00,0.00,0.00,0.00,0.00,0.00,0.00,0.00,0.00,0.00,0.00,0.00,0.00,0.00,0.00,0.00,0.00,0.00,0.00,0.00,0.00,120,0.678,84,84,59.95,60.00,60.06
27-Jul-2018 06:50:00,10.000,Y,116.32,117.62,117.96,0.94,1.02,1.08,1.92%,0.13,0.11%,1.07%,0.04%,1.22%,0.03%,0.66%,0.03%,0.57%,0.02%,0.31%,0.01%,0.26%,0.01%,0.22%,0.01%,0.13%,0.01%,0.06%,0.01%,0.10%,0.01%,0.04%,0.01%,0.04%,0.01,0.09,0.00,0.04,0.00,0.03,0.00,0.05,0.00,0.03,0.00,0.02,0.00,0.02,0.00,0.00,0.00,0.01,0.00,0.01,0.00,0.00,0.00,0.00,115.44,116.54,116.90,0.00,0.00,0.39,1.94%,0.00,0.11%,1.11%,0.04%,1.21%,0.03%,0.65%,0.03%,0.59%,0.02%,0.33%,0.01%,0.27%,0.01%,0.22%,0.01%,0.14%,0.01%,0.07%,0.01%,0.09%,0.01%,0.05%,0.01%,0.06%,0.00,0.00,0.00,0.00,0.00,0.00,0.00,0.00,0.00,0.00,0.00,0.00,0.00,0.00,0.00,0.00,0.00,0.00,0.00,0.00,0.00,0.00,0.00,0.00,231.00,233.38,234.04,0.00,0.00,0.00,1.93%,0.00,0.11%,1.09%,0.04%,1.22%,0.03%,0.66%,0.03%,0.58%,0.02%,0.32%,0.01%,0.26%,0.01%,0.22%,0.01%,0.13%,0.01%,0.07%,0.01%,0.09%,0.01%,0.05%,0.01%,0.05%,0.00,0.00,0.00,0.00,0.00,0.00,0.00,0.00,0.00,0.00,0.00,0.00,0.00,0.00,0.00,0.00,0.00,0.00,0.00,0.00,0.00,0.00,0.00,0.00,120,0.672,84,84,59.95,59.99,60.05
27-Jul-2018 07:00:00,10.000,Y,116.10,117.48,117.86,0.94,1.01,1.07,1.97%,0.13,0.15%,1.10%,0.05%,1.24%,0.04%,0.69%,0.03%,0.58%,0.02%,0.32%,0.02%,0.26%,0.02%,0.23%,0.02%,0.13%,0.01%,0.06%,0.01%,0.10%,0.01%,0.05%,0.01%,0.03%,0.01,0.09,0.00,0.04,0.00,0.03,0.00,0.06,0.00,0.03,0.00,0.02,0.00,0.02,0.00,0.00,0.00,0.01,0.00,0.01,0.00,0.00,0.00,0.00,115.76,117.16,117.76,0.00,0.00,0.34,1.98%,0.00,0.14%,1.14%,0.05%,1.23%,0.04%,0.64%,0.03%,0.61%,0.02%,0.35%,0.02%,0.27%,0.02%,0.24%,0.01%,0.15%,0.01%,0.07%,0.01%,0.08%,0.01%,0.06%,0.01%,0.05%,0.00,0.00,0.00,0.00,0.00,0.00,0.00,0.00,0.00,0.00,0.00,0.00,0.00,0.00,0.00,0.00,0.00,0.00,0.00,0.00,0.00,0.00,0.00,0.00,231.10,233.84,234.66,0.00,0.00,0.00,1.97%,0.00,0.14%,1.12%,0.05%,1.24%,0.03%,0.66%,0.03%,0.59%,0.02%,0.33%,0.02%,0.26%,0.02%,0.23%,0.01%,0.14%,0.01%,0.06%,0.01%,0.09%,0.01%,0.06%,0.01%,0.04%,0.00,0.00,0.00,0.00,0.00,0.00,0.00,0.00,0.00,0.00,0.00,0.00,0.00,0.00,0.00,0.00,0.00,0.00,0.00,0.00,0.00,0.00,0.00,0.00,120,0.671,84,84,59.94,60.01,60.07
27-Jul-2018 07:10:00,10.000,Y,116.38,117.30,118.10,0.94,1.01,1.08,1.95%,0.13,0.16%,1.12%,0.06%,1.22%,0.04%,0.66%,0.03%,0.58%,0.02%,0.31%,0.02%,0.25%,0.02%,0.22%,0.02%,0.13%,0.01%,0.05%,0.01%,0.10%,0.01%,0.05%,0.01%,0.02%,0.01,0.09,0.00,0.04,0.00,0.03,0.00,0.05,0.00,0.03,0.00,0.02,0.00,0.02,0.00,0.00,0.00,0.01,0.00,0.01,0.00,0.00,0.00,0.00,115.36,116.98,117.98,0.00,0.00,0.34,1.99%,0.00,0.16%,1.15%,0.06%,1.22%,0.04%,0.65%,0.03%,0.62%,0.02%,0.35%,0.02%,0.26%,0.02%,0.23%,0.02%,0.15%,0.01%,0.08%,0.01%,0.08%,0.01%,0.06%,0.01%,0.04%,0.00,0.00,0.00,0.00,0.00,0.00,0.00,0.00,0.00,0.00,0.00,0.00,0.00,0.00,0.00,0.00,0.00,0.00,0.00,0.00,0.00,0.00,0.00,0.00,231.54,233.48,235.08,0.00,0.00,0.00,1.97%,0.00,0.16%,1.13%,0.06%,1.22%,0.04%,0.66%,0.03%,0.60%,0.02%,0.33%,0.02%,0.25%,0.02%,0.22%,0.02%,0.14%,0.01%,0.06%,0.01%,0.08%,0.01%,0.06%,0.01%,0.03%,0.00,0.00,0.00,0.00,0.00,0.00,0.00,0.00,0.00,0.00,0.00,0.00,0.00,0.00,0.00,0.00,0.00,0.00,0.00,0.00,0.00,0.00,0.00,0.00,120,0.672,84,84,59.96,60.02,60.06
27-Jul-2018 07:20:00,10.000,Y,116.04,117.34,117.94,0.93,1.01,1.06,1.91%,0.13,0.10%,1.08%,0.04%,1.24%,0.02%,0.64%,0.02%,0.55%,0.02%,0.31%,0.01%,0.25%,0.01%,0.22%,0.01%,0.11%,0.01%,0.06%,0.01%,0.09%,0.01%,0.04%,0.01%,0.02%,0.01,0.09,0.00,0.04,0.00,0.03,0.00,0.05,0.00,0.03,0.00,0.02,0.00,0.02,0.00,0.00,0.00,0.01,0.00,0.01,0.00,0.00,0.00,0.00,116.04,117.80,118.36,0.00,0.00,0.35,1.97%,0.00,0.10%,1.13%,0.04%,1.24%,0.02%,0.64%,0.02%,0.61%,0.02%,0.35%,0.02%,0.26%,0.01%,0.24%,0.01%,0.13%,0.01%,0.08%,0.01%,0.07%,0.01%,0.06%,0.01%,0.04%,0.00,0.00,0.00,0.00,0.00,0.00,0.00,0.00,0.00,0.00,0.00,0.00,0.00,0.00,0.00,0.00,0.00,0.00,0.00,0.00,0.00,0.00,0.00,0.00,231.34,234.34,235.50,0.00,0.00,0.00,1.94%,0.00,0.10%,1.10%,0.04%,1.24%,0.02%,0.64%,0.02%,0.58%,0.02%,0.33%,0.01%,0.26%,0.01%,0.23%,0.01%,0.12%,0.01%,0.07%,0.01%,0.08%,0.01%,0.05%,0.01%,0.02%,0.00,0.00,0.00,0.00,0.00,0.00,0.00,0.00,0.00,0.00,0.00,0.00,0.00,0.00,0.00,0.00,0.00,0.00,0.00,0.00,0.00,0.00,0.00,0.00,120,0.670,84,84,59.94,59.98,60.03
27-Jul-2018 07:30:00,10.000,Y,116.24,117.48,118.02,0.93,1.01,1.07,1.96%,0.13,0.14%,1.11%,0.05%,1.25%,0.03%,0.66%,0.02%,0.56%,0.02%,0.32%,0.02%,0.27%,0.02%,0.22%,0.01%,0.13%,0.01%,0.05%,0.01%,0.10%,0.01%,0.05%,0.01%,0.01%,0.01,0.09,0.00,0.04,0.00,0.03,0.00,0.05,0.00,0.03,0.00,0.02,0.00,0.02,0.00,0.00,0.00,0.01,0.00,0.00,0.00,0.00,0.00,0.00,116.46,117.70,118.22,0.00,0.00,0.34,2.01%,0.00,0.14%,1.17%,0.05%,1.24%,0.03%,0.65%,0.03%,0.60%,0.02%,0.36%,0.02%,0.28%,0.01%,0.23%,0.01%,0.15%,0.01%,0.08%,0.01%,0.08%,0.01%,0.07%,0.01%,0.04%,0.00,0.00,0.00,0.00,0.00,0.00,0.00,0.00,0.00,0.00,0.00,0.00,0.00,0.00,0.00,0.00,0.00,0.00,0.00,0.00,0.00,0.00,0.00,0.00,231.96,234.40,235.32,0.00,0.00,0.00,1.98%,0.00,0.14%,1.14%,0.05%,1.25%,0.03%,0.65%,0.02%,0.58%,0.02%,0.34%,0.02%,0.27%,0.01%,0.22%,0.01%,0.14%,0.01%,0.06%,0.01%,0.08%,0.01%,0.06%,0.01%,0.03%,0.00,0.00,0.00,0.00,0.00,0.00,0.00,0.00,0.00,0.00,0.00,0.00,0.00,0.00,0.00,0.00,0.00,0.00,0.00,0.00,0.00,0.00,0.00,0.00,120,0.671,84,84,59.95,60.01,60.07
27-Jul-2018 07:40:00,10.000,Y,115.82,117.00,117.56,0.93,1.01,1.07,1.96%,0.13,0.13%,1.12%,0.05%,1.22%,0.03%,0.66%,0.02%,0.61%,0.02%,0.32%,0.02%,0.26%,0.01%,0.23%,0.01%,0.12%,0.01%,0.05%,0.01%,0.11%,0.01%,0.06%,0.01%,0.01%,0.01,0.09,0.00,0.04,0.00,0.03,0.00,0.06,0.00,0.03,0.00,0.03,0.00,0.02,0.00,0.01,0.00,0.01,0.00,0.01,0.00,0.00,0.00,0.00,116.10,117.32,117.82,0.00,0.00,0.34,2.00%,0.00,0.13%,1.16%,0.05%,1.24%,0.03%,0.65%,0.02%,0.61%,0.02%,0.35%,0.02%,0.27%,0.01%,0.22%,0.01%,0.14%,0.01%,0.08%,0.01%,0.09%,0.01%,0.07%,0.01%,0.04%,0.00,0.00,0.00,0.00,0.00,0.00,0.00,0.00,0.00,0.00,0.00,0.00,0.00,0.00,0.00,0.00,0.00,0.00,0.00,0.00,0.00,0.00,0.00,0.00,231.20,233.54,234.46,0.00,0.00,0.00,1.97%,0.00,0.13%,1.14%,0.04%,1.23%,0.03%,0.65%,0.02%,0.61%,0.02%,0.33%,0.02%,0.26%,0.01%,0.22%,0.01%,0.13%,0.01%,0.06%,0.01%,0.09%,0.01%,0.06%,0.01%,0.02%,0.00,0.00,0.00,0.00,0.00,0.00,0.00,0.00,0.00,0.00,0.00,0.00,0.00,0.00,0.00,0.00,0.00,0.00,0.00,0.00,0.00,0.00,0.00,0.00,120,0.671,84,84,59.95,60.00,60.06
27-Jul-2018 07:50:00,10.000,Y,116.32,117.10,117.58,0.93,1.01,1.07,1.98%,0.13,0.11%,1.12%,0.04%,1.24%,0.03%,0.67%,0.02%,0.61%,0.02%,0.31%,0.02%,0.27%,0.01%,0.24%,0.01%,0.13%,0.01%,0.04%,0.01%,0.11%,0.01%,0.06%,0.01%,0.01%,0.01,0.09,0.00,0.04,0.00,0.03,0.00,0.06,0.00,0.03,0.00,0.03,0.00,0.02,0.00,0.01,0.00,0.01,0.00,0.01,0.00,0.00,0.00,0.00,116.34,117.32,117.74,0.01,0.01,0.35,2.05%,0.00,0.11%,1.22%,0.04%,1.27%,0.03%,0.64%,0.02%,0.59%,0.02%,0.34%,0.02%,0.29%,0.01%,0.24%,0.01%,0.14%,0.01%,0.08%,0.01%,0.09%,0.01%,0.06%,0.01%,0.05%,0.00,0.00,0.00,0.00,0.00,0.00,0.00,0.00,0.00,0.00,0.00,0.00,0.00,0.00,0.00,0.00,0.00,0.00,0.00,0.00,0.00,0.00,0.00,0.00,232.04,233.66,234.30,0.00,0.00,0.00,2.01%,0.00,0.11%,1.17%,0.04%,1.26%,0.02%,0.65%,0.02%,0.60%,0.02%,0.33%,0.02%,0.28%,0.01%,0.23%,0.01%,0.13%,0.01%,0.06%,0.01%,0.10%,0.01%,0.06%,0.01%,0.03%,0.00,0.00,0.00,0.00,0.00,0.00,0.00,0.00,0.00,0.00,0.00,0.00,0.00,0.00,0.00,0.00,0.00,0.00,0.00,0.00,0.00,0.00,0.00,0.00,120,0.671,84,84,59.96,59.99,60.04
27-Jul-2018 08:00:00,10.000,Y,115.92,117.44,119.98,0.93,1.34,12.23,2.02%,0.34,0.12%,1.16%,0.05%,1.27%,0.03%,0.66%,0.03%,0.60%,0.02%,0.30%,0.02%,0.26%,0.01%,0.24%,0.01%,0.12%,0.01%,0.05%,0.01%,0.11%,0.01%,0.06%,0.01%,0.02%,0.01,0.25,0.00,0.13,0.00,0.09,0.00,0.12,0.00,0.08,0.00,0.06,0.00,0.05,0.00,0.03,0.00,0.02,0.00,0.02,0.00,0.01,0.00,0.00,116.04,117.46,121.18,0.10,0.10,3.18,2.09%,0.02,0.13%,1.24%,0.05%,1.31%,0.03%,0.65%,0.03%,0.60%,0.02%,0.33%,0.02%,0.28%,0.01%,0.24%,0.01%,0.14%,0.01%,0.08%,0.01%,0.09%,0.01%,0.06%,0.01%,0.05%,0.00,0.02,0.00,0.01,0.00,0.01,0.00,0.00,0.00,0.00,0.00,0.00,0.00,0.00,0.00,0.00,0.00,0.00,0.00,0.00,0.00,0.00,0.00,0.00,231.36,234.12,240.22,0.00,0.00,0.00,2.05%,0.00,0.12%,1.20%,0.05%,1.29%,0.03%,0.65%,0.03%,0.60%,0.02%,0.31%,0.02%,0.26%,0.01%,0.24%,0.01%,0.13%,0.01%,0.06%,0.01%,0.09%,0.01%,0.06%,0.01%,0.03%,0.00,0.00,0.00,0.00,0.00,0.00,0.00,0.00,0.00,0.00,0.00,0.00,0.00,0.00,0.00,0.00,0.00,0.00,0.00,0.00,0.00,0.00,0.00,0.00,168,0.703,120,84,59.95,60.00,60.05
27-Jul-2018 08:10:00,10.000,Y,117.22,118.34,119.20,3.31,3.51,6.14,2.16%,1.92,0.12%,1.15%,0.05%,1.57%,0.03%,0.62%,0.02%,0.55%,0.02%,0.08%,0.02%,0.09%,0.01%,0.30%,0.01%,0.11%,0.01%,0.05%,0.01%,0.15%,0.01%,0.04%,0.01%,0.02%,0.01,1.35,0.01,0.78,0.01,0.63,0.01,0.61,0.01,0.43,0.01,0.32,0.01,0.30,0.01,0.22,0.01,0.15,0.01,0.14,0.00,0.10,0.00,0.06,118.16,119.34,120.10,0.62,0.77,1.23,2.16%,0.31,0.13%,1.11%,0.05%,1.68%,0.03%,0.56%,0.02%,0.43%,0.02%,0.11%,0.01%,0.07%,0.01%,0.21%,0.01%,0.06%,0.01%,0.06%,0.01%,0.06%,0.01%,0.04%,0.01%,0.06%,0.00,0.23,0.00,0.17,0.00,0.10,0.00,0.05,0.00,0.01,0.00,0.03,0.00,0.03,0.00,0.02,0.00,0.00,0.00,0.01,0.00,0.01,0.00,0.01,235.40,236.88,238.48,0.00,0.00,0.00,2.15%,0.00,0.12%,1.13%,0.05%,1.63%,0.03%,0.58%,0.02%,0.48%,0.02%,0.08%,0.01%,0.04%,0.01%,0.25%,0.01%,0.08%,0.01%,0.02%,0.01%,0.10%,0.01%,0.02%,0.01%,0.03%,0.00,0.00,0.00,0.00,0.00,0.00,0.00,0.00,0.00,0.00,0.00,0.00,0.00,0.00,0.00,0.00,0.00,0.00,0.00,0.00,0.00,0.00,0.00,0.00,504,0.841,420,36,59.94,60.00,60.05
27-Jul-2018 08:20:00,10.000,Y,117.18,118.46,119.12,3.52,3.88,4.32,2.17%,2.17,0.11%,1.19%,0.04%,1.56%,0.03%,0.62%,0.02%,0.56%,0.02%,0.07%,0.01%,0.09%,0.01%,0.31%,0.01%,0.10%,0.01%,0.05%,0.01%,0.15%,0.01%,0.05%,0.01%,0.02%,0.02,1.56,0.01,0.90,0.01,0.70,0.01,0.66,0.01,0.46,0.01,0.33,0.01,0.31,0.01,0.23,0.01,0.16,0.01,0.15,0.01,0.11,0.01,0.08,116.12,118.54,119.24,0.62,0.74,1.25,2.22%,0.32,0.11%,1.19%,0.05%,1.71%,0.03%,0.56%,0.02%,0.43%,0.02%,0.11%,0.01%,0.08%,0.02%,0.21%,0.01%,0.07%,0.01%,0.06%,0.01%,0.06%,0.01%,0.03%,0.01%,0.06%,0.00,0.24,0.00,0.17,0.00,0.11,0.00,0.05,0.00,0.01,0.00,0.03,0.00,0.03,0.00,0.02,0.00,0.01,0.00,0.01,0.00,0.01,0.00,0.01,234.02,236.20,237.46,0.00,0.00,0.00,2.18%,0.00,0.11%,1.19%,0.04%,1.63%,0.03%,0.58%,0.02%,0.49%,0.02%,0.07%,0.01%,0.04%,0.01%,0.26%,0.01%,0.08%,0.01%,0.01%,0.01%,0.10%,0.01%,0.02%,0.01%,0.03%,0.00,0.00,0.00,0.00,0.00,0.00,0.00,0.00,0.00,0.00,0.00,0.00,0.00,0.00,0.00,0.00,0.00,0.00,0.00,0.00,0.00,0.00,0.00,0.00,540,0.830,444,24,59.95,59.99,60.04
27-Jul-2018 08:30:00,10.000,Y,116.24,117.84,118.52,3.56,3.75,9.25,2.21%,2.06,0.15%,1.25%,0.05%,1.57%,0.04%,0.63%,0.02%,0.54%,0.02%,0.07%,0.02%,0.08%,0.02%,0.30%,0.01%,0.09%,0.01%,0.05%,0.01%,0.15%,0.01%,0.04%,0.01%,0.03%,0.02,1.50,0.01,0.85,0.01,0.66,0.01,0.62,0.01,0.42,0.01,0.30,0.01,0.28,0.01,0.21,0.01,0.15,0.01,0.15,0.01,0.11,0.01,0.08,116.72,117.86,118.60,0.62,0.72,1.20,2.33%,0.32,0.15%,1.33%,0.05%,1.74%,0.04%,0.54%,0.02%,0.44%,0.02%,0.13%,0.02%,0.08%,0.02%,0.19%,0.01%,0.06%,0.01%,0.08%,0.01%,0.06%,0.01%,0.04%,0.01%,0.06%,0.01,0.24,0.00,0.17,0.00,0.10,0.00,0.05,0.00,0.01,0.00,0.03,0.00,0.03,0.00,0.02,0.00,0.01,0.00,0.01,0.00,0.01,0.00,0.01,232.78,234.90,235.80,0.00,0.00,0.00,2.26%,0.00,0.15%,1.29%,0.05%,1.66%,0.04%,0.58%,0.02%,0.48%,0.02%,0.08%,0.02%,0.05%,0.02%,0.24%,0.01%,0.06%,0.01%,0.02%,0.01%,0.10%,0.01%,0.01%,0.01%,0.03%,0.00,0.00,0.00,0.00,0.00,0.00,0.00,0.00,0.00,0.00,0.00,0.00,0.00,0.00,0.00,0.00,0.00,0.00,0.00,0.00,0.00,0.00,0.00,0.00,528,0.836,432,24,59.96,60.01,60.05
27-Jul-2018 08:40:00,10.000,Y,116.96,118.06,118.60,3.56,4.01,10.88,2.22%,2.28,0.14%,1.24%,0.05%,1.57%,0.03%,0.64%,0.02%,0.56%,0.02%,0.08%,0.02%,0.09%,0.02%,0.31%,0.01%,0.11%,0.01%,0.05%,0.01%,0.16%,0.01%,0.04%,0.01%,0.02%,0.01,1.64,0.01,0.95,0.01,0.74,0.01,0.70,0.01,0.48,0.01,0.34,0.01,0.32,0.01,0.24,0.01,0.17,0.01,0.16,0.01,0.12,0.01,0.08,115.44,117.82,118.64,0.63,0.72,1.22,2.22%,0.33,0.15%,1.21%,0.06%,1.70%,0.03%,0.55%,0.02%,0.40%,0.02%,0.11%,0.02%,0.09%,0.02%,0.19%,0.01%,0.06%,0.01%,0.06%,0.01%,0.06%,0.01%,0.04%,0.01%,0.05%,0.00,0.24,0.00,0.17,0.00,0.11,0.00,0.05,0.00,0.01,0.00,0.03,0.00,0.03,0.00,0.02,0.00,0.00,0.00,0.01,0.00,0.01,0.00,0.01,231.76,235.08,236.18,0.00,0.00,0.00,2.21%,0.00,0.14%,1.23%,0.05%,1.63%,0.03%,0.59%,0.02%,0.48%,0.02%,0.07%,0.02%,0.04%,0.01%,0.25%,0.01%,0.07%,0.01%,0.02%,0.01%,0.11%,0.01%,0.01%,0.01%,0.02%,0.00,0.00,0.00,0.00,0.00,0.00,0.00,0.00,0.00,0.00,0.00,0.00,0.00,0.00,0.00,0.00,0.00,0.00,0.00,0.00,0.00,0.00,0.00,0.00,552,0.825,456,24,59.94,60.02,60.08
27-Jul-2018 08:50:00,10.000,Y,115.02,117.78,118.24,3.55,3.75,4.17,2.24%,2.08,0.13%,1.27%,0.05%,1.59%,0.04%,0.62%,0.03%,0.55%,0.02%,0.06%,0.02%,0.10%,0.02%,0.30%,0.01%,0.09%,0.01%,0.05%,0.01%,0.15%,0.01%,0.03%,0.01%,0.03%,0.01,1.51,0.01,0.87,0.01,0.67,0.01,0.63,0.01,0.43,0.01,0.31,0.01,0.30,0.01,0.22,0.01,0.15,0.01,0.15,0.01,0.10,0.00,0.07,114.98,117.90,118.34,0.63,0.74,1.33,2.33%,0.33,0.13%,1.28%,0.05%,1.77%,0.04%,0.58%,0.02%,0.45%,0.02%,0.15%,0.02%,0.10%,0.02%,0.19%,0.01%,0.06%,0.01%,0.07%,0.01%,0.09%,0.01%,0.03%,0.01%,0.05%,0.00,0.25,0.00,0.18,0.00,0.10,0.00,0.04,0.00,0.02,0.00,0.04,0.00,0.04,0.00,0.03,0.00,0.01,0.00,0.01,0.00,0.01,0.00,0.01,229.22,234.88,235.66,0.00,0.00,0.00,2.27%,0.00,0.13%,1.27%,0.05%,1.68%,0.03%,0.59%,0.03%,0.50%,0.02%,0.09%,0.02%,0.05%,0.01%,0.25%,0.01%,0.06%,0.01%,0.02%,0.01%,0.12%,0.01%,0.02%,0.01%,0.02%,0.00,0.00,0.00,0.00,0.00,0.00,0.00,0.00,0.00,0.00,0.00,0.00,0.00,0.00,0.00,0.00,0.00,0.00,0.00,0.00,0.00,0.00,0.00,0.00,528,0.833,444,24,59.95,60.00,60.05
27-Jul-2018 09:00:00,10.000,Y,117.12,118.24,119.16,3.56,4.02,4.45,2.27%,2.31,0.14%,1.28%,0.05%,1.60%,0.03%,0.62%,0.02%,0.59%,0.02%,0.08%,0.02%,0.11%,0.01%,0.33%,0.01%,0.12%,0.01%,0.05%,0.01%,0.16%,0.01%,0.04%,0.01%,0.02%,0.02,1.65,0.01,0.96,0.01,0.75,0.01,0.72,0.01,0.50,0.01,0.37,0.01,0.34,0.01,0.25,0.01,0.16,0.01,0.15,0.01,0.10,0.01,0.07,117.16,118.56,119.58,0.62,0.73,1.20,2.35%,0.32,0.14%,1.26%,0.05%,1.79%,0.03%,0.60%,0.02%,0.48%,0.02%,0.14%,0.02%,0.10%,0.01%,0.21%,0.01%,0.07%,0.01%,0.07%,0.01%,0.09%,0.01%,0.04%,0.01%,0.06%,0.00,0.24,0.00,0.17,0.00,0.10,0.00,0.04,0.00,0.02,0.00,0.04,0.00,0.04,0.00,0.03,0.00,0.01,0.00,0.01,0.00,0.01,0.00,0.01,233.92,236.00,237.20,0.00,0.00,0.00,2.30%,0.00,0.14%,1.27%,0.05%,1.70%,0.03%,0.60%,0.02%,0.53%,0.02%,0.09%,0.02%,0.06%,0.01%,0.26%,0.01%,0.08%,0.01%,0.02%,0.01%,0.12%,0.01%,0.02%,0.01%,0.02%,0.00,0.00,0.00,0.00,0.00,0.00,0.00,0.00,0.00,0.00,0.00,0.00,0.00,0.00,0.00,0.00,0.00,0.00,0.00,0.00,0.00,0.00,0.00,0.00,552,0.822,456,12,59.95,60.01,60.06
27-Jul-2018 09:10:00,10.000,Y,117.26,118.60,119.28,3.58,3.95,4.38,2.28%,2.25,0.14%,1.32%,0.05%,1.60%,0.03%,0.62%,0.02%,0.57%,0.02%,0.07%,0.02%,0.10%,0.01%,0.32%,0.01%,0.11%,0.01%,0.05%,0.01%,0.16%,0.01%,0.04%,0.01%,0.02%,0.01,1.61,0.01,0.94,0.01,0.72,0.01,0.69,0.01,0.49,0.01,0.36,0.01,0.34,0.01,0.25,0.01,0.17,0.01,0.16,0.01,0.11,0.01,0.07,115.58,117.20,119.58,0.64,0.73,1.31,2.35%,0.33,0.14%,1.32%,0.05%,1.76%,0.03%,0.58%,0.02%,0.46%,0.02%,0.13%,0.02%,0.12%,0.01%,0.21%,0.01%,0.07%,0.01%,0.08%,0.01%,0.09%,0.01%,0.04%,0.01%,0.06%,0.00,0.25,0.00,0.17,0.00,0.10,0.00,0.04,0.00,0.02,0.00,0.04,0.00,0.04,0.00,0.03,0.00,0.01,0.00,0.01,0.00,0.01,0.00,0.01,233.06,235.02,237.64,0.00,0.00,0.00,2.30%,0.00,0.14%,1.32%,0.05%,1.68%,0.03%,0.59%,0.02%,0.52%,0.02%,0.08%,0.02%,0.07%,0.01%,0.26%,0.01%,0.07%,0.01%,0.02%,0.01%,0.12%,0.01%,0.02%,0.01%,0.02%,0.00,0.00,0.00,0.00,0.00,0.00,0.00,0.00,0.00,0.00,0.00,0.00,0.00,0.00,0.00,0.00,0.00,0.00,0.00,0.00,0.00,0.00,0.00,0.00,552,0.824,456,24,59.96,60.01,60.05
27-Jul-2018 09:20:00,10.000,Y,116.42,117.86,118.52,3.91,4.31,4.45,2.23%,2.55,0.11%,1.29%,0.04%,1.55%,0.03%,0.61%,0.02%,0.58%,0.01%,0.07%,0.01%,0.11%,0.01%,0.33%,0.01%,0.12%,0.01%,0.05%,0.01%,0.17%,0.01%,0.05%,0.01%,0.02%,0.01,1.81,0.01,1.07,0.01,0.82,0.01,0.78,0.01,0.56,0.01,0.42,0.01,0.38,0.01,0.28,0.01,0.18,0.01,0.16,0.01,0.11,0.00,0.07,116.42,117.66,118.44,0.63,0.73,1.33,2.30%,0.32,0.11%,1.28%,0.04%,1.72%,0.03%,0.58%,0.02%,0.47%,0.02%,0.14%,0.01%,0.11%,0.01%,0.20%,0.01%,0.06%,0.01%,0.09%,0.01%,0.08%,0.01%,0.04%,0.01%,0.07%,0.00,0.24,0.00,0.17,0.00,0.10,0.00,0.04,0.00,0.02,0.00,0.04,0.00,0.04,0.00,0.03,0.00,0.01,0.00,0.01,0.00,0.01,0.00,0.01,233.12,234.72,235.52,0.00,0.00,0.00,2.25%,0.00,0.11%,1.29%,0.04%,1.63%,0.02%,0.59%,0.02%,0.52%,0.01%,0.08%,0.01%,0.06%,0.01%,0.26%,0.01%,0.08%,0.01%,0.02%,0.01%,0.12%,0.01%,0.02%,0.01%,0.03%,0.00,0.00,0.00,0.00,0.00,0.00,0.00,0.00,0.00,0.00,0.00,0.00,0.00,0.00,0.00,0.00,0.00,0.00,0.00,0.00,0.00,0.00,0.00,0.00,588,0.831,480,12,59.95,59.99,60.03
27-Jul-2018 09:30:00,10.000,Y,116.88,118.00,118.68,3.57,3.98,7.99,2.26%,2.26,0.11%,1.31%,0.04%,1.55%,0.03%,0.67%,0.02%,0.59%,0.02%,0.07%,0.01%,0.12%,0.01%,0.32%,0.01%,0.11%,0.01%,0.04%,0.01%,0.16%,0.01%,0.05%,0.01%,0.02%,0.01,1.62,0.01,0.92,0.01,0.73,0.01,0.70,0.01,0.50,0.01,0.37,0.01,0.34,0.01,0.25,0.01,0.16,0.01,0.15,0.01,0.10,0.00,0.07,116.04,117.58,118.44,0.64,0.73,1.32,2.33%,0.32,0.11%,1.32%,0.04%,1.71%,0.03%,0.63%,0.02%,0.49%,0.02%,0.14%,0.01%,0.11%,0.01%,0.21%,0.01%,0.07%,0.01%,0.09%,0.01%,0.08%,0.01%,0.05%,0.01%,0.07%,0.00,0.24,0.00,0.17,0.00,0.10,0.00,0.04,0.00,0.02,0.00,0.04,0.00,0.04,0.00,0.03,0.00,0.01,0.00,0.01,0.00,0.01,0.00,0.01,232.64,234.78,235.96,0.00,0.00,0.00,2.28%,0.00,0.11%,1.31%,0.04%,1.63%,0.03%,0.64%,0.02%,0.54%,0.02%,0.08%,0.01%,0.07%,0.01%,0.27%,0.01%,0.08%,0.01%,0.03%,0.01%,0.12%,0.01%,0.03%,0.01%,0.03%,0.00,0.00,0.00,0.00,0.00,0.00,0.00,0.00,0.00,0.00,0.00,0.00,0.00,0.00,0.00,0.00,0.00,0.00,0.00,0.00,0.00,0.00,0.00,0.00,552,0.829,456,24,59.93,59.99,60.05
27-Jul-2018 09:40:00,10.000,Y,116.16,117.42,118.18,3.57,3.83,4.19,2.28%,2.13,0.13%,1.34%,0.05%,1.55%,0.03%,0.67%,0.02%,0.61%,0.02%,0.07%,0.02%,0.11%,0.01%,0.31%,0.01%,0.10%,0.01%,0.03%,0.01%,0.14%,0.01%,0.03%,0.01%,0.03%,0.01,1.53,0.01,0.86,0.01,0.69,0.01,0.66,0.01,0.46,0.01,0.34,0.01,0.31,0.01,0.23,0.01,0.15,0.01,0.15,0.01,0.11,0.00,0.08,116.20,117.42,117.96,0.63,0.72,1.20,2.40%,0.31,0.12%,1.39%,0.05%,1.75%,0.03%,0.63%,0.02%,0.50%,0.02%,0.12%,0.02%,0.13%,0.01%,0.23%,0.01%,0.08%,0.01%,0.07%,0.01%,0.08%,0.01%,0.06%,0.01%,0.08%,0.00,0.24,0.00,0.17,0.00,0.10,0.00,0.04,0.00,0.02,0.00,0.04,0.00,0.04,0.00,0.02,0.00,0.01,0.00,0.01,0.00,0.01,0.00,0.01,232.02,234.04,235.30,0.00,0.00,0.00,2.33%,0.00,0.13%,1.36%,0.05%,1.65%,0.03%,0.64%,0.02%,0.56%,0.02%,0.07%,0.01%,0.09%,0.01%,0.26%,0.01%,0.08%,0.01%,0.02%,0.01%,0.11%,0.01%,0.03%,0.01%,0.04%,0.00,0.00,0.00,0.00,0.00,0.00,0.00,0.00,0.00,0.00,0.00,0.00,0.00,0.00,0.00,0.00,0.00,0.00,0.00,0.00,0.00,0.00,0.00,0.00,528,0.833,444,24,59.95,60.00,60.04
27-Jul-2018 09:50:00,10.000,Y,114.48,116.62,117.42,3.55,8.26,10.48,2.26%,2.01,0.13%,1.30%,0.05%,1.56%,0.03%,0.67%,0.02%,0.61%,0.02%,0.05%,0.01%,0.12%,0.01%,0.30%,0.01%,0.09%,0.01%,0.03%,0.01%,0.14%,0.01%,0.02%,0.01%,0.04%,0.02,1.41,0.01,0.84,0.01,0.69,0.01,0.62,0.01,0.42,0.01,0.32,0.01,0.29,0.01,0.20,0.01,0.14,0.01,0.14,0.01,0.11,0.01,0.09,116.10,117.46,118.08,0.62,0.73,1.34,2.36%,0.33,0.13%,1.32%,0.05%,1.74%,0.03%,0.64%,0.02%,0.50%,0.02%,0.12%,0.01%,0.12%,0.01%,0.22%,0.01%,0.07%,0.01%,0.08%,0.01%,0.09%,0.01%,0.07%,0.01%,0.07%,0.00,0.24,0.00,0.18,0.00,0.10,0.00,0.04,0.00,0.02,0.00,0.04,0.00,0.04,0.00,0.03,0.00,0.01,0.00,0.01,0.00,0.01,0.00,0.01,231.46,233.30,234.26,0.00,0.00,0.00,2.30%,0.00,0.13%,1.31%,0.05%,1.65%,0.03%,0.65%,0.02%,0.55%,0.02%,0.06%,0.01%,0.09%,0.01%,0.25%,0.01%,0.07%,0.01%,0.03%,0.01%,0.11%,0.01%,0.03%,0.01%,0.03%,0.00,0.00,0.00,0.00,0.00,0.00,0.00,0.00,0.00,0.00,0.00,0.00,0.00,0.00,0.00,0.00,0.00,0.00,0.00,0.00,0.00,0.00,0.00,0.00,1044,0.932,996,24,59.95,60.00,60.05
27-Jul-2018 10:00:00,10.000,Y,115.76,116.94,117.50,3.54,4.31,10.49,2.25%,2.05,0.12%,1.31%,0.05%,1.52%,0.03%,0.66%,0.02%,0.62%,0.02%,0.07%,0.01%,0.13%,0.01%,0.31%,0.01%,0.09%,0.01%,0.03%,0.01%,0.14%,0.01%,0.02%,0.01%,0.03%,0.01,1.47,0.01,0.82,0.01,0.67,0.01,0.64,0.01,0.44,0.01,0.33,0.01,0.30,0.01,0.21,0.01,0.14,0.00,0.14,0.00,0.10,0.00,0.08,116.06,117.16,117.66,0.63,0.75,1.26,2.35%,0.34,0.12%,1.33%,0.04%,1.73%,0.03%,0.64%,0.02%,0.50%,0.02%,0.12%,0.02%,0.12%,0.01%,0.21%,0.01%,0.07%,0.01%,0.08%,0.01%,0.08%,0.01%,0.06%,0.01%,0.07%,0.00,0.25,0.00,0.18,0.00,0.11,0.00,0.04,0.00,0.02,0.00,0.04,0.00,0.04,0.00,0.03,0.00,0.01,0.00,0.01,0.00,0.01,0.00,0.01,231.98,233.32,234.26,0.00,0.00,0.00,2.29%,0.00,0.12%,1.32%,0.04%,1.62%,0.03%,0.64%,0.02%,0.56%,0.02%,0.06%,0.02%,0.09%,0.01%,0.26%,0.01%,0.07%,0.01%,0.03%,0.01%,0.11%,0.01%,0.03%,0.01%,0.03%,0.00,0.00,0.00,0.00,0.00,0.00,0.00,0.00,0.00,0.00,0.00,0.00,0.00,0.00,0.00,0.00,0.00,0.00,0.00,0.00,0.00,0.00,0.00,0.00,588,0.846,504,24,59.96,60.00,60.06
27-Jul-2018 10:10:00,10.000,Y,114.88,116.72,117.50,3.56,4.34,10.70,2.25%,2.18,0.12%,1.32%,0.04%,1.53%,0.03%,0.64%,0.02%,0.63%,0.02%,0.08%,0.01%,0.13%,0.01%,0.31%,0.01%,0.11%,0.01%,0.03%,0.01%,0.13%,0.01%,0.03%,0.01%,0.03%,0.01,1.56,0.01,0.87,0.01,0.71,0.01,0.69,0.01,0.48,0.01,0.35,0.01,0.32,0.01,0.22,0.01,0.14,0.00,0.14,0.00,0.11,0.00,0.08,115.54,116.66,117.58,0.63,0.75,1.35,2.33%,0.34,0.12%,1.34%,0.04%,1.71%,0.03%,0.60%,0.02%,0.51%,0.02%,0.11%,0.01%,0.12%,0.01%,0.21%,0.01%,0.06%,0.01%,0.09%,0.01%,0.06%,0.01%,0.06%,0.01%,0.08%,0.00,0.25,0.00,0.18,0.00,0.11,0.00,0.05,0.00,0.02,0.00,0.04,0.00,0.04,0.00,0.03,0.00,0.01,0.00,0.01,0.00,0.01,0.00,0.01,230.50,232.60,233.66,0.00,0.00,0.00,2.28%,0.00,0.12%,1.33%,0.04%,1.62%,0.03%,0.61%,0.02%,0.57%,0.02%,0.06%,0.01%,0.09%,0.01%,0.25%,0.01%,0.07%,0.01%,0.03%,0.01%,0.10%,0.01%,0.03%,0.01%,0.03%,0.00,0.00,0.00,0.00,0.00,0.00,0.00,0.00,0.00,0.00,0.00,0.00,0.00,0.00,0.00,0.00,0.00,0.00,0.00,0.00,0.00,0.00,0.00,0.00,588,0.839,504,24,59.95,60.00,60.04
27-Jul-2018 10:20:00,10.000,Y,114.68,116.46,117.24,3.50,4.27,10.43,2.26%,2.03,0.12%,1.36%,0.05%,1.53%,0.03%,0.63%,0.02%,0.62%,0.02%,0.07%,0.01%,0.11%,0.01%,0.29%,0.01%,0.09%,0.01%,0.02%,0.01%,0.12%,0.01%,0.02%,0.01%,0.03%,0.02,1.46,0.01,0.81,0.01,0.66,0.01,0.63,0.01,0.44,0.01,0.32,0.01,0.29,0.01,0.20,0.01,0.14,0.01,0.14,0.01,0.11,0.00,0.08,115.40,116.38,117.12,0.64,0.73,1.18,2.39%,0.32,0.12%,1.40%,0.05%,1.72%,0.03%,0.62%,0.02%,0.54%,0.02%,0.13%,0.02%,0.11%,0.01%,0.21%,0.01%,0.09%,0.01%,0.09%,0.01%,0.06%,0.01%,0.08%,0.01%,0.08%,0.00,0.24,0.00,0.17,0.00,0.10,0.00,0.04,0.00,0.02,0.00,0.04,0.00,0.04,0.00,0.03,0.00,0.01,0.00,0.01,0.00,0.01,0.00,0.01,230.36,232.06,233.34,0.00,0.00,0.00,2.32%,0.00,0.12%,1.38%,0.05%,1.63%,0.03%,0.62%,0.02%,0.58%,0.02%,0.07%,0.01%,0.08%,0.01%,0.25%,0.01%,0.07%,0.01%,0.04%,0.01%,0.09%,0.01%,0.03%,0.01%,0.04%,0.00,0.00,0.00,0.00,0.00,0.00,0.00,0.00,0.00,0.00,0.00,0.00,0.00,0.00,0.00,0.00,0.00,0.00,0.00,0.00,0.00,0.00,0.00,0.00,576,0.848,492,24,59.94,60.00,60.05
27-Jul-2018 10:30:00,10.000,Y,114.42,116.34,117.10,3.53,5.13,15.63,2.32%,2.24,0.13%,1.41%,0.05%,1.55%,0.03%,0.64%,0.02%,0.64%,0.02%,0.06%,0.02%,0.12%,0.01%,0.29%,0.01%,0.09%,0.01%,0.02%,0.01%,0.13%,0.01%,0.02%,0.01%,0.03%,0.04,1.71,0.02,0.76,0.02,0.65,0.01,0.64,0.01,0.44,0.01,0.32,0.01,0.29,0.01,0.21,0.01,0.14,0.01,0.14,0.01,0.11,0.00,0.09,115.06,116.54,117.46,0.63,0.74,1.30,2.39%,0.32,0.13%,1.39%,0.05%,1.71%,0.03%,0.62%,0.02%,0.57%,0.02%,0.12%,0.02%,0.11%,0.01%,0.21%,0.01%,0.09%,0.01%,0.09%,0.01%,0.07%,0.01%,0.07%,0.01%,0.09%,0.00,0.24,0.00,0.17,0.00,0.10,0.00,0.04,0.00,0.02,0.00,0.04,0.00,0.04,0.00,0.02,0.00,0.01,0.00,0.01,0.00,0.01,0.00,0.01,229.86,232.10,233.38,0.00,0.00,0.00,2.34%,0.00,0.13%,1.40%,0.05%,1.63%,0.03%,0.62%,0.02%,0.60%,0.02%,0.08%,0.02%,0.09%,0.01%,0.25%,0.01%,0.08%,0.01%,0.04%,0.01%,0.10%,0.01%,0.03%,0.01%,0.04%,0.00,0.00,0.00,0.00,0.00,0.00,0.00,0.00,0.00,0.00,0.00,0.00,0.00,0.00,0.00,0.00,0.00,0.00,0.00,0.00,0.00,0.00,0.00,0.00,684,0.855,600,48,59.95,60.00,60.05
27-Jul-2018 10:40:00,10.000,Y,115.42,116.42,117.00,3.56,4.26,10.67,2.29%,2.09,0.12%,1.40%,0.05%,1.52%,0.04%,0.63%,0.02%,0.65%,0.02%,0.08%,0.02%,0.10%,0.01%,0.31%,0.01%,0.11%,0.01%,0.03%,0.01%,0.13%,0.01%,0.03%,0.01%,0.02%,0.01,1.51,0.01,0.84,0.01,0.67,0.01,0.66,0.01,0.47,0.01,0.33,0.01,0.29,0.01,0.20,0.01,0.12,0.00,0.12,0.00,0.09,0.00,0.07,113.10,114.86,116.14,0.65,0.74,1.24,2.34%,0.32,0.12%,1.39%,0.05%,1.66%,0.03%,0.58%,0.03%,0.56%,0.02%,0.10%,0.02%,0.10%,0.01%,0.20%,0.01%,0.08%,0.01%,0.08%,0.01%,0.06%,0.01%,0.06%,0.01%,0.07%,0.00,0.24,0.00,0.17,0.00,0.10,0.00,0.04,0.00,0.02,0.00,0.04,0.00,0.04,0.00,0.03,0.00,0.01,0.00,0.01,0.00,0.01,0.00,0.01,228.32,230.52,232.02,0.00,0.00,0.00,2.31%,0.00,0.12%,1.39%,0.05%,1.59%,0.03%,0.60%,0.03%,0.60%,0.02%,0.07%,0.02%,0.07%,0.01%,0.26%,0.01%,0.09%,0.01%,0.03%,0.01%,0.09%,0.01%,0.03%,0.01%,0.03%,0.00,0.00,0.00,0.00,0.00,0.00,0.00,0.00,0.00,0.00,0.00,0.00,0.00,0.00,0.00,0.00,0.00,0.00,0.00,0.00,0.00,0.00,0.00,0.00,576,0.843,492,24,59.96,60.00,60.04
27-Jul-2018 10:50:00,10.000,Y,114.74,116.00,116.94,3.54,4.20,10.57,2.32%,2.06,0.10%,1.44%,0.04%,1.52%,0.03%,0.64%,0.02%,0.65%,0.02%,0.09%,0.01%,0.11%,0.01%,0.31%,0.01%,0.10%,0.01%,0.03%,0.01%,0.13%,0.01%,0.02%,0.01%,0.02%,0.01,1.49,0.01,0.83,0.01,0.67,0.01,0.65,0.01,0.45,0.01,0.32,0.01,0.28,0.01,0.19,0.01,0.11,0.00,0.12,0.00,0.09,0.00,0.07,112.86,113.96,114.92,0.64,0.75,1.24,2.40%,0.33,0.10%,1.45%,0.04%,1.70%,0.03%,0.61%,0.02%,0.54%,0.02%,0.11%,0.01%,0.11%,0.01%,0.21%,0.01%,0.08%,0.01%,0.08%,0.01%,0.07%,0.01%,0.06%,0.01%,0.06%,0.00,0.25,0.00,0.17,0.00,0.10,0.00,0.04,0.00,0.02,0.00,0.04,0.00,0.04,0.00,0.03,0.00,0.01,0.00,0.01,0.00,0.01,0.00,0.01,227.46,229.18,230.90,0.00,0.00,0.00,2.35%,0.00,0.10%,1.44%,0.04%,1.61%,0.02%,0.62%,0.02%,0.60%,0.02%,0.08%,0.01%,0.08%,0.01%,0.26%,0.01%,0.08%,0.01%,0.03%,0.01%,0.10%,0.01%,0.03%,0.01%,0.03%,0.00,0.00,0.00,0.00,0.00,0.00,0.00,0.00,0.00,0.00,0.00,0.00,0.00,0.00,0.00,0.00,0.00,0.00,0.00,0.00,0.00,0.00,0.00,0.00,564,0.845,480,24,59.93,59.99,60.04
27-Jul-2018 11:00:00,10.000,Y,114.10,115.52,116.40,3.55,4.33,12.67,2.28%,2.16,0.12%,1.46%,0.04%,1.46%,0.03%,0.59%,0.02%,0.65%,0.02%,0.09%,0.02%,0.09%,0.01%,0.30%,0.01%,0.10%,0.01%,0.03%,0.01%,0.13%,0.01%,0.03%,0.01%,0.03%,0.02,1.56,0.01,0.89,0.01,0.69,0.01,0.66,0.01,0.47,0.01,0.33,0.01,0.29,0.01,0.20,0.01,0.13,0.01,0.13,0.01,0.10,0.00,0.08,112.86,114.74,115.54,0.64,0.74,1.34,2.37%,0.33,0.12%,1.44%,0.05%,1.66%,0.03%,0.58%,0.02%,0.57%,0.03%,0.10%,0.02%,0.12%,0.01%,0.21%,0.01%,0.10%,0.01%,0.09%,0.01%,0.07%,0.01%,0.08%,0.01%,0.09%,0.00,0.25,0.00,0.17,0.00,0.10,0.00,0.04,0.00,0.02,0.00,0.04,0.00,0.04,0.00,0.03,0.00,0.01,0.00,0.01,0.00,0.01,0.00,0.01,227.44,229.48,230.44,0.00,0.00,0.00,2.31%,0.00,0.12%,1.45%,0.04%,1.56%,0.03%,0.57%,0.02%,0.61%,0.02%,0.08%,0.02%,0.07%,0.01%,0.25%,0.01%,0.09%,0.01%,0.03%,0.01%,0.10%,0.01%,0.03%,0.01%,0.04%,0.00,0.00,0.00,0.00,0.00,0.00,0.00,0.00,0.00,0.00,0.00,0.00,0.00,0.00,0.00,0.00,0.00,0.00,0.00,0.00,0.00,0.00,0.00,0.00,576,0.839,492,24,59.94,60.00,60.06
27-Jul-2018 11:10:00,10.000,Y,114.58,115.62,116.06,3.81,4.31,10.63,2.35%,2.25,0.10%,1.51%,0.04%,1.52%,0.03%,0.60%,0.02%,0.65%,0.02%,0.09%,0.01%,0.12%,0.01%,0.30%,0.01%,0.10%,0.01%,0.04%,0.01%,0.14%,0.01%,0.02%,0.01%,0.03%,0.01,1.62,0.01,0.92,0.01,0.72,0.01,0.70,0.01,0.49,0.01,0.35,0.01,0.31,0.01,0.22,0.01,0.14,0.01,0.14,0.00,0.11,0.00,0.08,114.04,115.14,115.70,0.63,0.73,1.21,2.47%,0.32,0.10%,1.52%,0.04%,1.73%,0.02%,0.60%,0.02%,0.58%,0.02%,0.12%,0.01%,0.11%,0.01%,0.21%,0.01%,0.11%,0.01%,0.08%,0.01%,0.07%,0.01%,0.08%,0.01%,0.08%,0.00,0.24,0.00,0.17,0.00,0.10,0.00,0.04,0.00,0.02,0.00,0.04,0.00,0.04,0.00,0.02,0.00,0.01,0.00,0.01,0.00,0.01,0.00,0.01,228.48,229.98,230.88,0.00,0.00,0.00,2.40%,0.00,0.10%,1.51%,0.04%,1.62%,0.02%,0.59%,0.02%,0.61%,0.02%,0.09%,0.01%,0.08%,0.01%,0.26%,0.01%,0.08%,0.01%,0.02%,0.01%,0.10%,0.01%,0.03%,0.01%,0.03%,0.00,0.00,0.00,0.00,0.00,0.00,0.00,0.00,0.00,0.00,0.00,0.00,0.00,0.00,0.00,0.00,0.00,0.00,0.00,0.00,0.00,0.00,0.00,0.00,576,0.833,492,24,59.95,59.99,60.04
27-Jul-2018 11:20:00,10.000,Y,114.86,116.26,116.88,3.54,4.19,10.62,2.40%,2.24,0.11%,1.55%,0.04%,1.56%,0.03%,0.61%,0.02%,0.65%,0.02%,0.09%,0.01%,0.10%,0.01%,0.29%,0.01%,0.08%,0.01%,0.02%,0.01%,0.12%,0.01%,0.02%,0.01%,0.02%,0.01,1.61,0.01,0.92,0.01,0.72,0.01,0.70,0.01,0.49,0.01,0.34,0.01,0.30,0.01,0.21,0.01,0.14,0.01,0.15,0.01,0.12,0.01,0.09,114.68,115.72,116.24,0.50,0.71,0.99,2.54%,0.30,0.11%,1.55%,0.04%,1.77%,0.03%,0.62%,0.02%,0.60%,0.02%,0.14%,0.01%,0.11%,0.01%,0.22%,0.01%,0.11%,0.01%,0.08%,0.01%,0.09%,0.01%,0.07%,0.01%,0.07%,0.00,0.23,0.00,0.16,0.00,0.09,0.00,0.03,0.00,0.03,0.00,0.04,0.00,0.04,0.00,0.02,0.00,0.01,0.00,0.01,0.00,0.01,0.00,0.01,229.34,231.20,232.14,0.00,0.00,0.00,2.46%,0.00,0.11%,1.55%,0.04%,1.66%,0.03%,0.61%,0.02%,0.63%,0.02%,0.10%,0.01%,0.08%,0.01%,0.26%,0.01%,0.08%,0.01%,0.03%,0.01%,0.11%,0.01%,0.03%,0.01%,0.03%,0.00,0.00,0.00,0.00,0.00,0.00,0.00,0.00,0.00,0.00,0.00,0.00,0.00,0.00,0.00,0.00,0.00,0.00,0.00,0.00,0.00,0.00,0.00,0.00,564,0.833,480,24,59.95,59.99,60.04
27-Jul-2018 11:30:00,10.000,Y,114.44,115.52,116.78,3.53,4.04,4.44,2.39%,2.30,0.13%,1.56%,0.05%,1.51%,0.03%,0.60%,0.02%,0.68%,0.02%,0.11%,0.02%,0.09%,0.02%,0.28%,0.01%,0.08%,0.01%,0.03%,0.01%,0.12%,0.01%,0.03%,0.01%,0.05%,0.01,1.66,0.01,0.96,0.01,0.75,0.01,0.71,0.01,0.48,0.01,0.32,0.01,0.29,0.01,0.21,0.01,0.15,0.01,0.17,0.01,0.13,0.01,0.10,114.58,115.70,116.32,0.64,0.73,1.21,2.57%,0.32,0.13%,1.62%,0.06%,1.78%,0.03%,0.58%,0.03%,0.57%,0.03%,0.13%,0.02%,0.15%,0.02%,0.24%,0.01%,0.09%,0.02%,0.08%,0.01%,0.10%,0.01%,0.08%,0.01%,0.07%,0.01,0.24,0.01,0.17,0.01,0.10,0.01,0.04,0.01,0.02,0.00,0.04,0.00,0.04,0.00,0.03,0.00,0.01,0.00,0.01,0.00,0.01,0.00,0.01,228.74,230.44,232.16,0.00,0.00,0.00,2.47%,0.00,0.13%,1.59%,0.05%,1.64%,0.03%,0.58%,0.03%,0.62%,0.02%,0.10%,0.02%,0.09%,0.01%,0.26%,0.01%,0.07%,0.01%,0.04%,0.01%,0.11%,0.01%,0.03%,0.01%,0.03%,0.00,0.00,0.00,0.00,0.00,0.00,0.00,0.00,0.00,0.00,0.00,0.00,0.00,0.00,0.00,0.00,0.00,0.00,0.00,0.00,0.00,0.00,0.00,0.00,552,0.824,456,12,59.95,60.00,60.06
27-Jul-2018 11:40:00,10.000,Y,114.84,115.92,116.60,3.50,3.78,4.10,2.41%,2.09,0.15%,1.57%,0.06%,1.54%,0.04%,0.60%,0.03%,0.68%,0.02%,0.11%,0.02%,0.09%,0.02%,0.27%,0.01%,0.08%,0.01%,0.02%,0.01%,0.10%,0.01%,0.02%,0.01%,0.03%,0.01,1.51,0.01,0.86,0.01,0.69,0.01,0.66,0.01,0.44,0.01,0.29,0.01,0.25,0.01,0.17,0.01,0.13,0.01,0.15,0.01,0.12,0.01,0.09,113.86,115.00,115.64,0.65,0.77,1.34,2.60%,0.33,0.15%,1.65%,0.07%,1.78%,0.04%,0.57%,0.03%,0.58%,0.03%,0.13%,0.02%,0.15%,0.02%,0.24%,0.02%,0.09%,0.02%,0.07%,0.01%,0.10%,0.01%,0.07%,0.01%,0.06%,0.01,0.25,0.01,0.18,0.01,0.10,0.01,0.05,0.00,0.02,0.00,0.04,0.00,0.04,0.00,0.03,0.00,0.01,0.00,0.01,0.00,0.01,0.00,0.01,228.64,230.14,231.04,0.00,0.00,0.00,2.49%,0.00,0.15%,1.61%,0.06%,1.66%,0.04%,0.57%,0.03%,0.63%,0.02%,0.10%,0.02%,0.09%,0.02%,0.25%,0.01%,0.08%,0.01%,0.03%,0.01%,0.10%,0.01%,0.03%,0.01%,0.03%,0.00,0.00,0.00,0.00,0.00,0.00,0.00,0.00,0.00,0.00,0.00,0.00,0.00,0.00,0.00,0.00,0.00,0.00,0.00,0.00,0.00,0.00,0.00,0.00,528,0.834,432,24,59.97,60.01,60.06
27-Jul-2018 11:50:00,10.000,Y,115.16,116.42,116.78,3.49,3.71,4.11,2.45%,2.04,0.11%,1.57%,0.04%,1.58%,0.03%,0.62%,0.02%,0.70%,0.02%,0.11%,0.01%,0.10%,0.01%,0.30%,0.01%,0.09%,0.01%,0.03%,0.01%,0.13%,0.01%,0.02%,0.01%,0.03%,0.01,1.47,0.01,0.83,0.01,0.68,0.01,0.65,0.01,0.45,0.01,0.30,0.01,0.26,0.01,0.18,0.01,0.13,0.00,0.13,0.00,0.11,0.00,0.08,113.96,115.32,115.96,0.65,0.73,1.24,2.65%,0.32,0.11%,1.68%,0.05%,1.83%,0.04%,0.60%,0.03%,0.60%,0.02%,0.12%,0.01%,0.15%,0.01%,0.25%,0.01%,0.10%,0.01%,0.07%,0.01%,0.09%,0.01%,0.07%,0.01%,0.07%,0.01,0.24,0.01,0.17,0.01,0.09,0.00,0.04,0.00,0.03,0.00,0.04,0.00,0.04,0.00,0.02,0.00,0.01,0.00,0.01,0.00,0.01,0.00,0.01,228.72,230.98,231.88,0.00,0.00,0.00,2.54%,0.00,0.11%,1.62%,0.05%,1.70%,0.04%,0.60%,0.02%,0.65%,0.02%,0.10%,0.01%,0.10%,0.01%,0.28%,0.01%,0.08%,0.01%,0.03%,0.01%,0.11%,0.01%,0.03%,0.01%,0.03%,0.00,0.00,0.00,0.00,0.00,0.00,0.00,0.00,0.00,0.00,0.00,0.00,0.00,0.00,0.00,0.00,0.00,0.00,0.00,0.00,0.00,0.00,0.00,0.00,516,0.835,432,36,59.95,59.99,60.03
27-Jul-2018 12:00:00,10.000,Y,115.40,116.52,117.00,3.52,3.80,4.28,2.49%,2.11,0.15%,1.64%,0.05%,1.59%,0.04%,0.61%,0.03%,0.68%,0.02%,0.10%,0.02%,0.11%,0.02%,0.31%,0.02%,0.08%,0.01%,0.04%,0.01%,0.13%,0.01%,0.03%,0.01%,0.04%,0.01,1.51,0.01,0.86,0.01,0.69,0.01,0.67,0.01,0.47,0.01,0.31,0.01,0.27,0.01,0.19,0.01,0.13,0.01,0.13,0.01,0.10,0.00,0.07,114.56,115.64,116.18,0.64,0.73,1.35,2.75%,0.33,0.15%,1.74%,0.06%,1.87%,0.04%,0.65%,0.03%,0.61%,0.02%,0.13%,0.02%,0.18%,0.01%,0.26%,0.01%,0.10%,0.01%,0.10%,0.01%,0.09%,0.01%,0.10%,0.01%,0.08%,0.01,0.24,0.00,0.17,0.00,0.10,0.00,0.04,0.00,0.02,0.00,0.04,0.00,0.04,0.00,0.02,0.00,0.01,0.00,0.01,0.00,0.01,0.00,0.01,229.32,231.36,232.10,0.00,0.00,0.00,2.61%,0.00,0.15%,1.69%,0.06%,1.73%,0.04%,0.62%,0.03%,0.64%,0.02%,0.09%,0.02%,0.11%,0.01%,0.29%,0.01%,0.07%,0.01%,0.04%,0.01%,0.11%,0.01%,0.04%,0.01%,0.03%,0.00,0.00,0.00,0.00,0.00,0.00,0.00,0.00,0.00,0.00,0.00,0.00,0.00,0.00,0.00,0.00,0.00,0.00,0.00,0.00,0.00,0.00,0.00,0.00,528,0.831,432,36,59.98,60.01,60.06
27-Jul-2018 12:10:00,10.000,Y,115.32,116.46,117.40,3.82,7.72,15.00,2.66%,3.02,0.13%,1.79%,0.05%,1.66%,0.03%,0.62%,0.02%,0.71%,0.02%,0.13%,0.02%,0.11%,0.01%,0.33%,0.01%,0.08%,0.01%,0.04%,0.01%,0.15%,0.01%,0.02%,0.01%,0.05%,0.16,2.55,0.07,0.67,0.04,0.75,0.02,0.72,0.01,0.49,0.01,0.33,0.01,0.30,0.01,0.20,0.01,0.13,0.01,0.15,0.01,0.09,0.00,0.08,115.12,116.30,116.90,0.63,0.89,1.43,2.83%,0.43,0.12%,1.81%,0.05%,1.93%,0.03%,0.66%,0.02%,0.59%,0.02%,0.13%,0.02%,0.21%,0.02%,0.29%,0.01%,0.09%,0.01%,0.09%,0.01%,0.13%,0.01%,0.10%,0.01%,0.08%,0.00,0.34,0.00,0.22,0.00,0.10,0.00,0.01,0.00,0.05,0.00,0.05,0.00,0.03,0.00,0.01,0.00,0.02,0.00,0.01,0.00,0.01,0.00,0.01,230.52,231.96,233.42,0.00,0.00,0.00,2.73%,0.00,0.13%,1.80%,0.05%,1.79%,0.03%,0.62%,0.02%,0.64%,0.02%,0.10%,0.02%,0.13%,0.01%,0.31%,0.01%,0.08%,0.01%,0.04%,0.01%,0.14%,0.01%,0.05%,0.01%,0.04%,0.00,0.00,0.00,0.00,0.00,0.00,0.00,0.00,0.00,0.00,0.00,0.00,0.00,0.00,0.00,0.00,0.00,0.00,0.00,0.00,0.00,0.00,0.00,0.00,996,0.869,900,60,59.95,60.00,60.06
27-Jul-2018 12:20:00,10.000,Y,115.92,117.14,117.94,3.83,4.04,10.85,2.60%,2.27,0.12%,1.70%,0.05%,1.65%,0.03%,0.65%,0.02%,0.70%,0.02%,0.12%,0.02%,0.10%,0.01%,0.35%,0.01%,0.10%,0.01%,0.03%,0.01%,0.15%,0.01%,0.02%,0.01%,0.04%,0.01,1.62,0.01,0.93,0.01,0.78,0.01,0.73,0.01,0.50,0.01,0.35,0.01,0.30,0.01,0.20,0.01,0.13,0.01,0.14,0.01,0.10,0.00,0.08,115.52,116.64,117.36,0.87,0.97,1.56,2.74%,0.48,0.12%,1.74%,0.05%,1.88%,0.03%,0.64%,0.02%,0.58%,0.02%,0.13%,0.02%,0.18%,0.01%,0.28%,0.01%,0.09%,0.01%,0.09%,0.01%,0.11%,0.01%,0.09%,0.01%,0.08%,0.00,0.38,0.00,0.24,0.00,0.10,0.00,0.01,0.00,0.06,0.00,0.06,0.00,0.03,0.00,0.01,0.00,0.03,0.00,0.02,0.00,0.01,0.00,0.01,231.04,232.98,234.16,0.00,0.00,0.00,2.66%,0.00,0.12%,1.72%,0.05%,1.76%,0.03%,0.63%,0.02%,0.64%,0.02%,0.11%,0.01%,0.11%,0.01%,0.31%,0.01%,0.09%,0.01%,0.04%,0.01%,0.13%,0.01%,0.04%,0.01%,0.04%,0.00,0.00,0.00,0.00,0.00,0.00,0.00,0.00,0.00,0.00,0.00,0.00,0.00,0.00,0.00,0.00,0.00,0.00,0.00,0.00,0.00,0.00,0.00,0.00,588,0.824,480,24,59.94,60.00,60.05
27-Jul-2018 12:30:00,10.000,Y,115.58,117.22,117.98,3.80,4.11,10.90,2.59%,2.32,0.12%,1.69%,0.05%,1.66%,0.03%,0.65%,0.02%,0.70%,0.02%,0.13%,0.02%,0.10%,0.01%,0.35%,0.01%,0.10%,0.01%,0.03%,0.01%,0.14%,0.01%,0.02%,0.01%,0.04%,0.01,1.65,0.01,0.95,0.01,0.79,0.01,0.75,0.01,0.52,0.01,0.36,0.01,0.30,0.01,0.19,0.01,0.12,0.01,0.14,0.01,0.10,0.00,0.09,114.98,116.90,117.78,0.87,0.96,1.44,2.72%,0.47,0.13%,1.75%,0.05%,1.84%,0.03%,0.63%,0.02%,0.61%,0.02%,0.12%,0.02%,0.16%,0.01%,0.29%,0.01%,0.09%,0.01%,0.09%,0.01%,0.09%,0.01%,0.07%,0.01%,0.08%,0.00,0.38,0.00,0.24,0.00,0.10,0.00,0.01,0.00,0.06,0.00,0.06,0.00,0.03,0.00,0.01,0.00,0.03,0.00,0.02,0.00,0.01,0.00,0.01,230.08,233.34,234.58,0.00,0.00,0.00,2.65%,0.00,0.13%,1.72%,0.05%,1.75%,0.03%,0.63%,0.02%,0.65%,0.02%,0.10%,0.02%,0.10%,0.01%,0.32%,0.01%,0.09%,0.01%,0.04%,0.01%,0.12%,0.01%,0.03%,0.01%,0.04%,0.00,0.00,0.00,0.00,0.00,0.00,0.00,0.00,0.00,0.00,0.00,0.00,0.00,0.00,0.00,0.00,0.00,0.00,0.00,0.00,0.00,0.00,0.00,0.00,588,0.822,492,24,59.96,60.00,60.03
27-Jul-2018 12:40:00,10.000,Y,114.98,117.04,118.28,3.78,7.70,14.13,2.71%,2.98,0.12%,1.80%,0.05%,1.74%,0.03%,0.61%,0.02%,0.68%,0.02%,0.10%,0.02%,0.13%,0.01%,0.37%,0.01%,0.10%,0.01%,0.04%,0.01%,0.17%,0.01%,0.03%,0.01%,0.05%,0.19,2.49,0.06,0.67,0.03,0.75,0.02,0.69,0.01,0.50,0.01,0.37,0.01,0.32,0.01,0.21,0.01,0.13,0.01,0.13,0.01,0.08,0.00,0.09,114.60,116.64,117.90,0.85,0.96,1.47,2.68%,0.47,0.12%,1.69%,0.04%,1.83%,0.03%,0.65%,0.02%,0.62%,0.02%,0.12%,0.02%,0.16%,0.01%,0.28%,0.01%,0.08%,0.01%,0.10%,0.01%,0.10%,0.01%,0.07%,0.01%,0.08%,0.00,0.38,0.00,0.23,0.00,0.10,0.00,0.01,0.00,0.07,0.00,0.06,0.00,0.03,0.00,0.00,0.00,0.03,0.00,0.02,0.00,0.01,0.00,0.01,228.82,232.90,235.38,0.00,0.00,0.00,2.69%,0.00,0.12%,1.74%,0.04%,1.78%,0.03%,0.63%,0.02%,0.65%,0.02%,0.10%,0.01%,0.12%,0.01%,0.32%,0.01%,0.08%,0.01%,0.04%,0.01%,0.13%,0.01%,0.04%,0.01%,0.05%,0.00,0.00,0.00,0.00,0.00,0.00,0.00,0.00,0.00,0.00,0.00,0.00,0.00,0.00,0.00,0.00,0.00,0.00,0.00,0.00,0.00,0.00,0.00,0.00,1008,0.871,912,48,59.95,60.00,60.04
27-Jul-2018 12:50:00,10.000,Y,116.02,117.48,118.20,3.52,3.90,4.40,2.71%,2.18,0.13%,1.79%,0.05%,1.74%,0.03%,0.63%,0.02%,0.69%,0.02%,0.10%,0.01%,0.12%,0.01%,0.38%,0.02%,0.10%,0.01%,0.05%,0.01%,0.18%,0.01%,0.03%,0.01%,0.05%,0.01,1.54,0.01,0.88,0.01,0.73,0.01,0.70,0.01,0.49,0.01,0.37,0.01,0.32,0.01,0.21,0.01,0.13,0.01,0.12,0.01,0.08,0.00,0.07,116.16,117.16,117.56,0.86,0.96,1.62,2.82%,0.47,0.12%,1.83%,0.05%,1.91%,0.03%,0.63%,0.02%,0.63%,0.02%,0.14%,0.02%,0.17%,0.02%,0.28%,0.01%,0.08%,0.01%,0.11%,0.01%,0.11%,0.01%,0.08%,0.01%,0.08%,0.01,0.38,0.00,0.24,0.00,0.10,0.00,0.01,0.00,0.07,0.00,0.06,0.00,0.03,0.00,0.01,0.00,0.03,0.00,0.03,0.00,0.01,0.00,0.01,232.20,233.86,234.84,0.00,0.00,0.00,2.76%,0.00,0.12%,1.81%,0.04%,1.83%,0.03%,0.63%,0.02%,0.66%,0.02%,0.10%,0.02%,0.13%,0.01%,0.33%,0.01%,0.08%,0.01%,0.05%,0.01%,0.14%,0.01%,0.04%,0.01%,0.04%,0.00,0.00,0.00,0.00,0.00,0.00,0.00,0.00,0.00,0.00,0.00,0.00,0.00,0.00,0.00,0.00,0.00,0.00,0.00,0.00,0.00,0.00,0.00,0.00,564,0.827,468,36,59.96,60.00,60.05
27-Jul-2018 13:00:00,10.000,Y,116.76,117.76,118.24,3.52,3.76,10.61,2.72%,2.05,0.13%,1.74%,0.05%,1.78%,0.03%,0.65%,0.02%,0.71%,0.02%,0.11%,0.02%,0.13%,0.02%,0.38%,0.01%,0.11%,0.01%,0.04%,0.01%,0.18%,0.01%,0.03%,0.01%,0.04%,0.01,1.45,0.01,0.82,0.01,0.70,0.01,0.67,0.01,0.47,0.01,0.34,0.01,0.29,0.01,0.19,0.01,0.12,0.01,0.11,0.00,0.07,0.00,0.07,116.42,117.56,118.02,0.86,0.95,1.41,2.81%,0.46,0.13%,1.78%,0.05%,1.94%,0.03%,0.62%,0.02%,0.60%,0.02%,0.15%,0.02%,0.19%,0.01%,0.29%,0.01%,0.07%,0.01%,0.10%,0.01%,0.13%,0.01%,0.08%,0.01%,0.08%,0.00,0.37,0.00,0.23,0.00,0.10,0.00,0.02,0.00,0.06,0.00,0.06,0.00,0.03,0.00,0.00,0.00,0.03,0.00,0.02,0.00,0.01,0.00,0.01,232.66,234.52,235.26,0.00,0.00,0.00,2.75%,0.00,0.13%,1.76%,0.05%,1.86%,0.03%,0.63%,0.02%,0.65%,0.02%,0.11%,0.02%,0.13%,0.01%,0.33%,0.01%,0.08%,0.01%,0.05%,0.01%,0.15%,0.01%,0.05%,0.01%,0.04%,0.00,0.00,0.00,0.00,0.00,0.00,0.00,0.00,0.00,0.00,0.00,0.00,0.00,0.00,0.00,0.00,0.00,0.00,0.00,0.00,0.00,0.00,0.00,0.00,552,0.830,456,36,59.95,60.01,60.05
27-Jul-2018 13:10:00,10.000,Y,115.74,117.10,117.90,3.52,7.01,17.48,2.72%,2.74,0.15%,1.82%,0.05%,1.75%,0.03%,0.61%,0.03%,0.68%,0.02%,0.11%,0.02%,0.13%,0.02%,0.36%,0.01%,0.09%,0.01%,0.04%,0.01%,0.16%,0.01%,0.03%,0.01%,0.04%,0.16,2.26,0.05,0.64,0.03,0.71,0.02,0.66,0.01,0.49,0.01,0.34,0.01,0.29,0.01,0.19,0.01,0.13,0.01,0.13,0.01,0.08,0.00,0.08,116.06,117.26,117.88,0.85,0.95,1.33,2.69%,0.47,0.14%,1.73%,0.05%,1.86%,0.03%,0.58%,0.03%,0.55%,0.02%,0.14%,0.02%,0.17%,0.02%,0.28%,0.02%,0.07%,0.01%,0.07%,0.01%,0.12%,0.01%,0.06%,0.01%,0.06%,0.00,0.38,0.00,0.24,0.00,0.12,0.00,0.03,0.00,0.05,0.00,0.06,0.00,0.03,0.00,0.01,0.00,0.02,0.00,0.02,0.00,0.01,0.00,0.01,231.24,233.56,234.80,0.00,0.00,0.00,2.70%,0.00,0.14%,1.77%,0.05%,1.80%,0.03%,0.59%,0.03%,0.61%,0.02%,0.10%,0.02%,0.13%,0.02%,0.31%,0.01%,0.07%,0.01%,0.04%,0.01%,0.14%,0.01%,0.04%,0.01%,0.03%,0.00,0.00,0.00,0.00,0.00,0.00,0.00,0.00,0.00,0.00,0.00,0.00,0.00,0.00,0.00,0.00,0.00,0.00,0.00,0.00,0.00,0.00,0.00,0.00,924,0.866,828,48,59.96,60.01,60.05
27-Jul-2018 13:20:00,10.000,Y,115.94,117.22,117.70,3.49,3.72,4.67,2.69%,2.04,0.13%,1.76%,0.04%,1.74%,0.03%,0.62%,0.02%,0.68%,0.02%,0.10%,0.02%,0.12%,0.01%,0.35%,0.01%,0.09%,0.01%,0.05%,0.01%,0.17%,0.01%,0.01%,0.01%,0.05%,0.01,1.45,0.01,0.82,0.01,0.68,0.01,0.66,0.01,0.46,0.01,0.33,0.01,0.28,0.01,0.19,0.01,0.14,0.01,0.13,0.01,0.09,0.00,0.07,116.12,117.14,117.64,0.87,0.97,1.52,2.71%,0.49,0.13%,1.74%,0.04%,1.87%,0.03%,0.56%,0.02%,0.55%,0.02%,0.14%,0.01%,0.16%,0.01%,0.29%,0.01%,0.07%,0.01%,0.07%,0.01%,0.14%,0.01%,0.07%,0.01%,0.05%,0.01,0.39,0.00,0.25,0.00,0.12,0.00,0.02,0.00,0.05,0.00,0.06,0.00,0.03,0.00,0.01,0.00,0.02,0.00,0.02,0.00,0.01,0.00,0.01,231.76,233.56,234.34,0.00,0.00,0.00,2.69%,0.00,0.13%,1.75%,0.04%,1.81%,0.03%,0.58%,0.02%,0.61%,0.02%,0.10%,0.01%,0.12%,0.01%,0.31%,0.01%,0.08%,0.01%,0.04%,0.01%,0.15%,0.01%,0.04%,0.01%,0.03%,0.00,0.00,0.00,0.00,0.00,0.00,0.00,0.00,0.00,0.00,0.00,0.00,0.00,0.00,0.00,0.00,0.00,0.00,0.00,0.00,0.00,0.00,0.00,0.00,540,0.830,444,36,59.94,60.00,60.07
27-Jul-2018 13:30:00,10.000,Y,115.94,117.16,117.74,3.49,3.84,5.04,2.70%,2.14,0.14%,1.75%,0.05%,1.78%,0.03%,0.62%,0.02%,0.67%,0.02%,0.09%,0.02%,0.11%,0.02%,0.36%,0.01%,0.09%,0.01%,0.05%,0.01%,0.18%,0.01%,0.02%,0.01%,0.05%,0.01,1.52,0.01,0.87,0.01,0.71,0.01,0.69,0.01,0.48,0.01,0.35,0.01,0.29,0.01,0.20,0.01,0.14,0.01,0.13,0.01,0.09,0.00,0.07,116.70,117.56,117.98,0.87,0.96,1.46,2.76%,0.48,0.14%,1.71%,0.05%,1.94%,0.03%,0.60%,0.02%,0.58%,0.02%,0.14%,0.02%,0.16%,0.02%,0.29%,0.01%,0.07%,0.01%,0.08%,0.01%,0.15%,0.01%,0.07%,0.01%,0.06%,0.00,0.38,0.00,0.24,0.00,0.11,0.00,0.02,0.00,0.06,0.00,0.06,0.00,0.03,0.00,0.01,0.00,0.02,0.00,0.02,0.00,0.01,0.00,0.01,231.90,233.94,234.72,0.00,0.00,0.00,2.72%,0.00,0.14%,1.73%,0.05%,1.86%,0.03%,0.60%,0.02%,0.62%,0.02%,0.10%,0.02%,0.11%,0.02%,0.32%,0.01%,0.08%,0.01%,0.05%,0.01%,0.16%,0.01%,0.04%,0.01%,0.03%,0.00,0.00,0.00,0.00,0.00,0.00,0.00,0.00,0.00,0.00,0.00,0.00,0.00,0.00,0.00,0.00,0.00,0.00,0.00,0.00,0.00,0.00,0.00,0.00,564,0.827,456,36,59.96,60.01,60.06
27-Jul-2018 13:40:00,10.000,Y,115.38,117.14,117.60,3.51,4.79,17.21,2.63%,2.27,0.13%,1.71%,0.05%,1.73%,0.03%,0.59%,0.02%,0.68%,0.02%,0.09%,0.02%,0.11%,0.01%,0.35%,0.02%,0.09%,0.01%,0.04%,0.01%,0.17%,0.01%,0.03%,0.01%,0.05%,0.04,1.60,0.02,0.94,0.01,0.76,0.01,0.72,0.01,0.51,0.01,0.36,0.01,0.31,0.01,0.21,0.01,0.14,0.01,0.13,0.01,0.09,0.01,0.07,116.72,117.88,118.48,0.85,0.96,1.55,2.71%,0.48,0.13%,1.68%,0.05%,1.92%,0.03%,0.57%,0.02%,0.56%,0.02%,0.14%,0.02%,0.16%,0.01%,0.28%,0.01%,0.07%,0.01%,0.07%,0.01%,0.14%,0.01%,0.06%,0.01%,0.05%,0.00,0.38,0.00,0.25,0.00,0.12,0.00,0.02,0.00,0.06,0.00,0.06,0.00,0.03,0.00,0.01,0.00,0.02,0.00,0.02,0.00,0.01,0.00,0.01,231.78,234.24,235.10,0.00,0.00,0.00,2.66%,0.00,0.13%,1.69%,0.05%,1.83%,0.03%,0.57%,0.02%,0.62%,0.02%,0.10%,0.01%,0.11%,0.01%,0.31%,0.01%,0.08%,0.01%,0.03%,0.01%,0.15%,0.01%,0.04%,0.01%,0.03%,0.00,0.00,0.00,0.00,0.00,0.00,0.00,0.00,0.00,0.00,0.00,0.00,0.00,0.00,0.00,0.00,0.00,0.00,0.00,0.00,0.00,0.00,0.00,0.00,672,0.831,564,24,59.96,60.00,60.04
27-Jul-2018 13:50:00,10.000,Y,116.24,117.32,117.96,3.50,3.91,5.24,2.66%,2.20,0.12%,1.71%,0.05%,1.76%,0.03%,0.62%,0.02%,0.69%,0.02%,0.10%,0.02%,0.11%,0.01%,0.35%,0.01%,0.09%,0.01%,0.04%,0.01%,0.17%,0.01%,0.02%,0.01%,0.05%,0.01,1.56,0.01,0.90,0.01,0.74,0.01,0.71,0.01,0.50,0.01,0.35,0.01,0.29,0.01,0.20,0.01,0.14,0.01,0.13,0.01,0.09,0.00,0.07,116.10,117.56,118.08,0.87,0.95,1.43,2.78%,0.47,0.13%,1.73%,0.05%,1.97%,0.03%,0.58%,0.03%,0.55%,0.02%,0.14%,0.02%,0.17%,0.02%,0.28%,0.01%,0.07%,0.01%,0.06%,0.01%,0.14%,0.01%,0.07%,0.01%,0.05%,0.00,0.38,0.00,0.24,0.00,0.11,0.00,0.02,0.00,0.06,0.00,0.06,0.00,0.03,0.00,0.01,0.00,0.02,0.00,0.02,0.00,0.01,0.00,0.01,232.20,234.10,235.02,0.00,0.00,0.00,2.71%,0.00,0.13%,1.72%,0.05%,1.86%,0.03%,0.59%,0.02%,0.62%,0.02%,0.10%,0.02%,0.11%,0.01%,0.31%,0.01%,0.08%,0.01%,0.04%,0.01%,0.15%,0.01%,0.04%,0.01%,0.03%,0.00,0.00,0.00,0.00,0.00,0.00,0.00,0.00,0.00,0.00,0.00,0.00,0.00,0.00,0.00,0.00,0.00,0.00,0.00,0.00,0.00,0.00,0.00,0.00,564,0.823,468,24,59.94,60.00,60.04
27-Jul-2018 14:00:00,10.000,Y,116.68,117.72,118.42,3.57,3.96,4.31,2.70%,2.25,0.13%,1.73%,0.05%,1.80%,0.03%,0.62%,0.02%,0.69%,0.02%,0.10%,0.02%,0.11%,0.01%,0.36%,0.01%,0.10%,0.01%,0.04%,0.01%,0.18%,0.01%,0.02%,0.01%,0.04%,0.01,1.59,0.01,0.92,0.01,0.76,0.01,0.73,0.01,0.51,0.01,0.36,0.01,0.31,0.01,0.21,0.01,0.14,0.01,0.13,0.00,0.09,0.00,0.07,116.08,117.60,118.20,0.87,0.95,1.47,2.73%,0.47,0.12%,1.66%,0.05%,1.97%,0.03%,0.56%,0.02%,0.54%,0.02%,0.14%,0.01%,0.16%,0.01%,0.28%,0.01%,0.07%,0.01%,0.07%,0.01%,0.15%,0.01%,0.06%,0.01%,0.04%,0.00,0.38,0.00,0.24,0.00,0.11,0.00,0.02,0.00,0.06,0.00,0.06,0.00,0.03,0.00,0.01,0.00,0.02,0.00,0.02,0.00,0.01,0.00,0.01,232.84,234.54,235.28,0.00,0.00,0.00,2.70%,0.00,0.13%,1.69%,0.05%,1.88%,0.03%,0.58%,0.02%,0.61%,0.02%,0.10%,0.01%,0.10%,0.01%,0.31%,0.01%,0.08%,0.01%,0.03%,0.01%,0.16%,0.01%,0.04%,0.01%,0.02%,0.00,0.00,0.00,0.00,0.00,0.00,0.00,0.00,0.00,0.00,0.00,0.00,0.00,0.00,0.00,0.00,0.00,0.00,0.00,0.00,0.00,0.00,0.00,0.00,576,0.821,468,24,59.96,60.00,60.08
27-Jul-2018 14:10:00,10.000,Y,116.80,117.92,118.40,3.53,4.01,4.52,2.64%,2.03,0.14%,1.68%,0.05%,1.75%,0.04%,0.64%,0.03%,0.67%,0.02%,0.08%,0.02%,0.12%,0.02%,0.36%,0.02%,0.09%,0.01%,0.04%,0.01%,0.17%,0.01%,0.03%,0.01%,0.03%,0.01,1.43,0.01,0.83,0.01,0.68,0.01,0.65,0.01,0.46,0.01,0.34,0.01,0.28,0.01,0.20,0.01,0.12,0.01,0.11,0.00,0.07,0.00,0.05,115.92,117.22,118.30,0.87,0.96,1.56,2.68%,0.49,0.14%,1.64%,0.05%,1.91%,0.04%,0.59%,0.03%,0.54%,0.02%,0.15%,0.02%,0.16%,0.02%,0.28%,0.01%,0.06%,0.01%,0.07%,0.01%,0.14%,0.01%,0.06%,0.01%,0.04%,0.00,0.39,0.00,0.25,0.00,0.12,0.00,0.03,0.00,0.06,0.00,0.06,0.00,0.03,0.00,0.01,0.00,0.02,0.00,0.02,0.00,0.01,0.00,0.01,232.18,234.36,235.58,0.00,0.00,0.00,2.65%,0.00,0.14%,1.66%,0.05%,1.83%,0.04%,0.61%,0.03%,0.61%,0.02%,0.09%,0.02%,0.11%,0.02%,0.31%,0.01%,0.07%,0.01%,0.03%,0.01%,0.15%,0.01%,0.04%,0.01%,0.02%,0.00,0.00,0.00,0.00,0.00,0.00,0.00,0.00,0.00,0.00,0.00,0.00,0.00,0.00,0.00,0.00,0.00,0.00,0.00,0.00,0.00,0.00,0.00,0.00,576,0.853,492,24,59.96,60.01,60.06
27-Jul-2018 14:20:00,10.000,Y,116.80,117.76,118.10,3.83,4.01,4.56,2.62%,2.21,0.13%,1.64%,0.05%,1.73%,0.03%,0.67%,0.02%,0.69%,0.02%,0.09%,0.02%,0.13%,0.02%,0.38%,0.01%,0.10%,0.01%,0.04%,0.01%,0.18%,0.01%,0.03%,0.01%,0.03%,0.02,1.55,0.01,0.90,0.01,0.74,0.01,0.72,0.01,0.52,0.01,0.38,0.01,0.32,0.01,0.22,0.01,0.13,0.01,0.11,0.00,0.07,0.00,0.05,117.12,118.00,118.40,0.85,0.95,1.46,2.69%,0.47,0.12%,1.63%,0.05%,1.93%,0.03%,0.60%,0.02%,0.53%,0.02%,0.14%,0.02%,0.15%,0.02%,0.29%,0.01%,0.07%,0.01%,0.07%,0.01%,0.14%,0.01%,0.06%,0.01%,0.06%,0.00,0.38,0.00,0.24,0.00,0.12,0.00,0.03,0.00,0.06,0.00,0.06,0.00,0.03,0.00,0.01,0.00,0.02,0.00,0.02,0.00,0.01,0.00,0.01,233.38,234.96,235.66,0.00,0.00,0.00,2.64%,0.00,0.12%,1.63%,0.05%,1.83%,0.03%,0.62%,0.02%,0.61%,0.02%,0.08%,0.02%,0.10%,0.02%,0.32%,0.01%,0.08%,0.01%,0.03%,0.01%,0.15%,0.01%,0.04%,0.01%,0.03%,0.00,0.00,0.00,0.00,0.00,0.00,0.00,0.00,0.00,0.00,0.00,0.00,0.00,0.00,0.00,0.00,0.00,0.00,0.00,0.00,0.00,0.00,0.00,0.00,576,0.828,480,24,59.96,60.00,60.03
27-Jul-2018 14:30:00,10.000,Y,116.88,117.80,118.18,3.57,3.82,4.37,2.69%,2.15,0.10%,1.68%,0.04%,1.79%,0.03%,0.68%,0.02%,0.70%,0.02%,0.09%,0.01%,0.13%,0.01%,0.38%,0.01%,0.11%,0.01%,0.04%,0.01%,0.18%,0.01%,0.02%,0.01%,0.04%,0.01,1.51,0.01,0.86,0.01,0.73,0.01,0.71,0.01,0.51,0.01,0.36,0.01,0.30,0.01,0.21,0.01,0.13,0.00,0.12,0.00,0.08,0.00,0.06,117.24,118.06,118.50,0.86,0.95,1.43,2.71%,0.47,0.10%,1.63%,0.04%,1.96%,0.03%,0.62%,0.02%,0.56%,0.02%,0.14%,0.01%,0.15%,0.01%,0.28%,0.01%,0.07%,0.01%,0.08%,0.01%,0.13%,0.01%,0.07%,0.01%,0.06%,0.00,0.38,0.00,0.24,0.00,0.11,0.00,0.02,0.00,0.06,0.00,0.06,0.00,0.03,0.00,0.01,0.00,0.03,0.00,0.02,0.00,0.01,0.00,0.01,233.84,235.08,235.72,0.00,0.00,0.00,2.69%,0.00,0.10%,1.66%,0.04%,1.87%,0.03%,0.64%,0.02%,0.63%,0.02%,0.08%,0.01%,0.10%,0.01%,0.33%,0.01%,0.08%,0.01%,0.03%,0.01%,0.15%,0.01%,0.04%,0.01%,0.03%,0.00,0.00,0.00,0.00,0.00,0.00,0.00,0.00,0.00,0.00,0.00,0.00,0.00,0.00,0.00,0.00,0.00,0.00,0.00,0.00,0.00,0.00,0.00,0.00,564,0.825,456,36,59.95,59.98,60.05
27-Jul-2018 14:40:00,10.000,Y,116.52,117.80,118.16,3.55,3.72,4.07,2.56%,2.06,0.15%,1.60%,0.05%,1.69%,0.04%,0.67%,0.03%,0.70%,0.02%,0.11%,0.02%,0.10%,0.02%,0.35%,0.01%,0.09%,0.01%,0.03%,0.01%,0.16%,0.01%,0.02%,0.01%,0.05%,0.01,1.46,0.01,0.83,0.01,0.70,0.01,0.68,0.01,0.46,0.01,0.31,0.01,0.26,0.01,0.19,0.01,0.13,0.01,0.13,0.01,0.10,0.01,0.07,117.04,118.06,118.56,0.63,0.73,1.17,2.62%,0.33,0.15%,1.56%,0.06%,1.86%,0.04%,0.62%,0.03%,0.59%,0.02%,0.13%,0.02%,0.13%,0.02%,0.29%,0.01%,0.08%,0.01%,0.09%,0.01%,0.12%,0.01%,0.08%,0.01%,0.08%,0.00,0.25,0.00,0.18,0.00,0.10,0.00,0.04,0.00,0.02,0.00,0.04,0.00,0.04,0.00,0.02,0.00,0.01,0.00,0.01,0.00,0.01,0.00,0.01,233.36,235.06,235.84,0.00,0.00,0.00,2.58%,0.00,0.15%,1.58%,0.05%,1.77%,0.04%,0.64%,0.03%,0.64%,0.02%,0.10%,0.02%,0.08%,0.02%,0.31%,0.01%,0.09%,0.01%,0.04%,0.01%,0.14%,0.01%,0.04%,0.01%,0.04%,0.00,0.00,0.00,0.00,0.00,0.00,0.00,0.00,0.00,0.00,0.00,0.00,0.00,0.00,0.00,0.00,0.00,0.00,0.00,0.00,0.00,0.00,0.00,0.00,516,0.833,432,36,59.97,60.01,60.07
27-Jul-2018 14:50:00,10.000,Y,116.78,117.84,118.20,3.56,3.72,4.10,2.55%,2.06,0.15%,1.59%,0.06%,1.67%,0.03%,0.67%,0.03%,0.69%,0.02%,0.10%,0.02%,0.11%,0.02%,0.35%,0.02%,0.09%,0.01%,0.03%,0.01%,0.17%,0.01%,0.02%,0.01%,0.04%,0.01,1.47,0.01,0.84,0.01,0.70,0.01,0.67,0.01,0.46,0.01,0.31,0.01,0.27,0.01,0.19,0.01,0.13,0.01,0.12,0.01,0.08,0.00,0.06,116.70,117.66,118.04,0.63,0.73,1.25,2.58%,0.32,0.15%,1.54%,0.06%,1.86%,0.03%,0.59%,0.03%,0.55%,0.02%,0.13%,0.02%,0.13%,0.02%,0.27%,0.01%,0.07%,0.01%,0.08%,0.01%,0.11%,0.01%,0.07%,0.01%,0.07%,0.00,0.24,0.00,0.17,0.00,0.10,0.00,0.04,0.00,0.02,0.00,0.04,0.00,0.04,0.00,0.02,0.00,0.01,0.00,0.01,0.00,0.01,0.00,0.01,232.70,234.72,235.36,0.00,0.00,0.00,2.55%,0.00,0.15%,1.57%,0.06%,1.76%,0.03%,0.62%,0.03%,0.62%,0.02%,0.10%,0.02%,0.08%,0.02%,0.31%,0.01%,0.08%,0.01%,0.03%,0.01%,0.14%,0.01%,0.03%,0.01%,0.03%,0.00,0.00,0.00,0.00,0.00,0.00,0.00,0.00,0.00,0.00,0.00,0.00,0.00,0.00,0.00,0.00,0.00,0.00,0.00,0.00,0.00,0.00,0.00,0.00,516,0.832,432,36,59.96,60.01,60.06
27-Jul-2018 15:00:00,10.000,Y,116.86,118.00,118.54,3.60,3.94,4.41,2.57%,2.25,0.12%,1.59%,0.04%,1.69%,0.03%,0.67%,0.02%,0.72%,0.02%,0.11%,0.02%,0.13%,0.01%,0.37%,0.01%,0.11%,0.01%,0.04%,0.01%,0.18%,0.01%,0.03%,0.01%,0.03%,0.01,1.57,0.01,0.91,0.01,0.77,0.01,0.75,0.01,0.52,0.01,0.36,0.01,0.31,0.01,0.22,0.01,0.13,0.01,0.12,0.00,0.08,0.00,0.06,116.80,117.78,118.42,0.63,0.71,1.16,2.59%,0.31,0.12%,1.52%,0.04%,1.89%,0.03%,0.60%,0.02%,0.56%,0.02%,0.13%,0.01%,0.13%,0.01%,0.27%,0.01%,0.06%,0.01%,0.07%,0.01%,0.12%,0.01%,0.06%,0.01%,0.06%,0.00,0.24,0.00,0.17,0.00,0.09,0.00,0.04,0.00,0.02,0.00,0.04,0.00,0.04,0.00,0.02,0.00,0.01,0.00,0.01,0.00,0.01,0.00,0.01,233.38,234.98,236.08,0.00,0.00,0.00,2.57%,0.00,0.12%,1.55%,0.04%,1.79%,0.03%,0.63%,0.02%,0.64%,0.02%,0.09%,0.01%,0.08%,0.01%,0.31%,0.01%,0.08%,0.01%,0.02%,0.01%,0.15%,0.01%,0.03%,0.01%,0.03%,0.00,0.00,0.00,0.00,0.00,0.00,0.00,0.00,0.00,0.00,0.00,0.00,0.00,0.00,0.00,0.00,0.00,0.00,0.00,0.00,0.00,0.00,0.00,0.00,540,0.824,444,24,59.94,59.99,60.03
27-Jul-2018 15:10:00,10.000,Y,117.06,118.14,118.54,3.61,3.83,4.47,2.57%,2.15,0.14%,1.57%,0.06%,1.72%,0.05%,0.67%,0.04%,0.72%,0.02%,0.11%,0.02%,0.12%,0.02%,0.38%,0.01%,0.10%,0.01%,0.03%,0.01%,0.18%,0.01%,0.03%,0.01%,0.03%,0.01,1.51,0.01,0.87,0.01,0.74,0.01,0.72,0.01,0.49,0.01,0.34,0.01,0.30,0.01,0.21,0.01,0.13,0.01,0.12,0.01,0.08,0.00,0.05,117.08,118.02,118.40,0.63,0.73,1.21,2.64%,0.32,0.14%,1.53%,0.06%,1.92%,0.05%,0.63%,0.03%,0.58%,0.02%,0.14%,0.02%,0.14%,0.02%,0.30%,0.01%,0.07%,0.01%,0.08%,0.01%,0.14%,0.01%,0.06%,0.01%,0.06%,0.00,0.24,0.00,0.17,0.00,0.09,0.00,0.04,0.00,0.02,0.00,0.04,0.00,0.04,0.00,0.02,0.00,0.01,0.00,0.01,0.00,0.01,0.00,0.01,234.06,235.36,236.00,0.00,0.00,0.00,2.59%,0.00,0.14%,1.55%,0.06%,1.82%,0.05%,0.64%,0.03%,0.65%,0.02%,0.09%,0.02%,0.09%,0.02%,0.33%,0.01%,0.08%,0.01%,0.03%,0.01%,0.16%,0.01%,0.03%,0.01%,0.03%,0.00,0.00,0.00,0.00,0.00,0.00,0.00,0.00,0.00,0.00,0.00,0.00,0.00,0.00,0.00,0.00,0.00,0.00,0.00,0.00,0.00,0.00,0.00,0.00,528,0.829,444,36,59.98,60.01,60.04
27-Jul-2018 15:20:00,10.000,Y,116.58,117.72,118.32,3.54,4.35,5.11,2.58%,2.44,0.12%,1.58%,0.05%,1.72%,0.04%,0.66%,0.03%,0.70%,0.02%,0.11%,0.02%,0.12%,0.01%,0.38%,0.01%,0.10%,0.01%,0.04%,0.01%,0.18%,0.01%,0.03%,0.01%,0.03%,0.01,1.72,0.01,0.99,0.01,0.84,0.01,0.80,0.01,0.55,0.01,0.39,0.01,0.34,0.01,0.24,0.01,0.15,0.01,0.13,0.00,0.09,0.00,0.06,117.08,118.14,118.58,0.63,0.74,1.22,2.67%,0.33,0.12%,1.54%,0.05%,1.95%,0.04%,0.64%,0.03%,0.57%,0.02%,0.14%,0.02%,0.15%,0.01%,0.30%,0.01%,0.06%,0.01%,0.07%,0.01%,0.14%,0.01%,0.07%,0.01%,0.06%,0.00,0.24,0.00,0.18,0.00,0.10,0.00,0.04,0.00,0.02,0.00,0.04,0.00,0.04,0.00,0.02,0.00,0.01,0.00,0.01,0.00,0.01,0.00,0.01,233.48,235.06,235.76,0.00,0.00,0.00,2.61%,0.00,0.12%,1.56%,0.05%,1.84%,0.04%,0.64%,0.03%,0.63%,0.02%,0.09%,0.02%,0.09%,0.01%,0.34%,0.01%,0.08%,0.01%,0.03%,0.01%,0.16%,0.01%,0.04%,0.01%,0.03%,0.00,0.00,0.00,0.00,0.00,0.00,0.00,0.00,0.00,0.00,0.00,0.00,0.00,0.00,0.00,0.00,0.00,0.00,0.00,0.00,0.00,0.00,0.00,0.00,600,0.877,492,0,59.96,60.00,60.05
27-Jul-2018 15:30:00,10.000,Y,113.84,117.48,118.38,4.77,4.98,5.25,2.55%,2.37,0.12%,1.57%,0.05%,1.65%,0.04%,0.66%,0.03%,0.74%,0.02%,0.16%,0.02%,0.17%,0.02%,0.40%,0.01%,0.12%,0.01%,0.05%,0.01%,0.18%,0.01%,0.03%,0.01%,0.04%,0.01,1.70,0.01,0.94,0.01,0.81,0.01,0.75,0.01,0.53,0.01,0.39,0.01,0.34,0.01,0.23,0.01,0.14,0.01,0.13,0.00,0.08,0.00,0.06,114.08,117.62,118.74,0.62,0.72,1.30,2.60%,0.32,0.13%,1.52%,0.05%,1.84%,0.04%,0.63%,0.03%,0.59%,0.02%,0.18%,0.02%,0.20%,0.01%,0.31%,0.01%,0.08%,0.01%,0.08%,0.01%,0.13%,0.01%,0.07%,0.01%,0.06%,0.00,0.24,0.00,0.17,0.00,0.10,0.00,0.04,0.00,0.02,0.00,0.04,0.00,0.04,0.00,0.02,0.00,0.01,0.00,0.01,0.00,0.01,0.00,0.01,227.60,234.30,235.98,0.00,0.00,0.00,2.56%,0.00,0.12%,1.54%,0.05%,1.75%,0.04%,0.64%,0.03%,0.66%,0.02%,0.14%,0.02%,0.14%,0.02%,0.35%,0.01%,0.09%,0.01%,0.03%,0.01%,0.15%,0.01%,0.04%,0.01%,0.03%,0.00,0.00,0.00,0.00,0.00,0.00,0.00,0.00,0.00,0.00,0.00,0.00,0.00,0.00,0.00,0.00,0.00,0.00,0.00,0.00,0.00,0.00,0.00,0.00,672,-0.866,576,-60,59.95,60.00,60.05
27-Jul-2018 15:40:00,10.000,Y,115.72,116.70,117.06,3.43,3.61,5.27,2.45%,2.32,0.12%,1.63%,0.04%,1.26%,0.03%,0.66%,0.02%,0.88%,0.02%,0.40%,0.02%,0.31%,0.01%,0.43%,0.01%,0.12%,0.01%,0.09%,0.01%,0.18%,0.01%,0.04%,0.01%,0.07%,0.01,1.71,0.01,0.89,0.01,0.75,0.01,0.73,0.01,0.50,0.01,0.36,0.01,0.33,0.01,0.22,0.01,0.14,0.01,0.14,0.01,0.09,0.00,0.05,115.42,116.86,117.46,0.65,0.74,1.28,2.57%,0.34,0.12%,1.63%,0.05%,1.51%,0.03%,0.78%,0.02%,0.72%,0.02%,0.38%,0.02%,0.41%,0.02%,0.36%,0.01%,0.17%,0.01%,0.12%,0.01%,0.14%,0.01%,0.11%,0.01%,0.05%,0.00,0.25,0.00,0.19,0.00,0.12,0.00,0.05,0.00,0.02,0.00,0.04,0.00,0.05,0.00,0.02,0.00,0.01,0.00,0.01,0.00,0.01,0.00,0.01,231.46,232.78,233.50,0.00,0.00,0.00,2.49%,0.00,0.12%,1.63%,0.04%,1.38%,0.03%,0.71%,0.02%,0.80%,0.02%,0.38%,0.02%,0.34%,0.01%,0.39%,0.01%,0.15%,0.01%,0.08%,0.01%,0.16%,0.01%,0.07%,0.01%,0.04%,0.00,0.00,0.00,0.00,0.00,0.00,0.00,0.00,0.00,0.00,0.00,0.00,0.00,0.00,0.00,0.00,0.00,0.00,0.00,0.00,0.00,0.00,0.00,0.00,504,-0.763,384,-48,59.96,60.00,60.05
27-Jul-2018 15:50:00,10.000,Y,115.36,116.66,117.10,3.14,3.53,3.87,2.46%,2.29,0.12%,1.64%,0.04%,1.26%,0.03%,0.68%,0.02%,0.90%,0.02%,0.40%,0.02%,0.31%,0.02%,0.44%,0.01%,0.13%,0.01%,0.10%,0.01%,0.18%,0.01%,0.03%,0.01%,0.06%,0.01,1.68,0.01,0.88,0.01,0.75,0.01,0.72,0.01,0.50,0.01,0.35,0.01,0.32,0.01,0.21,0.01,0.13,0.01,0.13,0.00,0.08,0.00,0.05,116.26,117.24,117.74,0.64,0.75,1.33,2.59%,0.34,0.12%,1.60%,0.04%,1.51%,0.03%,0.83%,0.02%,0.76%,0.02%,0.40%,0.02%,0.42%,0.02%,0.37%,0.01%,0.18%,0.01%,0.12%,0.01%,0.15%,0.01%,0.11%,0.01%,0.06%,0.00,0.24,0.00,0.19,0.00,0.11,0.00,0.05,0.00,0.02,0.00,0.04,0.00,0.05,0.00,0.02,0.00,0.01,0.00,0.01,0.00,0.01,0.00,0.01,231.56,233.10,233.92,0.00,0.00,0.00,2.51%,0.00,0.12%,1.62%,0.04%,1.39%,0.03%,0.74%,0.02%,0.82%,0.02%,0.39%,0.02%,0.35%,0.01%,0.40%,0.01%,0.15%,0.01%,0.09%,0.01%,0.16%,0.01%,0.07%,0.01%,0.04%,0.00,0.00,0.00,0.00,0.00,0.00,0.00,0.00,0.00,0.00,0.00,0.00,0.00,0.00,0.00,0.00,0.00,0.00,0.00,0.00,0.00,0.00,0.00,0.00,492,-0.763,384,-48,59.94,60.00,60.05
27-Jul-2018 16:00:00,10.000,Y,115.00,116.14,116.82,3.11,8.18,22.09,2.44%,1.98,0.12%,1.61%,0.05%,1.29%,0.03%,0.68%,0.02%,0.86%,0.02%,0.40%,0.02%,0.31%,0.01%,0.41%,0.01%,0.12%,0.01%,0.10%,0.01%,0.16%,0.01%,0.03%,0.01%,0.06%,0.02,1.41,0.01,0.78,0.01,0.70,0.01,0.65,0.01,0.40,0.01,0.32,0.01,0.27,0.01,0.18,0.01,0.12,0.00,0.11,0.00,0.07,0.00,0.05,115.86,117.30,118.06,0.63,0.74,1.45,2.57%,0.34,0.12%,1.59%,0.05%,1.50%,0.03%,0.80%,0.02%,0.76%,0.02%,0.41%,0.02%,0.41%,0.02%,0.37%,0.01%,0.19%,0.01%,0.12%,0.01%,0.14%,0.01%,0.12%,0.01%,0.06%,0.00,0.24,0.00,0.18,0.00,0.11,0.00,0.05,0.00,0.02,0.00,0.04,0.00,0.05,0.00,0.02,0.00,0.01,0.00,0.01,0.00,0.01,0.00,0.01,231.16,232.64,233.42,0.00,0.00,0.00,2.49%,0.00,0.12%,1.60%,0.05%,1.39%,0.03%,0.73%,0.02%,0.81%,0.02%,0.40%,0.02%,0.34%,0.01%,0.38%,0.01%,0.15%,0.01%,0.09%,0.01%,0.15%,0.01%,0.07%,0.01%,0.04%,0.00,0.00,0.00,0.00,0.00,0.00,0.00,0.00,0.00,0.00,0.00,0.00,0.00,0.00,0.00,0.00,0.00,0.00,0.00,0.00,0.00,0.00,0.00,0.00,1032,-0.966,984,0,59.94,59.99,60.07
27-Jul-2018 16:10:00,10.000,Y,114.76,116.46,117.46,3.83,4.56,10.85,2.42%,2.17,0.14%,1.59%,0.05%,1.29%,0.03%,0.66%,0.03%,0.86%,0.02%,0.39%,0.02%,0.29%,0.02%,0.40%,0.02%,0.13%,0.01%,0.09%,0.01%,0.16%,0.01%,0.03%,0.01%,0.06%,0.02,1.56,0.01,0.86,0.01,0.73,0.01,0.71,0.01,0.45,0.01,0.33,0.01,0.28,0.01,0.19,0.01,0.13,0.01,0.12,0.00,0.08,0.00,0.06,114.88,116.28,117.80,0.64,0.74,1.22,2.53%,0.34,0.13%,1.57%,0.05%,1.49%,0.03%,0.77%,0.02%,0.76%,0.02%,0.40%,0.02%,0.40%,0.02%,0.34%,0.01%,0.19%,0.01%,0.11%,0.01%,0.13%,0.01%,0.12%,0.01%,0.06%,0.00,0.25,0.00,0.18,0.00,0.11,0.00,0.05,0.00,0.02,0.00,0.04,0.00,0.04,0.00,0.02,0.00,0.01,0.00,0.01,0.00,0.01,0.00,0.01,229.54,231.94,233.52,0.00,0.00,0.00,2.46%,0.00,0.14%,1.58%,0.05%,1.39%,0.03%,0.71%,0.02%,0.81%,0.02%,0.39%,0.02%,0.33%,0.02%,0.37%,0.01%,0.16%,0.01%,0.08%,0.01%,0.15%,0.01%,0.07%,0.01%,0.04%,0.00,0.00,0.00,0.00,0.00,0.00,0.00,0.00,0.00,0.00,0.00,0.00,0.00,0.00,0.00,0.00,0.00,0.00,0.00,0.00,0.00,0.00,0.00,0.00,612,0.847,528,24,59.96,60.01,60.07
27-Jul-2018 16:20:00,10.000,Y,115.58,116.84,117.36,3.53,4.40,11.00,2.50%,2.14,0.14%,1.63%,0.05%,1.36%,0.04%,0.65%,0.03%,0.89%,0.02%,0.42%,0.02%,0.30%,0.02%,0.42%,0.02%,0.13%,0.01%,0.10%,0.01%,0.17%,0.01%,0.03%,0.01%,0.07%,0.02,1.54,0.01,0.85,0.01,0.72,0.01,0.71,0.01,0.45,0.01,0.32,0.01,0.27,0.01,0.19,0.01,0.13,0.01,0.13,0.00,0.09,0.00,0.07,115.24,116.86,117.64,0.64,0.74,1.52,2.60%,0.34,0.14%,1.60%,0.06%,1.56%,0.04%,0.76%,0.03%,0.76%,0.02%,0.41%,0.02%,0.40%,0.02%,0.36%,0.02%,0.20%,0.01%,0.12%,0.01%,0.14%,0.01%,0.13%,0.01%,0.06%,0.00,0.24,0.00,0.18,0.00,0.11,0.00,0.05,0.00,0.02,0.00,0.04,0.00,0.04,0.00,0.02,0.00,0.01,0.00,0.01,0.00,0.01,0.00,0.01,230.26,232.90,233.96,0.00,0.00,0.00,2.54%,0.00,0.14%,1.61%,0.05%,1.46%,0.04%,0.70%,0.03%,0.82%,0.02%,0.41%,0.02%,0.33%,0.02%,0.39%,0.02%,0.17%,0.01%,0.09%,0.01%,0.15%,0.01%,0.08%,0.01%,0.05%,0.00,0.00,0.00,0.00,0.00,0.00,0.00,0.00,0.00,0.00,0.00,0.00,0.00,0.00,0.00,0.00,0.00,0.00,0.00,0.00,0.00,0.00,0.00,0.00,600,0.846,516,36,59.97,60.01,60.06
27-Jul-2018 16:30:00,10.000,Y,115.88,117.04,117.48,3.48,4.15,10.59,2.49%,1.97,0.14%,1.65%,0.05%,1.30%,0.04%,0.67%,0.03%,0.88%,0.02%,0.43%,0.02%,0.30%,0.02%,0.43%,0.02%,0.14%,0.01%,0.10%,0.01%,0.17%,0.01%,0.04%,0.01%,0.07%,0.02,1.42,0.01,0.77,0.01,0.66,0.01,0.66,0.01,0.42,0.01,0.30,0.01,0.25,0.01,0.18,0.01,0.12,0.00,0.12,0.01,0.08,0.00,0.06,116.16,117.36,117.86,0.63,0.74,1.48,2.60%,0.34,0.14%,1.63%,0.05%,1.49%,0.04%,0.79%,0.03%,0.78%,0.02%,0.44%,0.02%,0.41%,0.02%,0.38%,0.02%,0.22%,0.01%,0.14%,0.01%,0.13%,0.01%,0.13%,0.01%,0.08%,0.00,0.25,0.00,0.18,0.00,0.11,0.00,0.05,0.00,0.03,0.00,0.04,0.00,0.04,0.00,0.02,0.00,0.01,0.00,0.01,0.00,0.01,0.00,0.01,232.02,233.60,234.52,0.00,0.00,0.00,2.54%,0.00,0.14%,1.64%,0.05%,1.40%,0.04%,0.72%,0.03%,0.83%,0.02%,0.43%,0.02%,0.34%,0.02%,0.40%,0.02%,0.18%,0.01%,0.10%,0.01%,0.15%,0.01%,0.08%,0.01%,0.06%,0.00,0.00,0.00,0.00,0.00,0.00,0.00,0.00,0.00,0.00,0.00,0.00,0.00,0.00,0.00,0.00,0.00,0.00,0.00,0.00,0.00,0.00,0.00,0.00,564,0.849,492,36,59.93,60.01,60.05
27-Jul-2018 16:40:00,10.000,Y,115.80,117.16,117.70,3.50,4.39,10.90,2.51%,2.17,0.11%,1.67%,0.04%,1.30%,0.02%,0.68%,0.02%,0.89%,0.02%,0.44%,0.01%,0.30%,0.01%,0.45%,0.01%,0.15%,0.01%,0.10%,0.01%,0.18%,0.01%,0.04%,0.01%,0.07%,0.01,1.56,0.01,0.86,0.01,0.73,0.01,0.73,0.01,0.46,0.01,0.33,0.01,0.28,0.01,0.20,0.01,0.14,0.01,0.13,0.00,0.09,0.00,0.07,116.02,117.40,118.04,0.62,0.73,1.17,2.62%,0.33,0.11%,1.65%,0.04%,1.48%,0.03%,0.81%,0.02%,0.79%,0.02%,0.45%,0.02%,0.41%,0.01%,0.38%,0.01%,0.23%,0.01%,0.14%,0.01%,0.14%,0.01%,0.13%,0.01%,0.07%,0.00,0.24,0.00,0.18,0.00,0.11,0.00,0.04,0.00,0.03,0.00,0.04,0.00,0.04,0.00,0.02,0.00,0.01,0.00,0.01,0.00,0.01,0.00,0.01,231.16,233.76,234.86,0.00,0.00,0.00,2.55%,0.00,0.11%,1.66%,0.04%,1.39%,0.02%,0.74%,0.02%,0.84%,0.02%,0.44%,0.01%,0.34%,0.01%,0.41%,0.01%,0.19%,0.01%,0.10%,0.01%,0.16%,0.01%,0.09%,0.01%,0.06%,0.00,0.00,0.00,0.00,0.00,0.00,0.00,0.00,0.00,0.00,0.00,0.00,0.00,0.00,0.00,0.00,0.00,0.00,0.00,0.00,0.00,0.00,0.00,0.00,600,0.841,504,36,59.95,59.99,60.03
27-Jul-2018 16:50:00,10.000,Y,116.08,117.28,117.76,3.50,4.20,10.66,2.53%,2.12,0.14%,1.68%,0.05%,1.29%,0.03%,0.72%,0.03%,0.88%,0.02%,0.43%,0.02%,0.30%,0.02%,0.45%,0.01%,0.15%,0.01%,0.10%,0.01%,0.18%,0.01%,0.04%,0.01%,0.07%,0.01,1.51,0.01,0.82,0.01,0.71,0.01,0.72,0.01,0.47,0.01,0.34,0.01,0.28,0.01,0.20,0.01,0.13,0.01,0.14,0.01,0.10,0.01,0.09,116.14,117.56,118.14,0.64,0.74,1.33,2.60%,0.33,0.14%,1.65%,0.05%,1.45%,0.04%,0.81%,0.03%,0.78%,0.02%,0.44%,0.02%,0.40%,0.02%,0.38%,0.01%,0.23%,0.01%,0.14%,0.01%,0.14%,0.01%,0.13%,0.01%,0.08%,0.00,0.25,0.00,0.18,0.00,0.11,0.00,0.05,0.00,0.03,0.00,0.04,0.00,0.04,0.00,0.02,0.00,0.01,0.00,0.01,0.00,0.01,0.00,0.01,231.44,234.04,234.96,0.00,0.00,0.00,2.56%,0.00,0.14%,1.67%,0.05%,1.37%,0.03%,0.76%,0.03%,0.83%,0.02%,0.43%,0.02%,0.33%,0.02%,0.41%,0.01%,0.19%,0.01%,0.10%,0.01%,0.16%,0.01%,0.08%,0.01%,0.06%,0.00,0.00,0.00,0.00,0.00,0.00,0.00,0.00,0.00,0.00,0.00,0.00,0.00,0.00,0.00,0.00,0.00,0.00,0.00,0.00,0.00,0.00,0.00,0.00,576,0.841,492,36,59.96,60.01,60.05
27-Jul-2018 17:00:00,10.000,Y,116.06,117.28,117.66,3.50,3.81,10.40,2.53%,1.96,0.15%,1.70%,0.05%,1.28%,0.03%,0.73%,0.03%,0.89%,0.03%,0.41%,0.02%,0.30%,0.02%,0.44%,0.02%,0.16%,0.01%,0.10%,0.01%,0.18%,0.01%,0.04%,0.01%,0.07%,0.02,1.41,0.01,0.75,0.01,0.65,0.01,0.66,0.01,0.43,0.01,0.31,0.01,0.27,0.01,0.19,0.01,0.13,0.01,0.12,0.01,0.09,0.00,0.07,115.88,117.32,117.88,0.63,0.75,1.31,2.61%,0.34,0.14%,1.69%,0.05%,1.44%,0.03%,0.78%,0.03%,0.79%,0.03%,0.43%,0.02%,0.39%,0.02%,0.37%,0.02%,0.22%,0.01%,0.13%,0.01%,0.13%,0.01%,0.13%,0.01%,0.07%,0.00,0.25,0.00,0.18,0.00,0.11,0.00,0.05,0.00,0.02,0.00,0.04,0.00,0.04,0.00,0.02,0.00,0.01,0.00,0.01,0.00,0.01,0.00,0.01,231.18,233.82,234.46,0.00,0.00,0.00,2.56%,0.00,0.14%,1.69%,0.05%,1.36%,0.03%,0.75%,0.03%,0.84%,0.03%,0.42%,0.02%,0.33%,0.02%,0.40%,0.02%,0.19%,0.01%,0.09%,0.01%,0.15%,0.01%,0.09%,0.01%,0.05%,0.00,0.00,0.00,0.00,0.00,0.00,0.00,0.00,0.00,0.00,0.00,0.00,0.00,0.00,0.00,0.00,0.00,0.00,0.00,0.00,0.00,0.00,0.00,0.00,528,0.843,444,48,59.96,60.01,60.07
27-Jul-2018 17:10:00,10.000,Y,116.00,117.58,118.14,3.50,3.97,5.53,2.55%,2.12,0.14%,1.73%,0.05%,1.27%,0.03%,0.71%,0.03%,0.90%,0.02%,0.41%,0.02%,0.29%,0.02%,0.46%,0.02%,0.16%,0.01%,0.09%,0.01%,0.19%,0.01%,0.05%,0.01%,0.06%,0.01,1.54,0.01,0.83,0.01,0.70,0.01,0.70,0.01,0.46,0.01,0.33,0.01,0.29,0.01,0.20,0.01,0.12,0.01,0.11,0.00,0.07,0.00,0.06,115.86,117.56,118.10,0.63,0.72,1.17,2.67%,0.32,0.14%,1.72%,0.05%,1.45%,0.03%,0.82%,0.03%,0.85%,0.02%,0.47%,0.02%,0.40%,0.02%,0.39%,0.02%,0.25%,0.01%,0.17%,0.01%,0.15%,0.01%,0.15%,0.01%,0.09%,0.00,0.23,0.00,0.17,0.00,0.10,0.00,0.04,0.00,0.03,0.00,0.05,0.00,0.05,0.00,0.02,0.00,0.01,0.00,0.01,0.00,0.01,0.00,0.01,231.16,234.32,235.34,0.00,0.00,0.00,2.60%,0.00,0.13%,1.72%,0.05%,1.36%,0.03%,0.76%,0.03%,0.88%,0.02%,0.44%,0.02%,0.33%,0.02%,0.42%,0.02%,0.20%,0.01%,0.11%,0.01%,0.16%,0.01%,0.10%,0.01%,0.06%,0.00,0.00,0.00,0.00,0.00,0.00,0.00,0.00,0.00,0.00,0.00,0.00,0.00,0.00,0.00,0.00,0.00,0.00,0.00,0.00,0.00,0.00,0.00,0.00,552,0.897,456,36,59.95,60.01,60.05
27-Jul-2018 17:20:00,10.000,Y,116.40,117.76,118.18,4.94,5.48,7.16,2.56%,3.07,0.13%,1.75%,0.05%,1.21%,0.03%,0.67%,0.03%,0.96%,0.02%,0.46%,0.02%,0.27%,0.02%,0.47%,0.02%,0.17%,0.01%,0.08%,0.01%,0.19%,0.01%,0.06%,0.01%,0.07%,0.02,2.28,0.01,1.24,0.01,1.01,0.01,0.97,0.01,0.61,0.01,0.41,0.01,0.34,0.01,0.21,0.01,0.11,0.01,0.12,0.01,0.08,0.00,0.08,116.48,117.82,118.60,0.62,0.73,1.24,2.76%,0.34,0.13%,1.79%,0.05%,1.50%,0.03%,0.81%,0.02%,0.84%,0.02%,0.49%,0.02%,0.41%,0.02%,0.41%,0.02%,0.25%,0.01%,0.18%,0.01%,0.15%,0.01%,0.14%,0.01%,0.09%,0.00,0.25,0.00,0.18,0.00,0.11,0.00,0.05,0.00,0.03,0.00,0.04,0.00,0.05,0.00,0.02,0.00,0.01,0.00,0.01,0.00,0.01,0.00,0.01,232.10,234.78,235.80,0.00,0.00,0.00,2.64%,0.00,0.13%,1.77%,0.05%,1.35%,0.03%,0.74%,0.03%,0.90%,0.02%,0.47%,0.02%,0.32%,0.02%,0.43%,0.02%,0.21%,0.01%,0.11%,0.01%,0.17%,0.01%,0.10%,0.01%,0.07%,0.00,0.00,0.00,0.00,0.00,0.00,0.00,0.00,0.00,0.00,0.00,0.00,0.00,0.00,0.00,0.00,0.00,0.00,0.00,0.00,0.00,0.00,0.00,0.00,732,-0.844,600,0,59.95,60.00,60.05
27-Jul-2018 17:30:00,10.000,Y,116.16,117.40,117.90,5.50,5.87,6.15,2.59%,3.40,0.11%,1.82%,0.04%,1.19%,0.03%,0.61%,0.02%,0.99%,0.02%,0.48%,0.02%,0.25%,0.01%,0.47%,0.01%,0.19%,0.01%,0.08%,0.01%,0.19%,0.01%,0.06%,0.01%,0.07%,0.02,2.49,0.01,1.39,0.01,1.11,0.01,1.08,0.01,0.70,0.01,0.47,0.01,0.40,0.01,0.27,0.01,0.15,0.01,0.16,0.01,0.10,0.01,0.08,116.62,117.78,118.54,0.62,0.73,1.25,2.68%,0.33,0.11%,1.74%,0.04%,1.45%,0.03%,0.81%,0.02%,0.85%,0.02%,0.44%,0.02%,0.42%,0.01%,0.41%,0.01%,0.22%,0.01%,0.17%,0.01%,0.14%,0.01%,0.14%,0.01%,0.09%,0.00,0.24,0.00,0.18,0.00,0.11,0.00,0.05,0.00,0.03,0.00,0.04,0.00,0.04,0.00,0.02,0.00,0.01,0.00,0.01,0.00,0.01,0.00,0.01,232.70,234.38,235.58,0.00,0.00,0.00,2.62%,0.00,0.11%,1.78%,0.04%,1.32%,0.03%,0.70%,0.02%,0.91%,0.02%,0.46%,0.02%,0.32%,0.01%,0.43%,0.01%,0.20%,0.01%,0.11%,0.01%,0.16%,0.01%,0.09%,0.01%,0.06%,0.00,0.00,0.00,0.00,0.00,0.00,0.00,0.00,0.00,0.00,0.00,0.00,0.00,0.00,0.00,0.00,0.00,0.00,0.00,0.00,0.00,0.00,0.00,0.00,768,-0.814,624,0,59.96,59.99,60.03
27-Jul-2018 17:40:00,10.000,Y,115.50,116.96,117.48,5.57,5.84,6.14,2.66%,3.35,0.12%,1.93%,0.05%,1.19%,0.03%,0.57%,0.02%,0.99%,0.02%,0.51%,0.02%,0.23%,0.02%,0.47%,0.01%,0.20%,0.01%,0.08%,0.01%,0.19%,0.01%,0.05%,0.01%,0.07%,0.02,2.48,0.01,1.38,0.01,1.08,0.02,1.04,0.02,0.67,0.01,0.45,0.01,0.38,0.01,0.25,0.01,0.14,0.01,0.15,0.00,0.10,0.01,0.08,115.94,117.46,118.08,0.60,0.72,1.25,2.68%,0.33,0.13%,1.78%,0.05%,1.40%,0.03%,0.77%,0.02%,0.89%,0.02%,0.45%,0.02%,0.40%,0.02%,0.39%,0.01%,0.23%,0.01%,0.19%,0.01%,0.13%,0.01%,0.13%,0.01%,0.10%,0.00,0.24,0.00,0.17,0.00,0.11,0.00,0.05,0.00,0.03,0.00,0.04,0.00,0.04,0.00,0.02,0.00,0.01,0.00,0.01,0.00,0.01,0.00,0.01,230.68,233.64,234.60,0.00,0.00,0.00,2.65%,0.00,0.12%,1.85%,0.05%,1.29%,0.03%,0.67%,0.02%,0.93%,0.02%,0.48%,0.02%,0.30%,0.02%,0.42%,0.01%,0.21%,0.01%,0.11%,0.01%,0.15%,0.01%,0.08%,0.01%,0.07%,0.00,0.00,0.00,0.00,0.00,0.00,0.00,0.00,0.00,0.00,0.00,0.00,0.00,0.00,0.00,0.00,0.00,0.00,0.00,0.00,0.00,0.00,0.00,0.00,768,-0.817,624,0,59.96,60.00,60.04
27-Jul-2018 17:50:00,10.000,Y,115.66,117.06,117.76,3.89,6.00,7.74,2.73%,3.47,0.11%,1.99%,0.04%,1.23%,0.03%,0.55%,0.02%,1.00%,0.02%,0.54%,0.02%,0.23%,0.02%,0.47%,0.01%,0.20%,0.01%,0.08%,0.01%,0.19%,0.01%,0.05%,0.01%,0.08%,0.02,2.58,0.01,1.44,0.01,1.11,0.02,1.07,0.02,0.69,0.01,0.45,0.01,0.38,0.01,0.25,0.01,0.14,0.01,0.16,0.01,0.11,0.01,0.08,115.82,117.38,118.08,0.64,0.73,1.24,2.79%,0.34,0.11%,1.88%,0.04%,1.44%,0.03%,0.78%,0.02%,0.92%,0.02%,0.46%,0.02%,0.44%,0.02%,0.42%,0.01%,0.22%,0.01%,0.18%,0.01%,0.15%,0.01%,0.14%,0.01%,0.11%,0.00,0.24,0.00,0.18,0.00,0.11,0.00,0.05,0.00,0.03,0.00,0.04,0.00,0.05,0.00,0.02,0.00,0.01,0.00,0.01,0.00,0.01,0.00,0.01,230.70,233.64,234.66,0.00,0.00,0.00,2.74%,0.00,0.11%,1.94%,0.04%,1.33%,0.03%,0.66%,0.02%,0.96%,0.02%,0.50%,0.02%,0.32%,0.01%,0.44%,0.01%,0.21%,0.01%,0.11%,0.01%,0.17%,0.01%,0.09%,0.01%,0.08%,0.00,0.00,0.00,0.00,0.00,0.00,0.00,0.00,0.00,0.00,0.00,0.00,0.00,0.00,0.00,0.00,0.00,0.00,0.00,0.00,0.00,0.00,0.00,0.00,792,-0.814,636,0,59.95,59.99,60.04
27-Jul-2018 18:00:00,10.000,Y,115.00,116.44,117.08,5.52,5.73,6.09,2.78%,3.25,0.15%,2.07%,0.06%,1.23%,0.04%,0.49%,0.03%,0.99%,0.03%,0.55%,0.02%,0.20%,0.02%,0.45%,0.02%,0.20%,0.01%,0.07%,0.01%,0.18%,0.01%,0.05%,0.01%,0.08%,0.02,2.44,0.02,1.37,0.02,1.02,0.02,0.97,0.02,0.61,0.01,0.37,0.01,0.32,0.01,0.22,0.01,0.13,0.01,0.15,0.01,0.10,0.01,0.08,115.30,116.76,117.52,0.67,0.96,1.57,2.97%,0.49,0.15%,2.09%,0.05%,1.50%,0.04%,0.73%,0.03%,0.95%,0.02%,0.47%,0.02%,0.44%,0.02%,0.44%,0.02%,0.24%,0.02%,0.21%,0.01%,0.15%,0.01%,0.14%,0.01%,0.12%,0.00,0.38,0.00,0.26,0.00,0.13,0.00,0.03,0.00,0.05,0.00,0.06,0.00,0.04,0.00,0.01,0.00,0.02,0.00,0.02,0.00,0.01,0.00,0.01,230.04,232.42,233.58,0.00,0.00,0.00,2.86%,0.00,0.15%,2.08%,0.05%,1.36%,0.04%,0.61%,0.03%,0.96%,0.02%,0.51%,0.02%,0.32%,0.02%,0.43%,0.02%,0.21%,0.01%,0.12%,0.01%,0.16%,0.01%,0.08%,0.01%,0.08%,0.00,0.00,0.00,0.00,0.00,0.00,0.00,0.00,0.00,0.00,0.00,0.00,0.00,0.00,0.00,0.00,0.00,0.00,0.00,0.00,0.00,0.00,0.00,0.00,780,-0.817,636,0,59.95,60.01,60.06
27-Jul-2018 18:10:00,10.000,Y,114.10,115.92,116.46,5.55,5.70,5.82,2.94%,3.22,0.13%,2.19%,0.05%,1.33%,0.03%,0.48%,0.02%,1.10%,0.03%,0.53%,0.02%,0.22%,0.02%,0.44%,0.02%,0.18%,0.01%,0.09%,0.01%,0.17%,0.01%,0.03%,0.01%,0.08%,0.02,2.45,0.01,1.39,0.01,1.00,0.02,0.92,0.02,0.55,0.01,0.32,0.01,0.26,0.01,0.18,0.01,0.10,0.01,0.13,0.01,0.09,0.01,0.07,115.10,116.34,117.64,0.82,0.95,1.42,2.98%,0.49,0.13%,2.12%,0.05%,1.49%,0.03%,0.66%,0.02%,1.03%,0.03%,0.45%,0.02%,0.43%,0.02%,0.39%,0.01%,0.18%,0.01%,0.15%,0.01%,0.11%,0.01%,0.12%,0.01%,0.07%,0.00,0.38,0.00,0.26,0.00,0.14,0.00,0.04,0.00,0.04,0.00,0.05,0.00,0.03,0.00,0.01,0.00,0.02,0.00,0.02,0.00,0.01,0.00,0.00,228.96,231.46,232.32,0.00,0.00,0.00,2.95%,0.00,0.13%,2.16%,0.05%,1.41%,0.03%,0.56%,0.02%,1.06%,0.03%,0.49%,0.02%,0.32%,0.02%,0.41%,0.02%,0.17%,0.01%,0.10%,0.01%,0.14%,0.01%,0.07%,0.01%,0.06%,0.00,0.00,0.00,0.00,0.00,0.00,0.00,0.00,0.00,0.00,0.00,0.00,0.00,0.00,0.00,0.00,0.00,0.00,0.00,0.00,0.00,0.00,0.00,0.00,768,-0.818,636,-12,59.95,60.00,60.06
27-Jul-2018 18:20:00,10.000,Y,114.72,115.88,116.36,4.88,5.42,6.78,3.13%,3.00,0.13%,2.32%,0.05%,1.45%,0.03%,0.53%,0.03%,1.24%,0.02%,0.43%,0.02%,0.24%,0.02%,0.38%,0.02%,0.12%,0.01%,0.09%,0.01%,0.14%,0.01%,0.02%,0.01%,0.07%,0.02,2.31,0.01,1.31,0.01,0.91,0.02,0.81,0.01,0.49,0.01,0.27,0.01,0.22,0.01,0.16,0.01,0.10,0.01,0.13,0.01,0.09,0.00,0.06,113.88,115.70,116.72,0.58,0.86,1.47,3.10%,0.46,0.14%,2.23%,0.05%,1.55%,0.03%,0.67%,0.03%,1.14%,0.02%,0.41%,0.02%,0.39%,0.02%,0.32%,0.01%,0.14%,0.01%,0.08%,0.01%,0.08%,0.01%,0.09%,0.01%,0.04%,0.00,0.36,0.00,0.23,0.00,0.13,0.00,0.04,0.00,0.05,0.00,0.05,0.00,0.03,0.00,0.02,0.00,0.01,0.00,0.02,0.00,0.02,0.00,0.01,228.68,230.80,232.26,0.00,0.00,0.00,3.11%,0.00,0.13%,2.27%,0.05%,1.50%,0.03%,0.59%,0.03%,1.19%,0.02%,0.42%,0.02%,0.31%,0.02%,0.34%,0.01%,0.13%,0.01%,0.07%,0.01%,0.11%,0.01%,0.04%,0.01%,0.04%,0.00,0.00,0.00,0.00,0.00,0.00,0.00,0.00,0.00,0.00,0.00,0.00,0.00,0.00,0.00,0.00,0.00,0.00,0.00,0.00,0.00,0.00,0.00,0.00,720,-0.822,600,0,59.94,60.01,60.06
27-Jul-2018 18:30:00,10.000,Y,114.62,115.82,116.36,0.92,2.57,6.00,3.09%,1.17,0.08%,2.25%,0.03%,1.56%,0.02%,0.58%,0.02%,1.17%,0.02%,0.38%,0.01%,0.27%,0.01%,0.31%,0.01%,0.12%,0.01%,0.07%,0.01%,0.11%,0.01%,0.03%,0.01%,0.04%,0.01,0.91,0.00,0.48,0.00,0.33,0.00,0.34,0.01,0.19,0.00,0.12,0.00,0.09,0.00,0.06,0.00,0.04,0.00,0.05,0.00,0.03,0.00,0.02,114.82,115.98,116.46,0.21,0.21,0.72,3.23%,0.13,0.08%,2.36%,0.03%,1.61%,0.02%,0.64%,0.02%,1.21%,0.02%,0.41%,0.01%,0.38%,0.01%,0.31%,0.01%,0.15%,0.01%,0.07%,0.01%,0.08%,0.01%,0.07%,0.01%,0.03%,0.00,0.11,0.00,0.06,0.00,0.04,0.00,0.01,0.00,0.02,0.00,0.02,0.00,0.01,0.00,0.01,0.00,0.01,0.00,0.01,0.00,0.01,0.00,0.00,229.12,231.02,231.98,0.00,0.00,0.00,3.16%,0.00,0.08%,2.30%,0.03%,1.58%,0.02%,0.61%,0.02%,1.19%,0.02%,0.39%,0.01%,0.32%,0.01%,0.31%,0.01%,0.13%,0.01%,0.05%,0.01%,0.09%,0.01%,0.04%,0.01%,0.02%,0.00,0.00,0.00,0.00,0.00,0.00,0.00,0.00,0.00,0.00,0.00,0.00,0.00,0.00,0.00,0.00,0.00,0.00,0.00,0.00,0.00,0.00,0.00,0.00,324,0.835,252,60,59.93,59.98,60.04
27-Jul-2018 18:40:00,10.000,Y,114.76,116.02,116.52,0.93,1.01,1.07,3.15%,0.16,0.10%,2.28%,0.04%,1.65%,0.03%,0.59%,0.02%,1.13%,0.02%,0.41%,0.01%,0.29%,0.01%,0.30%,0.01%,0.12%,0.01%,0.07%,0.01%,0.11%,0.01%,0.03%,0.01%,0.03%,0.01,0.12,0.00,0.04,0.00,0.03,0.00,0.09,0.00,0.02,0.00,0.04,0.00,0.02,0.00,0.00,0.00,0.01,0.00,0.00,0.00,0.00,0.00,0.00,114.44,115.96,116.56,0.00,0.00,0.32,3.37%,0.00,0.10%,2.50%,0.04%,1.65%,0.03%,0.60%,0.02%,1.23%,0.02%,0.45%,0.02%,0.38%,0.01%,0.32%,0.01%,0.17%,0.01%,0.07%,0.01%,0.11%,0.01%,0.08%,0.01%,0.03%,0.00,0.00,0.00,0.00,0.00,0.00,0.00,0.00,0.00,0.00,0.00,0.00,0.00,0.00,0.00,0.00,0.00,0.00,0.00,0.00,0.00,0.00,0.00,0.00,229.02,231.18,232.08,0.00,0.00,0.00,3.26%,0.00,0.10%,2.39%,0.04%,1.65%,0.03%,0.59%,0.02%,1.18%,0.02%,0.43%,0.01%,0.33%,0.01%,0.31%,0.01%,0.14%,0.01%,0.06%,0.01%,0.11%,0.01%,0.05%,0.01%,0.01%,0.00,0.00,0.00,0.00,0.00,0.00,0.00,0.00,0.00,0.00,0.00,0.00,0.00,0.00,0.00,0.00,0.00,0.00,0.00,0.00,0.00,0.00,0.00,0.00,120,0.678,84,84,59.93,59.98,60.05
27-Jul-2018 18:50:00,10.000,Y,114.88,116.00,116.38,0.93,1.01,1.07,3.15%,0.16,0.10%,2.29%,0.04%,1.64%,0.02%,0.57%,0.02%,1.14%,0.02%,0.41%,0.01%,0.30%,0.01%,0.29%,0.01%,0.11%,0.01%,0.07%,0.01%,0.10%,0.01%,0.02%,0.01%,0.04%,0.01,0.12,0.00,0.03,0.00,0.03,0.00,0.09,0.00,0.02,0.00,0.04,0.00,0.02,0.00,0.01,0.00,0.01,0.00,0.00,0.00,0.00,0.00,0.00,115.22,116.26,116.66,0.00,0.00,0.33,3.36%,0.00,0.10%,2.48%,0.04%,1.65%,0.02%,0.59%,0.02%,1.25%,0.02%,0.45%,0.01%,0.38%,0.01%,0.32%,0.01%,0.17%,0.01%,0.07%,0.01%,0.09%,0.01%,0.09%,0.01%,0.03%,0.00,0.00,0.00,0.00,0.00,0.00,0.00,0.00,0.00,0.00,0.00,0.00,0.00,0.00,0.00,0.00,0.00,0.00,0.00,0.00,0.00,0.00,0.00,0.00,229.40,231.48,232.22,0.00,0.00,0.00,3.26%,0.00,0.10%,2.39%,0.04%,1.65%,0.02%,0.58%,0.02%,1.19%,0.02%,0.42%,0.01%,0.34%,0.01%,0.30%,0.01%,0.14%,0.01%,0.06%,0.01%,0.10%,0.01%,0.05%,0.01%,0.01%,0.00,0.00,0.00,0.00,0.00,0.00,0.00,0.00,0.00,0.00,0.00,0.00,0.00,0.00,0.00,0.00,0.00,0.00,0.00,0.00,0.00,0.00,0.00,0.00,120,0.678,84,84,59.94,59.99,60.04
27-Jul-2018 19:00:00,10.000,Y,114.92,115.94,116.50,0.93,1.01,1.07,3.13%,0.16,0.11%,2.26%,0.04%,1.64%,0.03%,0.57%,0.02%,1.14%,0.02%,0.39%,0.02%,0.29%,0.01%,0.28%,0.01%,0.12%,0.01%,0.06%,0.01%,0.09%,0.01%,0.03%,0.01%,0.04%,0.01,0.12,0.00,0.03,0.00,0.03,0.00,0.09,0.00,0.03,0.00,0.04,0.00,0.02,0.00,0.00,0.00,0.01,0.00,0.00,0.00,0.00,0.00,0.00,114.82,115.82,116.38,0.00,0.00,0.32,3.44%,0.00,0.11%,2.58%,0.04%,1.68%,0.03%,0.58%,0.02%,1.23%,0.02%,0.42%,0.02%,0.39%,0.01%,0.31%,0.01%,0.19%,0.01%,0.09%,0.01%,0.08%,0.01%,0.09%,0.01%,0.05%,0.00,0.00,0.00,0.00,0.00,0.00,0.00,0.00,0.00,0.00,0.00,0.00,0.00,0.00,0.00,0.00,0.00,0.00,0.00,0.00,0.00,0.00,0.00,0.00,229.40,230.98,231.94,0.00,0.00,0.00,3.28%,0.00,0.11%,2.42%,0.04%,1.66%,0.03%,0.57%,0.02%,1.18%,0.02%,0.40%,0.02%,0.34%,0.01%,0.29%,0.01%,0.15%,0.01%,0.07%,0.01%,0.08%,0.01%,0.06%,0.01%,0.03%,0.00,0.00,0.00,0.00,0.00,0.00,0.00,0.00,0.00,0.00,0.00,0.00,0.00,0.00,0.00,0.00,0.00,0.00,0.00,0.00,0.00,0.00,0.00,0.00,120,0.678,84,84,59.92,59.99,60.03
27-Jul-2018 19:10:00,10.000,Y,115.22,116.38,116.94,0.91,1.01,1.07,3.13%,0.16,0.14%,2.27%,0.05%,1.64%,0.03%,0.57%,0.03%,1.14%,0.03%,0.36%,0.02%,0.28%,0.02%,0.28%,0.02%,0.14%,0.01%,0.05%,0.01%,0.10%,0.01%,0.04%,0.01%,0.04%,0.01,0.12,0.00,0.03,0.00,0.03,0.00,0.09,0.00,0.03,0.00,0.04,0.00,0.02,0.00,0.00,0.00,0.01,0.00,0.00,0.00,0.00,0.00,0.00,114.98,116.18,116.72,0.00,0.00,0.33,3.32%,0.00,0.14%,2.47%,0.05%,1.65%,0.04%,0.56%,0.03%,1.19%,0.03%,0.40%,0.02%,0.37%,0.02%,0.25%,0.01%,0.17%,0.01%,0.07%,0.01%,0.06%,0.01%,0.07%,0.01%,0.05%,0.00,0.00,0.00,0.00,0.00,0.00,0.00,0.00,0.00,0.00,0.00,0.00,0.00,0.00,0.00,0.00,0.00,0.00,0.00,0.00,0.00,0.00,0.00,0.00,230.02,231.78,232.66,0.00,0.00,0.00,3.22%,0.00,0.14%,2.37%,0.05%,1.64%,0.03%,0.56%,0.03%,1.16%,0.03%,0.38%,0.02%,0.32%,0.02%,0.26%,0.02%,0.16%,0.01%,0.04%,0.01%,0.07%,0.01%,0.06%,0.01%,0.03%,0.00,0.00,0.00,0.00,0.00,0.00,0.00,0.00,0.00,0.00,0.00,0.00,0.00,0.00,0.00,0.00,0.00,0.00,0.00,0.00,0.00,0.00,0.00,0.00,120,0.673,84,84,59.96,60.01,60.06
27-Jul-2018 19:20:00,10.000,Y,115.46,116.68,117.12,0.92,1.01,1.08,3.16%,0.16,0.13%,2.29%,0.05%,1.65%,0.03%,0.57%,0.03%,1.16%,0.02%,0.37%,0.02%,0.29%,0.02%,0.29%,0.02%,0.15%,0.01%,0.06%,0.01%,0.10%,0.01%,0.04%,0.01%,0.04%,0.01,0.12,0.00,0.03,0.00,0.03,0.00,0.09,0.00,0.03,0.00,0.04,0.00,0.02,0.00,0.00,0.00,0.01,0.00,0.00,0.00,0.00,0.00,0.00,115.10,116.50,117.04,0.00,0.00,0.34,3.45%,0.00,0.14%,2.59%,0.05%,1.68%,0.03%,0.57%,0.03%,1.23%,0.02%,0.42%,0.02%,0.39%,0.02%,0.28%,0.02%,0.20%,0.01%,0.09%,0.01%,0.06%,0.01%,0.08%,0.01%,0.06%,0.00,0.00,0.00,0.00,0.00,0.00,0.00,0.00,0.00,0.00,0.00,0.00,0.00,0.00,0.00,0.00,0.00,0.00,0.00,0.00,0.00,0.00,0.00,0.00,230.72,232.40,233.28,0.00,0.00,0.00,3.30%,0.00,0.13%,2.44%,0.05%,1.67%,0.03%,0.57%,0.03%,1.19%,0.02%,0.39%,0.02%,0.34%,0.02%,0.28%,0.01%,0.17%,0.01%,0.06%,0.01%,0.08%,0.01%,0.06%,0.01%,0.03%,0.00,0.00,0.00,0.00,0.00,0.00,0.00,0.00,0.00,0.00,0.00,0.00,0.00,0.00,0.00,0.00,0.00,0.00,0.00,0.00,0.00,0.00,0.00,0.00,120,0.670,84,84,59.96,60.01,60.05
27-Jul-2018 19:30:00,10.000,Y,115.82,116.88,117.40,0.93,1.01,1.07,3.24%,0.16,0.12%,2.32%,0.04%,1.71%,0.03%,0.60%,0.02%,1.18%,0.02%,0.38%,0.02%,0.33%,0.02%,0.30%,0.01%,0.15%,0.01%,0.06%,0.01%,0.11%,0.01%,0.05%,0.01%,0.05%,0.01,0.12,0.00,0.03,0.00,0.03,0.00,0.09,0.00,0.03,0.00,0.04,0.00,0.02,0.00,0.00,0.00,0.01,0.00,0.00,0.00,0.00,0.00,0.00,115.78,116.88,117.42,0.00,0.00,0.33,3.48%,0.00,0.13%,2.56%,0.04%,1.76%,0.03%,0.62%,0.02%,1.24%,0.02%,0.42%,0.02%,0.42%,0.02%,0.32%,0.01%,0.19%,0.01%,0.07%,0.01%,0.08%,0.01%,0.09%,0.01%,0.05%,0.00,0.00,0.00,0.00,0.00,0.00,0.00,0.00,0.00,0.00,0.00,0.00,0.00,0.00,0.00,0.00,0.00,0.00,0.00,0.00,0.00,0.00,0.00,0.00,231.40,232.96,233.94,0.00,0.00,0.00,3.35%,0.00,0.12%,2.44%,0.04%,1.73%,0.03%,0.61%,0.02%,1.21%,0.02%,0.40%,0.02%,0.37%,0.02%,0.31%,0.01%,0.17%,0.01%,0.06%,0.01%,0.10%,0.01%,0.07%,0.01%,0.03%,0.00,0.00,0.00,0.00,0.00,0.00,0.00,0.00,0.00,0.00,0.00,0.00,0.00,0.00,0.00,0.00,0.00,0.00,0.00,0.00,0.00,0.00,0.00,0.00,120,0.667,84,84,59.95,60.00,60.06
27-Jul-2018 19:40:00,10.000,Y,115.36,116.56,117.28,0.92,1.01,1.07,3.24%,0.16,0.12%,2.28%,0.05%,1.74%,0.03%,0.61%,0.03%,1.20%,0.02%,0.37%,0.02%,0.33%,0.02%,0.30%,0.01%,0.13%,0.01%,0.06%,0.01%,0.11%,0.01%,0.05%,0.01%,0.04%,0.01,0.12,0.00,0.03,0.00,0.03,0.00,0.09,0.00,0.03,0.00,0.04,0.00,0.02,0.00,0.01,0.00,0.01,0.00,0.00,0.00,0.00,0.00,0.00,115.52,116.60,117.28,0.00,0.00,0.32,3.46%,0.00,0.12%,2.49%,0.04%,1.80%,0.03%,0.65%,0.03%,1.25%,0.02%,0.43%,0.02%,0.41%,0.02%,0.32%,0.01%,0.18%,0.01%,0.06%,0.01%,0.10%,0.01%,0.09%,0.01%,0.03%,0.00,0.00,0.00,0.00,0.00,0.00,0.00,0.00,0.00,0.00,0.00,0.00,0.00,0.00,0.00,0.00,0.00,0.00,0.00,0.00,0.00,0.00,0.00,0.00,230.76,232.38,233.70,0.00,0.00,0.00,3.34%,0.00,0.12%,2.39%,0.04%,1.77%,0.03%,0.63%,0.03%,1.22%,0.02%,0.40%,0.02%,0.37%,0.02%,0.30%,0.01%,0.15%,0.01%,0.05%,0.01%,0.10%,0.01%,0.07%,0.01%,0.02%,0.00,0.00,0.00,0.00,0.00,0.00,0.00,0.00,0.00,0.00,0.00,0.00,0.00,0.00,0.00,0.00,0.00,0.00,0.00,0.00,0.00,0.00,0.00,0.00,120,0.668,72,84,59.95,60.00,60.06
27-Jul-2018 19:50:00,10.000,Y,114.94,116.40,116.82,0.92,1.01,1.07,3.23%,0.17,0.11%,2.26%,0.04%,1.75%,0.03%,0.61%,0.02%,1.20%,0.02%,0.38%,0.02%,0.31%,0.02%,0.32%,0.01%,0.13%,0.01%,0.06%,0.01%,0.11%,0.01%,0.05%,0.01%,0.04%,0.01,0.12,0.00,0.03,0.00,0.03,0.00,0.09,0.00,0.03,0.00,0.04,0.00,0.02,0.00,0.00,0.00,0.01,0.00,0.00,0.00,0.00,0.00,0.00,115.18,116.48,117.14,0.00,0.00,0.33,3.61%,0.00,0.11%,2.61%,0.04%,1.90%,0.03%,0.64%,0.02%,1.27%,0.02%,0.44%,0.02%,0.44%,0.02%,0.34%,0.01%,0.20%,0.01%,0.08%,0.01%,0.12%,0.01%,0.09%,0.01%,0.03%,0.00,0.00,0.00,0.00,0.00,0.00,0.00,0.00,0.00,0.00,0.00,0.00,0.00,0.00,0.00,0.00,0.00,0.00,0.00,0.00,0.00,0.00,0.00,0.00,230.30,232.08,233.02,0.00,0.00,0.00,3.41%,0.00,0.11%,2.44%,0.04%,1.82%,0.03%,0.62%,0.02%,1.23%,0.02%,0.41%,0.02%,0.37%,0.01%,0.32%,0.01%,0.16%,0.01%,0.06%,0.01%,0.11%,0.01%,0.07%,0.01%,0.02%,0.00,0.00,0.00,0.00,0.00,0.00,0.00,0.00,0.00,0.00,0.00,0.00,0.00,0.00,0.00,0.00,0.00,0.00,0.00,0.00,0.00,0.00,0.00,0.00,120,0.669,72,84,59.96,59.99,60.04
27-Jul-2018 20:00:00,10.000,Y,115.46,116.50,116.88,0.92,1.01,1.07,3.23%,0.16,0.14%,2.26%,0.05%,1.76%,0.04%,0.60%,0.03%,1.21%,0.03%,0.37%,0.02%,0.31%,0.02%,0.31%,0.02%,0.13%,0.01%,0.06%,0.01%,0.11%,0.01%,0.05%,0.01%,0.04%,0.01,0.12,0.00,0.03,0.00,0.03,0.00,0.09,0.00,0.03,0.00,0.04,0.00,0.02,0.00,0.00,0.00,0.01,0.00,0.00,0.00,0.00,0.00,0.00,115.12,116.42,116.98,0.00,0.00,0.33,3.54%,0.00,0.14%,2.55%,0.05%,1.88%,0.03%,0.63%,0.03%,1.26%,0.03%,0.42%,0.02%,0.44%,0.02%,0.31%,0.02%,0.18%,0.01%,0.09%,0.01%,0.09%,0.01%,0.09%,0.01%,0.05%,0.00,0.00,0.00,0.00,0.00,0.00,0.00,0.00,0.00,0.00,0.00,0.00,0.00,0.00,0.00,0.00,0.00,0.00,0.00,0.00,0.00,0.00,0.00,0.00,230.48,232.14,232.96,0.00,0.00,0.00,3.38%,0.00,0.14%,2.40%,0.05%,1.82%,0.03%,0.61%,0.03%,1.23%,0.03%,0.39%,0.02%,0.37%,0.02%,0.30%,0.02%,0.15%,0.01%,0.06%,0.01%,0.10%,0.01%,0.07%,0.01%,0.03%,0.00,0.00,0.00,0.00,0.00,0.00,0.00,0.00,0.00,0.00,0.00,0.00,0.00,0.00,0.00,0.00,0.00,0.00,0.00,0.00,0.00,0.00,0.00,0.00,120,0.669,72,84,59.97,60.01,60.07
27-Jul-2018 20:10:00,10.000,Y,115.38,116.74,117.20,0.92,1.01,1.07,3.21%,0.16,0.13%,2.26%,0.05%,1.73%,0.03%,0.59%,0.03%,1.21%,0.02%,0.36%,0.02%,0.32%,0.02%,0.29%,0.01%,0.13%,0.01%,0.05%,0.01%,0.11%,0.01%,0.05%,0.01%,0.05%,0.01,0.12,0.00,0.03,0.00,0.03,0.00,0.09,0.00,0.03,0.00,0.04,0.00,0.02,0.00,0.00,0.00,0.01,0.00,0.00,0.00,0.00,0.00,0.00,115.66,116.72,117.16,0.00,0.00,0.37,3.46%,0.00,0.13%,2.49%,0.05%,1.82%,0.03%,0.63%,0.03%,1.25%,0.02%,0.40%,0.02%,0.43%,0.02%,0.29%,0.01%,0.17%,0.01%,0.09%,0.01%,0.07%,0.01%,0.10%,0.01%,0.05%,0.00,0.00,0.00,0.00,0.00,0.00,0.00,0.00,0.00,0.00,0.00,0.00,0.00,0.00,0.00,0.00,0.00,0.00,0.00,0.00,0.00,0.00,0.00,0.00,231.14,232.66,233.44,0.00,0.00,0.00,3.33%,0.00,0.13%,2.37%,0.05%,1.77%,0.03%,0.61%,0.03%,1.23%,0.02%,0.38%,0.02%,0.37%,0.02%,0.28%,0.01%,0.15%,0.01%,0.06%,0.01%,0.09%,0.01%,0.08%,0.01%,0.03%,0.00,0.00,0.00,0.00,0.00,0.00,0.00,0.00,0.00,0.00,0.00,0.00,0.00,0.00,0.00,0.00,0.00,0.00,0.00,0.00,0.00,0.00,0.00,0.00,120,0.667,72,84,59.97,60.00,60.05
27-Jul-2018 20:20:00,10.000,Y,115.88,116.90,117.34,0.92,1.01,1.07,3.23%,0.17,0.13%,2.24%,0.05%,1.77%,0.04%,0.59%,0.03%,1.24%,0.03%,0.37%,0.02%,0.33%,0.02%,0.31%,0.02%,0.14%,0.01%,0.07%,0.01%,0.11%,0.01%,0.05%,0.01%,0.05%,0.01,0.12,0.00,0.03,0.00,0.03,0.00,0.09,0.00,0.03,0.00,0.04,0.00,0.02,0.00,0.00,0.00,0.01,0.00,0.00,0.00,0.00,0.00,0.00,115.88,117.08,117.52,0.00,0.00,0.33,3.47%,0.00,0.13%,2.44%,0.05%,1.87%,0.04%,0.65%,0.03%,1.29%,0.02%,0.39%,0.02%,0.44%,0.02%,0.31%,0.01%,0.17%,0.01%,0.08%,0.01%,0.08%,0.01%,0.09%,0.01%,0.04%,0.00,0.00,0.00,0.00,0.00,0.00,0.00,0.00,0.00,0.00,0.00,0.00,0.00,0.00,0.00,0.00,0.00,0.00,0.00,0.00,0.00,0.00,0.00,0.00,231.64,233.18,233.86,0.00,0.00,0.00,3.35%,0.00,0.13%,2.34%,0.05%,1.82%,0.03%,0.62%,0.03%,1.26%,0.02%,0.38%,0.02%,0.38%,0.02%,0.30%,0.01%,0.16%,0.01%,0.07%,0.01%,0.10%,0.01%,0.07%,0.01%,0.02%,0.00,0.00,0.00,0.00,0.00,0.00,0.00,0.00,0.00,0.00,0.00,0.00,0.00,0.00,0.00,0.00,0.00,0.00,0.00,0.00,0.00,0.00,0.00,0.00,120,0.667,72,84,59.97,60.01,60.04
27-Jul-2018 20:30:00,10.000,Y,115.92,117.10,117.38,0.92,1.01,1.08,3.22%,0.17,0.14%,2.22%,0.05%,1.77%,0.04%,0.60%,0.03%,1.23%,0.03%,0.36%,0.02%,0.32%,0.02%,0.30%,0.01%,0.14%,0.01%,0.06%,0.01%,0.11%,0.01%,0.05%,0.01%,0.04%,0.01,0.12,0.00,0.03,0.00,0.03,0.00,0.09,0.00,0.03,0.00,0.04,0.00,0.02,0.00,0.00,0.00,0.01,0.00,0.00,0.00,0.00,0.00,0.00,116.26,117.22,117.62,0.00,0.00,0.32,3.44%,0.00,0.13%,2.41%,0.05%,1.84%,0.03%,0.67%,0.03%,1.30%,0.03%,0.40%,0.02%,0.43%,0.02%,0.32%,0.01%,0.17%,0.01%,0.08%,0.01%,0.10%,0.01%,0.09%,0.01%,0.03%,0.00,0.00,0.00,0.00,0.00,0.00,0.00,0.00,0.00,0.00,0.00,0.00,0.00,0.00,0.00,0.00,0.00,0.00,0.00,0.00,0.00,0.00,0.00,0.00,232.08,233.52,234.08,0.00,0.00,0.00,3.32%,0.00,0.13%,2.32%,0.05%,1.80%,0.03%,0.63%,0.03%,1.26%,0.03%,0.38%,0.02%,0.37%,0.02%,0.31%,0.01%,0.15%,0.01%,0.07%,0.01%,0.10%,0.01%,0.07%,0.01%,0.02%,0.00,0.00,0.00,0.00,0.00,0.00,0.00,0.00,0.00,0.00,0.00,0.00,0.00,0.00,0.00,0.00,0.00,0.00,0.00,0.00,0.00,0.00,0.00,0.00,120,0.666,84,84,59.97,60.01,60.05
27-Jul-2018 20:40:00,10.000,Y,116.18,117.22,117.72,0.92,1.01,1.07,3.22%,0.17,0.14%,2.20%,0.05%,1.79%,0.04%,0.60%,0.03%,1.24%,0.03%,0.35%,0.02%,0.33%,0.02%,0.31%,0.02%,0.14%,0.01%,0.06%,0.01%,0.11%,0.01%,0.05%,0.01%,0.05%,0.01,0.12,0.00,0.03,0.00,0.03,0.00,0.09,0.00,0.03,0.00,0.04,0.00,0.02,0.00,0.00,0.00,0.01,0.00,0.00,0.00,0.00,0.00,0.00,115.98,116.98,117.46,0.00,0.00,0.32,3.46%,0.00,0.14%,2.42%,0.05%,1.86%,0.03%,0.65%,0.03%,1.30%,0.03%,0.40%,0.02%,0.45%,0.02%,0.33%,0.02%,0.17%,0.01%,0.08%,0.01%,0.10%,0.01%,0.09%,0.01%,0.03%,0.00,0.00,0.00,0.00,0.00,0.00,0.00,0.00,0.00,0.00,0.00,0.00,0.00,0.00,0.00,0.00,0.00,0.00,0.00,0.00,0.00,0.00,0.00,0.00,232.00,233.40,234.02,0.00,0.00,0.00,3.34%,0.00,0.14%,2.31%,0.05%,1.82%,0.04%,0.63%,0.03%,1.27%,0.03%,0.38%,0.02%,0.38%,0.02%,0.31%,0.02%,0.15%,0.01%,0.06%,0.01%,0.10%,0.01%,0.07%,0.01%,0.03%,0.00,0.00,0.00,0.00,0.00,0.00,0.00,0.00,0.00,0.00,0.00,0.00,0.00,0.00,0.00,0.00,0.00,0.00,0.00,0.00,0.00,0.00,0.00,0.00,120,0.665,72,84,59.96,60.01,60.04
27-Jul-2018 20:50:00,10.000,Y,115.74,117.34,117.82,0.92,1.01,1.08,3.20%,0.16,0.12%,2.14%,0.04%,1.84%,0.03%,0.60%,0.03%,1.23%,0.02%,0.33%,0.02%,0.33%,0.01%,0.31%,0.01%,0.14%,0.01%,0.06%,0.01%,0.10%,0.01%,0.05%,0.01%,0.04%,0.01,0.12,0.00,0.03,0.00,0.03,0.00,0.09,0.00,0.03,0.00,0.04,0.00,0.02,0.00,0.00,0.00,0.01,0.00,0.00,0.00,0.00,0.00,0.00,115.66,116.90,117.40,0.00,0.00,0.39,3.43%,0.00,0.13%,2.38%,0.05%,1.90%,0.03%,0.60%,0.02%,1.27%,0.02%,0.38%,0.02%,0.44%,0.02%,0.31%,0.01%,0.17%,0.01%,0.07%,0.01%,0.09%,0.01%,0.09%,0.01%,0.03%,0.00,0.00,0.00,0.00,0.00,0.00,0.00,0.00,0.00,0.00,0.00,0.00,0.00,0.00,0.00,0.00,0.00,0.00,0.00,0.00,0.00,0.00,0.00,0.00,231.60,233.44,234.36,0.00,0.00,0.00,3.31%,0.00,0.12%,2.26%,0.05%,1.87%,0.03%,0.60%,0.03%,1.25%,0.02%,0.35%,0.02%,0.38%,0.02%,0.30%,0.01%,0.15%,0.01%,0.06%,0.01%,0.09%,0.01%,0.07%,0.01%,0.02%,0.00,0.00,0.00,0.00,0.00,0.00,0.00,0.00,0.00,0.00,0.00,0.00,0.00,0.00,0.00,0.00,0.00,0.00,0.00,0.00,0.00,0.00,0.00,0.00,120,0.665,72,84,59.95,60.00,60.04
27-Jul-2018 21:00:00,10.000,Y,116.38,117.42,117.68,0.93,1.01,1.07,3.17%,0.16,0.14%,2.12%,0.05%,1.84%,0.03%,0.59%,0.03%,1.21%,0.02%,0.35%,0.02%,0.33%,0.01%,0.32%,0.01%,0.15%,0.01%,0.07%,0.01%,0.11%,0.01%,0.05%,0.01%,0.04%,0.01,0.12,0.00,0.03,0.00,0.03,0.00,0.09,0.00,0.03,0.00,0.04,0.00,0.02,0.00,0.00,0.00,0.01,0.00,0.00,0.00,0.00,0.00,0.00,115.96,117.14,117.52,0.00,0.00,0.32,3.41%,0.00,0.15%,2.33%,0.05%,1.89%,0.03%,0.65%,0.03%,1.28%,0.02%,0.38%,0.02%,0.45%,0.02%,0.30%,0.01%,0.17%,0.01%,0.09%,0.01%,0.09%,0.01%,0.09%,0.01%,0.03%,0.00,0.00,0.00,0.00,0.00,0.00,0.00,0.00,0.00,0.00,0.00,0.00,0.00,0.00,0.00,0.00,0.00,0.00,0.00,0.00,0.00,0.00,0.00,0.00,232.44,233.76,234.34,0.00,0.00,0.00,3.28%,0.00,0.15%,2.22%,0.05%,1.86%,0.03%,0.62%,0.03%,1.24%,0.02%,0.37%,0.02%,0.39%,0.02%,0.30%,0.01%,0.16%,0.01%,0.07%,0.01%,0.10%,0.01%,0.07%,0.01%,0.02%,0.00,0.00,0.00,0.00,0.00,0.00,0.00,0.00,0.00,0.00,0.00,0.00,0.00,0.00,0.00,0.00,0.00,0.00,0.00,0.00,0.00,0.00,0.00,0.00,120,0.665,72,84,59.98,60.01,60.04
27-Jul-2018 21:10:00,10.000,Y,116.38,117.24,117.64,0.93,1.01,1.07,3.15%,0.16,0.13%,2.09%,0.05%,1.85%,0.04%,0.61%,0.02%,1.18%,0.03%,0.34%,0.02%,0.34%,0.02%,0.31%,0.01%,0.15%,0.01%,0.07%,0.01%,0.12%,0.01%,0.07%,0.01%,0.05%,0.01,0.12,0.00,0.03,0.00,0.03,0.00,0.09,0.00,0.03,0.00,0.04,0.00,0.02,0.00,0.00,0.00,0.01,0.00,0.00,0.00,0.00,0.00,0.00,116.34,117.32,117.70,0.00,0.00,0.32,3.46%,0.00,0.14%,2.33%,0.05%,1.94%,0.03%,0.70%,0.03%,1.30%,0.03%,0.39%,0.02%,0.47%,0.02%,0.31%,0.01%,0.18%,0.01%,0.12%,0.01%,0.11%,0.01%,0.10%,0.01%,0.05%,0.00,0.00,0.00,0.00,0.00,0.00,0.00,0.00,0.00,0.00,0.00,0.00,0.00,0.00,0.00,0.00,0.00,0.00,0.00,0.00,0.00,0.00,0.00,0.00,232.50,233.78,234.52,0.00,0.00,0.00,3.30%,0.00,0.13%,2.21%,0.05%,1.90%,0.03%,0.65%,0.03%,1.24%,0.03%,0.37%,0.02%,0.40%,0.02%,0.30%,0.01%,0.16%,0.01%,0.09%,0.01%,0.11%,0.01%,0.08%,0.01%,0.03%,0.00,0.00,0.00,0.00,0.00,0.00,0.00,0.00,0.00,0.00,0.00,0.00,0.00,0.00,0.00,0.00,0.00,0.00,0.00,0.00,0.00,0.00,0.00,0.00,120,0.665,72,84,59.96,60.01,60.04
27-Jul-2018 21:20:00,10.000,Y,116.12,117.30,117.98,0.93,1.01,1.07,3.11%,0.16,0.11%,2.04%,0.04%,1.83%,0.03%,0.61%,0.02%,1.18%,0.02%,0.33%,0.01%,0.33%,0.01%,0.31%,0.01%,0.14%,0.01%,0.07%,0.01%,0.11%,0.01%,0.07%,0.01%,0.04%,0.01,0.12,0.00,0.03,0.00,0.03,0.00,0.09,0.00,0.03,0.00,0.04,0.00,0.02,0.00,0.01,0.00,0.01,0.00,0.00,0.00,0.00,0.00,0.00,116.34,117.32,117.86,0.00,0.00,0.32,3.39%,0.00,0.11%,2.26%,0.04%,1.93%,0.03%,0.68%,0.03%,1.29%,0.02%,0.38%,0.02%,0.47%,0.02%,0.31%,0.01%,0.16%,0.01%,0.12%,0.01%,0.10%,0.01%,0.10%,0.01%,0.05%,0.00,0.00,0.00,0.00,0.00,0.00,0.00,0.00,0.00,0.00,0.00,0.00,0.00,0.00,0.00,0.00,0.00,0.00,0.00,0.00,0.00,0.00,0.00,0.00,232.38,233.80,234.94,0.00,0.00,0.00,3.25%,0.00,0.11%,2.15%,0.04%,1.88%,0.03%,0.64%,0.02%,1.24%,0.02%,0.35%,0.01%,0.40%,0.01%,0.30%,0.01%,0.15%,0.01%,0.09%,0.01%,0.10%,0.01%,0.09%,0.01%,0.03%,0.00,0.00,0.00,0.00,0.00,0.00,0.00,0.00,0.00,0.00,0.00,0.00,0.00,0.00,0.00,0.00,0.00,0.00,0.00,0.00,0.00,0.00,0.00,0.00,120,0.665,72,84,59.95,59.99,60.03
27-Jul-2018 21:30:00,10.000,Y,116.50,117.48,117.94,0.93,1.01,1.08,3.11%,0.16,0.13%,2.01%,0.05%,1.88%,0.03%,0.60%,0.03%,1.17%,0.02%,0.33%,0.02%,0.33%,0.02%,0.30%,0.01%,0.12%,0.01%,0.07%,0.01%,0.10%,0.01%,0.07%,0.01%,0.04%,0.01,0.11,0.00,0.03,0.00,0.03,0.00,0.09,0.00,0.03,0.00,0.04,0.00,0.02,0.00,0.01,0.00,0.01,0.00,0.00,0.00,0.00,0.00,0.00,116.72,117.48,117.96,0.00,0.00,0.31,3.38%,0.00,0.13%,2.20%,0.05%,1.97%,0.03%,0.69%,0.03%,1.29%,0.02%,0.36%,0.02%,0.46%,0.02%,0.31%,0.01%,0.15%,0.01%,0.12%,0.01%,0.11%,0.01%,0.11%,0.01%,0.05%,0.00,0.00,0.00,0.00,0.00,0.00,0.00,0.00,0.00,0.00,0.00,0.00,0.00,0.00,0.00,0.00,0.00,0.00,0.00,0.00,0.00,0.00,0.00,0.00,232.86,234.16,235.00,0.00,0.00,0.00,3.24%,0.00,0.13%,2.10%,0.05%,1.92%,0.03%,0.65%,0.03%,1.23%,0.02%,0.34%,0.02%,0.39%,0.02%,0.30%,0.01%,0.14%,0.01%,0.09%,0.01%,0.10%,0.01%,0.09%,0.01%,0.03%,0.00,0.00,0.00,0.00,0.00,0.00,0.00,0.00,0.00,0.00,0.00,0.00,0.00,0.00,0.00,0.00,0.00,0.00,0.00,0.00,0.00,0.00,0.00,0.00,120,0.665,84,84,59.95,60.00,60.06
27-Jul-2018 21:40:00,10.000,Y,116.74,117.68,118.20,0.93,1.01,1.08,3.03%,0.16,0.12%,1.93%,0.04%,1.83%,0.03%,0.60%,0.02%,1.15%,0.02%,0.34%,0.02%,0.33%,0.02%,0.29%,0.01%,0.11%,0.01%,0.07%,0.01%,0.09%,0.01%,0.06%,0.01%,0.04%,0.01,0.11,0.00,0.03,0.00,0.03,0.00,0.09,0.00,0.03,0.00,0.04,0.00,0.02,0.00,0.01,0.00,0.01,0.00,0.00,0.00,0.00,0.00,0.00,116.68,117.80,118.34,0.00,0.00,0.32,3.30%,0.00,0.12%,2.13%,0.04%,1.93%,0.03%,0.67%,0.02%,1.28%,0.02%,0.36%,0.02%,0.46%,0.02%,0.32%,0.01%,0.14%,0.01%,0.12%,0.01%,0.11%,0.01%,0.10%,0.01%,0.04%,0.00,0.00,0.00,0.00,0.00,0.00,0.00,0.00,0.00,0.00,0.00,0.00,0.00,0.00,0.00,0.00,0.00,0.00,0.00,0.00,0.00,0.00,0.00,0.00,233.32,234.68,235.70,0.00,0.00,0.00,3.16%,0.00,0.12%,2.03%,0.04%,1.88%,0.03%,0.64%,0.02%,1.21%,0.02%,0.35%,0.02%,0.39%,0.02%,0.30%,0.01%,0.13%,0.01%,0.09%,0.01%,0.10%,0.01%,0.07%,0.01%,0.03%,0.00,0.00,0.00,0.00,0.00,0.00,0.00,0.00,0.00,0.00,0.00,0.00,0.00,0.00,0.00,0.00,0.00,0.00,0.00,0.00,0.00,0.00,0.00,0.00,120,0.663,84,84,59.95,60.00,60.06
27-Jul-2018 21:50:00,10.000,Y,116.40,118.02,118.44,0.93,1.01,1.07,2.94%,0.16,0.13%,1.84%,0.05%,1.81%,0.03%,0.59%,0.03%,1.14%,0.02%,0.34%,0.02%,0.31%,0.02%,0.28%,0.01%,0.10%,0.01%,0.07%,0.01%,0.08%,0.01%,0.05%,0.01%,0.04%,0.01,0.11,0.00,0.03,0.00,0.03,0.00,0.09,0.00,0.03,0.00,0.04,0.00,0.02,0.00,0.01,0.00,0.01,0.00,0.00,0.00,0.00,0.00,0.00,117.36,118.22,118.62,0.00,0.00,0.32,3.22%,0.00,0.13%,2.02%,0.05%,1.92%,0.03%,0.68%,0.03%,1.27%,0.02%,0.38%,0.02%,0.43%,0.02%,0.31%,0.01%,0.15%,0.01%,0.08%,0.01%,0.12%,0.01%,0.09%,0.01%,0.02%,0.00,0.00,0.00,0.00,0.00,0.00,0.00,0.00,0.00,0.00,0.00,0.00,0.00,0.00,0.00,0.00,0.00,0.00,0.00,0.00,0.00,0.00,0.00,0.00,233.76,235.44,236.16,0.00,0.00,0.00,3.07%,0.00,0.13%,1.93%,0.05%,1.87%,0.03%,0.63%,0.03%,1.20%,0.02%,0.36%,0.02%,0.37%,0.02%,0.29%,0.01%,0.12%,0.01%,0.07%,0.01%,0.10%,0.01%,0.06%,0.01%,0.02%,0.00,0.00,0.00,0.00,0.00,0.00,0.00,0.00,0.00,0.00,0.00,0.00,0.00,0.00,0.00,0.00,0.00,0.00,0.00,0.00,0.00,0.00,0.00,0.00,120,0.663,84,84,59.96,60.00,60.04
27-Jul-2018 22:00:00,10.000,Y,117.02,118.06,118.38,0.93,1.01,1.08,2.90%,0.16,0.13%,1.78%,0.05%,1.80%,0.03%,0.61%,0.03%,1.13%,0.02%,0.35%,0.02%,0.30%,0.02%,0.29%,0.01%,0.10%,0.01%,0.06%,0.01%,0.09%,0.01%,0.04%,0.01%,0.05%,0.01,0.11,0.00,0.03,0.00,0.03,0.00,0.09,0.00,0.03,0.00,0.04,0.00,0.02,0.00,0.00,0.00,0.01,0.00,0.00,0.00,0.00,0.00,0.00,117.28,118.32,118.64,0.00,0.00,0.32,3.15%,0.00,0.14%,1.95%,0.05%,1.90%,0.03%,0.70%,0.03%,1.26%,0.02%,0.38%,0.02%,0.41%,0.02%,0.30%,0.01%,0.15%,0.01%,0.05%,0.01%,0.13%,0.01%,0.09%,0.01%,0.02%,0.00,0.00,0.00,0.00,0.00,0.00,0.00,0.00,0.00,0.00,0.00,0.00,0.00,0.00,0.00,0.00,0.00,0.00,0.00,0.00,0.00,0.00,0.00,0.00,233.98,235.58,236.14,0.00,0.00,0.00,3.02%,0.00,0.13%,1.87%,0.05%,1.85%,0.03%,0.65%,0.03%,1.19%,0.02%,0.36%,0.02%,0.35%,0.02%,0.29%,0.01%,0.12%,0.01%,0.05%,0.01%,0.11%,0.01%,0.06%,0.01%,0.03%,0.00,0.00,0.00,0.00,0.00,0.00,0.00,0.00,0.00,0.00,0.00,0.00,0.00,0.00,0.00,0.00,0.00,0.00,0.00,0.00,0.00,0.00,0.00,0.00,120,0.662,84,84,59.96,60.00,60.04
27-Jul-2018 22:10:00,10.000,Y,117.00,118.20,118.68,0.93,1.01,1.07,2.87%,0.15,0.14%,1.74%,0.05%,1.78%,0.04%,0.64%,0.03%,1.13%,0.02%,0.35%,0.02%,0.31%,0.02%,0.29%,0.01%,0.11%,0.01%,0.07%,0.01%,0.11%,0.01%,0.04%,0.01%,0.06%,0.01,0.11,0.00,0.03,0.00,0.03,0.00,0.08,0.00,0.03,0.00,0.04,0.00,0.02,0.00,0.00,0.00,0.01,0.00,0.00,0.00,0.00,0.00,0.00,116.86,118.04,118.58,0.00,0.00,0.32,3.18%,0.00,0.14%,1.98%,0.06%,1.90%,0.04%,0.71%,0.03%,1.26%,0.03%,0.37%,0.02%,0.40%,0.02%,0.31%,0.02%,0.17%,0.01%,0.08%,0.01%,0.13%,0.01%,0.09%,0.01%,0.02%,0.00,0.00,0.00,0.00,0.00,0.00,0.00,0.00,0.00,0.00,0.00,0.00,0.00,0.00,0.00,0.00,0.00,0.00,0.00,0.00,0.00,0.00,0.00,0.00,233.56,235.44,236.34,0.00,0.00,0.00,3.02%,0.00,0.14%,1.86%,0.05%,1.84%,0.04%,0.67%,0.03%,1.19%,0.02%,0.36%,0.02%,0.35%,0.02%,0.29%,0.01%,0.14%,0.01%,0.06%,0.01%,0.11%,0.01%,0.06%,0.01%,0.04%,0.00,0.00,0.00,0.00,0.00,0.00,0.00,0.00,0.00,0.00,0.00,0.00,0.00,0.00,0.00,0.00,0.00,0.00,0.00,0.00,0.00,0.00,0.00,0.00,120,0.658,84,84,59.97,60.01,60.06
27-Jul-2018 22:20:00,10.000,Y,116.90,117.94,118.40,0.92,1.01,1.07,2.79%,0.15,0.13%,1.68%,0.05%,1.73%,0.04%,0.66%,0.03%,1.10%,0.03%,0.34%,0.02%,0.30%,0.02%,0.29%,0.01%,0.09%,0.01%,0.08%,0.01%,0.09%,0.01%,0.03%,0.01%,0.05%,0.01,0.11,0.00,0.03,0.00,0.03,0.00,0.08,0.00,0.03,0.00,0.04,0.00,0.02,0.00,0.01,0.00,0.01,0.00,0.00,0.00,0.00,0.00,0.00,116.82,118.08,118.44,0.00,0.00,0.32,3.05%,0.00,0.14%,1.82%,0.05%,1.86%,0.03%,0.76%,0.03%,1.21%,0.03%,0.39%,0.02%,0.40%,0.02%,0.30%,0.01%,0.15%,0.01%,0.09%,0.01%,0.11%,0.01%,0.08%,0.01%,0.02%,0.00,0.00,0.00,0.00,0.00,0.00,0.00,0.00,0.00,0.00,0.00,0.00,0.00,0.00,0.00,0.00,0.00,0.00,0.00,0.00,0.00,0.00,0.00,0.00,233.84,235.22,236.00,0.00,0.00,0.00,2.91%,0.00,0.13%,1.75%,0.05%,1.79%,0.04%,0.71%,0.03%,1.15%,0.03%,0.37%,0.02%,0.34%,0.02%,0.29%,0.01%,0.12%,0.01%,0.08%,0.01%,0.10%,0.01%,0.05%,0.01%,0.03%,0.00,0.00,0.00,0.00,0.00,0.00,0.00,0.00,0.00,0.00,0.00,0.00,0.00,0.00,0.00,0.00,0.00,0.00,0.00,0.00,0.00,0.00,0.00,0.00,120,0.658,72,84,59.94,60.00,60.05
27-Jul-2018 22:30:00,10.000,Y,116.84,118.08,118.46,0.93,1.01,1.08,2.73%,0.15,0.12%,1.60%,0.05%,1.70%,0.03%,0.64%,0.02%,1.12%,0.03%,0.32%,0.02%,0.30%,0.01%,0.29%,0.01%,0.09%,0.01%,0.08%,0.01%,0.09%,0.01%,0.04%,0.01%,0.05%,0.01,0.11,0.00,0.03,0.00,0.03,0.00,0.08,0.00,0.03,0.00,0.04,0.00,0.02,0.00,0.01,0.00,0.01,0.00,0.00,0.00,0.00,0.00,0.00,117.42,118.24,118.60,0.00,0.00,0.32,3.00%,0.00,0.12%,1.77%,0.05%,1.86%,0.03%,0.75%,0.03%,1.18%,0.02%,0.38%,0.02%,0.40%,0.01%,0.31%,0.01%,0.14%,0.01%,0.09%,0.01%,0.11%,0.01%,0.08%,0.01%,0.02%,0.00,0.00,0.00,0.00,0.00,0.00,0.00,0.00,0.00,0.00,0.00,0.00,0.00,0.00,0.00,0.00,0.00,0.00,0.00,0.00,0.00,0.00,0.00,0.00,233.98,235.52,236.22,0.00,0.00,0.00,2.86%,0.00,0.12%,1.68%,0.05%,1.78%,0.03%,0.69%,0.03%,1.14%,0.03%,0.35%,0.02%,0.34%,0.01%,0.30%,0.01%,0.11%,0.01%,0.08%,0.01%,0.09%,0.01%,0.05%,0.01%,0.03%,0.00,0.00,0.00,0.00,0.00,0.00,0.00,0.00,0.00,0.00,0.00,0.00,0.00,0.00,0.00,0.00,0.00,0.00,0.00,0.00,0.00,0.00,0.00,0.00,120,0.658,72,84,59.96,60.00,60.05
27-Jul-2018 22:40:00,10.000,Y,117.42,118.30,118.58,0.93,1.01,1.07,2.70%,0.15,0.13%,1.56%,0.04%,1.69%,0.03%,0.64%,0.02%,1.12%,0.02%,0.31%,0.02%,0.31%,0.01%,0.29%,0.01%,0.08%,0.01%,0.08%,0.01%,0.08%,0.01%,0.04%,0.01%,0.06%,0.01,0.10,0.00,0.03,0.00,0.03,0.00,0.08,0.00,0.03,0.00,0.04,0.00,0.02,0.00,0.01,0.00,0.01,0.00,0.00,0.00,0.00,0.00,0.00,117.24,118.34,118.82,0.00,0.00,0.32,3.00%,0.00,0.13%,1.77%,0.04%,1.86%,0.03%,0.75%,0.02%,1.17%,0.02%,0.37%,0.02%,0.42%,0.01%,0.32%,0.02%,0.14%,0.01%,0.09%,0.01%,0.11%,0.01%,0.07%,0.01%,0.02%,0.00,0.00,0.00,0.00,0.00,0.00,0.00,0.00,0.00,0.00,0.00,0.00,0.00,0.00,0.00,0.00,0.00,0.00,0.00,0.00,0.00,0.00,0.00,0.00,234.44,235.84,236.54,0.00,0.00,0.00,2.84%,0.00,0.13%,1.66%,0.04%,1.77%,0.03%,0.69%,0.02%,1.14%,0.02%,0.34%,0.02%,0.36%,0.01%,0.30%,0.01%,0.11%,0.01%,0.08%,0.01%,0.09%,0.01%,0.05%,0.01%,0.03%,0.00,0.00,0.00,0.00,0.00,0.00,0.00,0.00,0.00,0.00,0.00,0.00,0.00,0.00,0.00,0.00,0.00,0.00,0.00,0.00,0.00,0.00,0.00,0.00,120,0.655,72,84,59.95,60.00,60.04
27-Jul-2018 22:50:00,10.000,Y,117.24,118.18,118.56,0.93,1.01,1.07,2.60%,0.15,0.14%,1.45%,0.05%,1.65%,0.04%,0.64%,0.03%,1.11%,0.03%,0.30%,0.02%,0.30%,0.02%,0.27%,0.01%,0.07%,0.01%,0.07%,0.01%,0.08%,0.01%,0.03%,0.01%,0.05%,0.01,0.10,0.00,0.03,0.00,0.03,0.00,0.08,0.00,0.03,0.00,0.04,0.00,0.02,0.00,0.01,0.00,0.01,0.00,0.00,0.00,0.00,0.00,0.00,117.50,118.30,118.58,0.00,0.00,0.32,2.86%,0.00,0.14%,1.60%,0.05%,1.81%,0.04%,0.74%,0.03%,1.16%,0.03%,0.36%,0.02%,0.40%,0.02%,0.29%,0.02%,0.12%,0.01%,0.07%,0.01%,0.11%,0.01%,0.07%,0.01%,0.02%,0.00,0.00,0.00,0.00,0.00,0.00,0.00,0.00,0.00,0.00,0.00,0.00,0.00,0.00,0.00,0.00,0.00,0.00,0.00,0.00,0.00,0.00,0.00,0.00,234.54,235.68,236.32,0.00,0.00,0.00,2.73%,0.00,0.14%,1.52%,0.05%,1.73%,0.04%,0.69%,0.03%,1.13%,0.03%,0.33%,0.02%,0.35%,0.02%,0.28%,0.01%,0.09%,0.01%,0.06%,0.01%,0.09%,0.01%,0.05%,0.01%,0.03%,0.00,0.00,0.00,0.00,0.00,0.00,0.00,0.00,0.00,0.00,0.00,0.00,0.00,0.00,0.00,0.00,0.00,0.00,0.00,0.00,0.00,0.00,0.00,0.00,120,0.658,84,84,59.97,60.01,60.04
27-Jul-2018 23:00:00,10.000,Y,117.22,118.24,118.70,0.93,1.01,1.07,2.58%,0.15,0.11%,1.39%,0.04%,1.66%,0.03%,0.67%,0.02%,1.10%,0.02%,0.25%,0.02%,0.32%,0.01%,0.28%,0.01%,0.06%,0.01%,0.07%,0.01%,0.09%,0.01%,0.03%,0.01%,0.06%,0.01,0.10,0.00,0.03,0.00,0.03,0.00,0.08,0.00,0.03,0.00,0.04,0.00,0.02,0.00,0.01,0.00,0.01,0.00,0.00,0.00,0.00,0.00,0.00,117.60,118.42,118.74,0.00,0.00,0.32,2.86%,0.00,0.11%,1.55%,0.05%,1.84%,0.03%,0.77%,0.02%,1.16%,0.02%,0.34%,0.02%,0.41%,0.01%,0.30%,0.01%,0.13%,0.01%,0.07%,0.01%,0.12%,0.01%,0.08%,0.01%,0.02%,0.00,0.00,0.00,0.00,0.00,0.00,0.00,0.00,0.00,0.00,0.00,0.00,0.00,0.00,0.00,0.00,0.00,0.00,0.00,0.00,0.00,0.00,0.00,0.00,234.52,235.86,236.60,0.00,0.00,0.00,2.72%,0.00,0.11%,1.47%,0.05%,1.75%,0.03%,0.72%,0.02%,1.13%,0.02%,0.30%,0.02%,0.36%,0.01%,0.29%,0.01%,0.09%,0.01%,0.07%,0.01%,0.10%,0.01%,0.05%,0.01%,0.03%,0.00,0.00,0.00,0.00,0.00,0.00,0.00,0.00,0.00,0.00,0.00,0.00,0.00,0.00,0.00,0.00,0.00,0.00,0.00,0.00,0.00,0.00,0.00,0.00,120,0.657,84,84,59.96,59.99,60.03
27-Jul-2018 23:10:00,10.000,Y,117.38,118.56,119.12,0.94,1.01,1.08,2.52%,0.15,0.13%,1.33%,0.05%,1.60%,0.03%,0.71%,0.03%,1.12%,0.03%,0.26%,0.02%,0.31%,0.01%,0.28%,0.01%,0.06%,0.01%,0.07%,0.01%,0.10%,0.01%,0.03%,0.01%,0.06%,0.01,0.10,0.00,0.03,0.00,0.02,0.00,0.08,0.00,0.03,0.00,0.04,0.00,0.02,0.00,0.01,0.00,0.01,0.00,0.00,0.00,0.00,0.00,0.00,117.74,118.70,119.12,0.00,0.00,0.38,2.77%,0.00,0.13%,1.50%,0.05%,1.74%,0.03%,0.77%,0.03%,1.16%,0.03%,0.34%,0.02%,0.39%,0.02%,0.31%,0.01%,0.12%,0.01%,0.06%,0.01%,0.11%,0.01%,0.07%,0.01%,0.02%,0.00,0.00,0.00,0.00,0.00,0.00,0.00,0.00,0.00,0.00,0.00,0.00,0.00,0.00,0.00,0.00,0.00,0.00,0.00,0.00,0.00,0.00,0.00,0.00,234.96,236.48,237.20,0.00,0.00,0.00,2.64%,0.00,0.13%,1.41%,0.05%,1.67%,0.03%,0.74%,0.03%,1.13%,0.03%,0.30%,0.02%,0.34%,0.01%,0.29%,0.01%,0.09%,0.01%,0.06%,0.01%,0.10%,0.01%,0.05%,0.01%,0.04%,0.00,0.00,0.00,0.00,0.00,0.00,0.00,0.00,0.00,0.00,0.00,0.00,0.00,0.00,0.00,0.00,0.00,0.00,0.00,0.00,0.00,0.00,0.00,0.00,120,0.656,84,84,59.97,60.00,60.04
27-Jul-2018 23:20:00,10.000,Y,117.90,118.94,119.32,0.93,1.02,1.09,2.48%,0.15,0.12%,1.25%,0.05%,1.58%,0.03%,0.72%,0.03%,1.12%,0.02%,0.27%,0.02%,0.32%,0.01%,0.29%,0.01%,0.06%,0.01%,0.07%,0.01%,0.08%,0.01%,0.03%,0.01%,0.04%,0.01,0.10,0.00,0.04,0.00,0.03,0.00,0.08,0.00,0.03,0.00,0.04,0.00,0.02,0.00,0.01,0.00,0.01,0.00,0.00,0.00,0.00,0.00,0.00,118.14,118.94,119.24,0.00,0.00,0.32,2.67%,0.00,0.13%,1.39%,0.05%,1.69%,0.03%,0.77%,0.03%,1.15%,0.02%,0.33%,0.02%,0.37%,0.02%,0.31%,0.01%,0.10%,0.01%,0.06%,0.01%,0.10%,0.01%,0.06%,0.01%,0.02%,0.00,0.00,0.00,0.00,0.00,0.00,0.00,0.00,0.00,0.00,0.00,0.00,0.00,0.00,0.00,0.00,0.00,0.00,0.00,0.00,0.00,0.00,0.00,0.00,235.94,237.08,237.54,0.00,0.00,0.00,2.57%,0.00,0.12%,1.32%,0.05%,1.63%,0.03%,0.74%,0.03%,1.13%,0.02%,0.30%,0.02%,0.34%,0.01%,0.29%,0.01%,0.08%,0.01%,0.06%,0.01%,0.09%,0.01%,0.04%,0.01%,0.02%,0.00,0.00,0.00,0.00,0.00,0.00,0.00,0.00,0.00,0.00,0.00,0.00,0.00,0.00,0.00,0.00,0.00,0.00,0.00,0.00,0.00,0.00,0.00,0.00,120,0.659,84,84,59.96,60.00,60.04
27-Jul-2018 23:30:00,10.000,Y,117.80,118.88,119.24,0.93,1.01,1.09,2.44%,0.14,0.11%,1.20%,0.04%,1.59%,0.03%,0.71%,0.02%,1.10%,0.02%,0.26%,0.01%,0.32%,0.01%,0.29%,0.01%,0.05%,0.01%,0.07%,0.01%,0.07%,0.01%,0.03%,0.01%,0.04%,0.01,0.10,0.00,0.03,0.00,0.03,0.00,0.08,0.00,0.03,0.00,0.04,0.00,0.02,0.00,0.01,0.00,0.01,0.00,0.00,0.00,0.00,0.00,0.00,118.02,118.84,119.14,0.00,0.00,0.32,2.60%,0.00,0.11%,1.31%,0.04%,1.70%,0.03%,0.77%,0.02%,1.10%,0.02%,0.33%,0.01%,0.36%,0.01%,0.28%,0.01%,0.11%,0.01%,0.05%,0.01%,0.08%,0.01%,0.06%,0.01%,0.02%,0.00,0.00,0.00,0.00,0.00,0.00,0.00,0.00,0.00,0.00,0.00,0.00,0.00,0.00,0.00,0.00,0.00,0.00,0.00,0.00,0.00,0.00,0.00,0.00,235.54,236.92,237.54,0.00,0.00,0.00,2.52%,0.00,0.11%,1.25%,0.04%,1.65%,0.03%,0.74%,0.02%,1.10%,0.02%,0.30%,0.01%,0.33%,0.01%,0.28%,0.01%,0.08%,0.01%,0.05%,0.01%,0.08%,0.01%,0.04%,0.01%,0.02%,0.00,0.00,0.00,0.00,0.00,0.00,0.00,0.00,0.00,0.00,0.00,0.00,0.00,0.00,0.00,0.00,0.00,0.00,0.00,0.00,0.00,0.00,0.00,0.00,120,0.655,84,84,59.95,59.99,60.05
27-Jul-2018 23:40:00,10.000,Y,117.68,118.90,119.26,0.94,1.01,1.06,2.35%,0.14,0.15%,1.12%,0.05%,1.53%,0.04%,0.71%,0.03%,1.06%,0.03%,0.26%,0.02%,0.31%,0.02%,0.26%,0.02%,0.05%,0.01%,0.06%,0.01%,0.07%,0.01%,0.02%,0.01%,0.04%,0.01,0.09,0.00,0.03,0.00,0.02,0.00,0.08,0.00,0.03,0.00,0.04,0.00,0.02,0.00,0.01,0.00,0.01,0.00,0.00,0.00,0.00,0.00,0.00,117.92,118.76,119.10,0.00,0.00,0.32,2.51%,0.00,0.15%,1.23%,0.06%,1.64%,0.04%,0.77%,0.03%,1.08%,0.03%,0.33%,0.02%,0.34%,0.02%,0.26%,0.02%,0.10%,0.01%,0.04%,0.01%,0.07%,0.01%,0.06%,0.01%,0.02%,0.00,0.00,0.00,0.00,0.00,0.00,0.00,0.00,0.00,0.00,0.00,0.00,0.00,0.00,0.00,0.00,0.00,0.00,0.00,0.00,0.00,0.00,0.00,0.00,235.30,236.86,237.38,0.00,0.00,0.00,2.42%,0.00,0.15%,1.18%,0.05%,1.58%,0.04%,0.74%,0.03%,1.06%,0.03%,0.29%,0.02%,0.32%,0.01%,0.26%,0.01%,0.08%,0.01%,0.04%,0.01%,0.07%,0.01%,0.04%,0.01%,0.02%,0.00,0.00,0.00,0.00,0.00,0.00,0.00,0.00,0.00,0.00,0.00,0.00,0.00,0.00,0.00,0.00,0.00,0.00,0.00,0.00,0.00,0.00,0.00,0.00,120,0.654,84,84,59.97,60.01,60.08
27-Jul-2018 23:50:00,10.000,Y,117.84,118.88,119.28,0.93,1.01,1.07,2.30%,0.14,0.09%,1.04%,0.04%,1.55%,0.03%,0.70%,0.02%,1.03%,0.02%,0.26%,0.01%,0.30%,0.01%,0.25%,0.01%,0.04%,0.01%,0.07%,0.01%,0.07%,0.01%,0.02%,0.01%,0.03%,0.01,0.09,0.00,0.03,0.00,0.02,0.00,0.08,0.00,0.03,0.00,0.04,0.00,0.02,0.00,0.01,0.00,0.01,0.00,0.00,0.00,0.00,0.00,0.00,118.02,118.94,119.24,0.00,0.00,0.31,2.48%,0.00,0.09%,1.18%,0.04%,1.64%,0.03%,0.75%,0.02%,1.08%,0.02%,0.32%,0.01%,0.34%,0.01%,0.26%,0.01%,0.10%,0.01%,0.04%,0.01%,0.07%,0.01%,0.06%,0.01%,0.02%,0.00,0.00,0.00,0.00,0.00,0.00,0.00,0.00,0.00,0.00,0.00,0.00,0.00,0.00,0.00,0.00,0.00,0.00,0.00,0.00,0.00,0.00,0.00,0.00,235.62,237.02,237.68,0.00,0.00,0.00,2.38%,0.00,0.09%,1.11%,0.04%,1.59%,0.03%,0.72%,0.02%,1.05%,0.02%,0.29%,0.01%,0.32%,0.01%,0.26%,0.01%,0.07%,0.01%,0.05%,0.01%,0.07%,0.01%,0.04%,0.01%,0.01%,0.00,0.00,0.00,0.00,0.00,0.00,0.00,0.00,0.00,0.00,0.00,0.00,0.00,0.00,0.00,0.00,0.00,0.00,0.00,0.00,0.00,0.00,0.00,0.00,120,0.653,84,84,59.94,59.98,60.03
28-Jul-2018 00:00:00,10.000,Y,118.02,119.10,119.54,0.93,1.01,1.07,2.25%,0.14,0.13%,0.99%,0.05%,1.51%,0.03%,0.71%,0.03%,1.01%,0.02%,0.26%,0.02%,0.30%,0.01%,0.26%,0.01%,0.04%,0.01%,0.06%,0.01%,0.08%,0.01%,0.02%,0.01%,0.03%,0.01,0.09,0.00,0.04,0.00,0.02,0.00,0.08,0.00,0.03,0.00,0.04,0.00,0.02,0.00,0.01,0.00,0.01,0.00,0.00,0.00,0.00,0.00,0.00,118.20,119.12,119.48,0.00,0.00,0.32,2.41%,0.00,0.13%,1.12%,0.05%,1.58%,0.03%,0.76%,0.02%,1.07%,0.03%,0.33%,0.02%,0.33%,0.02%,0.27%,0.01%,0.09%,0.01%,0.04%,0.01%,0.06%,0.01%,0.05%,0.01%,0.02%,0.00,0.00,0.00,0.00,0.00,0.00,0.00,0.00,0.00,0.00,0.00,0.00,0.00,0.00,0.00,0.00,0.00,0.00,0.00,0.00,0.00,0.00,0.00,0.00,236.00,237.42,238.20,0.00,0.00,0.00,2.33%,0.00,0.13%,1.05%,0.05%,1.54%,0.03%,0.73%,0.03%,1.04%,0.02%,0.29%,0.02%,0.31%,0.02%,0.26%,0.01%,0.06%,0.01%,0.04%,0.01%,0.07%,0.01%,0.03%,0.01%,0.01%,0.00,0.00,0.00,0.00,0.00,0.00,0.00,0.00,0.00,0.00,0.00,0.00,0.00,0.00,0.00,0.00,0.00,0.00,0.00,0.00,0.00,0.00,0.00,0.00,120,0.654,84,84,59.95,60.00,60.06
28-Jul-2018 00:10:00,10.000,Y,118.34,119.42,119.80,0.94,1.01,1.08,2.25%,0.14,0.12%,0.98%,0.04%,1.51%,0.03%,0.70%,0.02%,1.03%,0.02%,0.26%,0.02%,0.31%,0.01%,0.27%,0.01%,0.04%,0.01%,0.06%,0.01%,0.08%,0.01%,0.03%,0.01%,0.03%,0.01,0.09,0.00,0.04,0.00,0.02,0.00,0.08,0.00,0.03,0.00,0.04,0.00,0.02,0.00,0.01,0.00,0.01,0.00,0.00,0.00,0.00,0.00,0.00,118.20,119.24,119.50,0.00,0.00,0.31,2.37%,0.00,0.12%,1.06%,0.04%,1.57%,0.03%,0.74%,0.02%,1.07%,0.02%,0.31%,0.02%,0.32%,0.01%,0.27%,0.01%,0.09%,0.01%,0.04%,0.01%,0.07%,0.01%,0.05%,0.01%,0.02%,0.00,0.00,0.00,0.00,0.00,0.00,0.00,0.00,0.00,0.00,0.00,0.00,0.00,0.00,0.00,0.00,0.00,0.00,0.00,0.00,0.00,0.00,0.00,0.00,236.68,237.86,238.40,0.00,0.00,0.00,2.31%,0.00,0.12%,1.02%,0.04%,1.54%,0.03%,0.72%,0.02%,1.05%,0.02%,0.28%,0.02%,0.31%,0.01%,0.27%,0.01%,0.07%,0.01%,0.04%,0.01%,0.07%,0.01%,0.04%,0.01%,0.02%,0.00,0.00,0.00,0.00,0.00,0.00,0.00,0.00,0.00,0.00,0.00,0.00,0.00,0.00,0.00,0.00,0.00,0.00,0.00,0.00,0.00,0.00,0.00,0.00,120,0.652,84,84,59.95,60.00,60.05
28-Jul-2018 00:20:00,10.000,Y,118.38,119.26,119.62,0.94,1.01,1.07,2.21%,0.14,0.11%,0.92%,0.04%,1.49%,0.03%,0.70%,0.02%,1.03%,0.02%,0.24%,0.01%,0.31%,0.01%,0.26%,0.01%,0.05%,0.01%,0.05%,0.01%,0.08%,0.01%,0.04%,0.01%,0.04%,0.01,0.09,0.00,0.04,0.00,0.02,0.00,0.08,0.00,0.03,0.00,0.04,0.00,0.02,0.00,0.01,0.00,0.01,0.00,0.00,0.00,0.00,0.00,0.00,118.78,119.48,119.78,0.00,0.00,0.32,2.36%,0.00,0.11%,1.03%,0.04%,1.58%,0.03%,0.73%,0.02%,1.08%,0.02%,0.28%,0.01%,0.33%,0.01%,0.27%,0.01%,0.10%,0.01%,0.04%,0.01%,0.07%,0.01%,0.06%,0.01%,0.02%,0.00,0.00,0.00,0.00,0.00,0.00,0.00,0.00,0.00,0.00,0.00,0.00,0.00,0.00,0.00,0.00,0.00,0.00,0.00,0.00,0.00,0.00,0.00,0.00,236.78,237.94,238.52,0.00,0.00,0.00,2.28%,0.00,0.11%,0.97%,0.04%,1.53%,0.03%,0.72%,0.02%,1.05%,0.02%,0.26%,0.01%,0.31%,0.01%,0.26%,0.01%,0.07%,0.01%,0.04%,0.01%,0.08%,0.01%,0.05%,0.01%,0.02%,0.00,0.00,0.00,0.00,0.00,0.00,0.00,0.00,0.00,0.00,0.00,0.00,0.00,0.00,0.00,0.00,0.00,0.00,0.00,0.00,0.00,0.00,0.00,0.00,120,0.652,84,84,59.95,59.99,60.03
28-Jul-2018 00:30:00,10.000,Y,118.00,119.30,119.60,0.94,1.02,1.09,2.17%,0.13,0.16%,0.85%,0.06%,1.50%,0.04%,0.70%,0.03%,1.00%,0.03%,0.24%,0.02%,0.30%,0.02%,0.24%,0.01%,0.06%,0.01%,0.05%,0.01%,0.07%,0.01%,0.04%,0.01%,0.03%,0.01,0.09,0.00,0.04,0.00,0.02,0.00,0.07,0.00,0.03,0.00,0.03,0.00,0.02,0.00,0.01,0.00,0.01,0.00,0.00,0.00,0.00,0.00,0.00,118.60,119.44,119.76,0.00,0.00,0.32,2.33%,0.00,0.16%,0.97%,0.06%,1.57%,0.04%,0.75%,0.03%,1.07%,0.03%,0.28%,0.02%,0.34%,0.02%,0.25%,0.01%,0.10%,0.01%,0.04%,0.01%,0.07%,0.01%,0.06%,0.01%,0.02%,0.00,0.00,0.00,0.00,0.00,0.00,0.00,0.00,0.00,0.00,0.00,0.00,0.00,0.00,0.00,0.00,0.00,0.00,0.00,0.00,0.00,0.00,0.00,0.00,236.70,237.94,238.42,0.00,0.00,0.00,2.24%,0.00,0.16%,0.91%,0.06%,1.53%,0.04%,0.72%,0.03%,1.03%,0.03%,0.26%,0.02%,0.31%,0.02%,0.24%,0.01%,0.08%,0.01%,0.03%,0.01%,0.07%,0.01%,0.05%,0.01%,0.02%,0.00,0.00,0.00,0.00,0.00,0.00,0.00,0.00,0.00,0.00,0.00,0.00,0.00,0.00,0.00,0.00,0.00,0.00,0.00,0.00,0.00,0.00,0.00,0.00,120,0.657,84,84,59.98,60.02,60.06
28-Jul-2018 00:40:00,10.000,Y,118.58,119.50,119.84,0.93,1.02,1.09,2.17%,0.13,0.10%,0.79%,0.04%,1.55%,0.02%,0.71%,0.02%,0.96%,0.02%,0.23%,0.01%,0.29%,0.01%,0.23%,0.01%,0.05%,0.01%,0.04%,0.01%,0.06%,0.01%,0.03%,0.01%,0.02%,0.01,0.08,0.00,0.04,0.00,0.02,0.00,0.07,0.00,0.03,0.00,0.03,0.00,0.02,0.00,0.01,0.00,0.01,0.00,0.00,0.00,0.00,0.00,0.00,118.62,119.48,119.78,0.00,0.00,0.32,2.30%,0.00,0.10%,0.91%,0.04%,1.61%,0.02%,0.75%,0.02%,1.03%,0.02%,0.28%,0.01%,0.32%,0.01%,0.23%,0.01%,0.09%,0.01%,0.04%,0.01%,0.05%,0.01%,0.06%,0.01%,0.03%,0.00,0.00,0.00,0.00,0.00,0.00,0.00,0.00,0.00,0.00,0.00,0.00,0.00,0.00,0.00,0.00,0.00,0.00,0.00,0.00,0.00,0.00,0.00,0.00,236.90,238.18,238.62,0.00,0.00,0.00,2.23%,0.00,0.10%,0.85%,0.04%,1.58%,0.02%,0.73%,0.02%,0.99%,0.02%,0.25%,0.01%,0.30%,0.01%,0.23%,0.01%,0.07%,0.01%,0.03%,0.01%,0.05%,0.01%,0.05%,0.01%,0.02%,0.00,0.00,0.00,0.00,0.00,0.00,0.00,0.00,0.00,0.00,0.00,0.00,0.00,0.00,0.00,0.00,0.00,0.00,0.00,0.00,0.00,0.00,0.00,0.00,120,0.657,84,96,59.95,59.99,60.03
28-Jul-2018 00:50:00,10.000,Y,118.48,119.32,119.62,0.94,1.01,1.07,2.14%,0.13,0.18%,0.78%,0.06%,1.51%,0.04%,0.71%,0.03%,0.98%,0.03%,0.24%,0.02%,0.29%,0.02%,0.23%,0.02%,0.04%,0.01%,0.04%,0.01%,0.05%,0.01%,0.03%,0.01%,0.03%,0.01,0.09,0.00,0.04,0.00,0.02,0.00,0.07,0.00,0.03,0.00,0.03,0.00,0.02,0.00,0.01,0.00,0.01,0.00,0.00,0.00,0.00,0.00,0.00,118.50,119.28,119.58,0.00,0.00,0.32,2.27%,0.00,0.17%,0.87%,0.06%,1.57%,0.04%,0.76%,0.03%,1.03%,0.03%,0.28%,0.02%,0.32%,0.02%,0.23%,0.02%,0.08%,0.01%,0.04%,0.01%,0.04%,0.01%,0.05%,0.01%,0.03%,0.00,0.00,0.00,0.00,0.00,0.00,0.00,0.00,0.00,0.00,0.00,0.00,0.00,0.00,0.00,0.00,0.00,0.00,0.00,0.00,0.00,0.00,0.00,0.00,236.64,237.80,238.28,0.00,0.00,0.00,2.20%,0.00,0.17%,0.82%,0.06%,1.54%,0.04%,0.73%,0.03%,1.00%,0.03%,0.26%,0.02%,0.30%,0.02%,0.22%,0.02%,0.06%,0.01%,0.02%,0.01%,0.05%,0.01%,0.04%,0.01%,0.02%,0.00,0.00,0.00,0.00,0.00,0.00,0.00,0.00,0.00,0.00,0.00,0.00,0.00,0.00,0.00,0.00,0.00,0.00,0.00,0.00,0.00,0.00,0.00,0.00,120,0.653,84,84,59.97,60.03,60.06
28-Jul-2018 01:00:00,10.000,Y,118.56,119.48,119.84,0.04,0.49,1.07,2.18%,0.06,0.10%,0.78%,0.03%,1.56%,0.03%,0.72%,0.02%,0.98%,0.02%,0.24%,0.01%,0.31%,0.01%,0.24%,0.01%,0.05%,0.01%,0.05%,0.01%,0.06%,0.01%,0.04%,0.01%,0.03%,0.01,0.04,0.00,0.02,0.00,0.01,0.00,0.03,0.00,0.01,0.00,0.02,0.00,0.01,0.00,0.00,0.00,0.00,0.00,0.00,0.00,0.00,0.00,0.00,118.68,119.50,119.88,0.00,0.00,0.31,2.30%,0.00,0.10%,0.87%,0.04%,1.61%,0.03%,0.76%,0.02%,1.05%,0.02%,0.28%,0.01%,0.33%,0.01%,0.24%,0.01%,0.09%,0.01%,0.05%,0.01%,0.05%,0.01%,0.06%,0.01%,0.03%,0.00,0.00,0.00,0.00,0.00,0.00,0.00,0.00,0.00,0.00,0.00,0.00,0.00,0.00,0.00,0.00,0.00,0.00,0.00,0.00,0.00,0.00,0.00,0.00,236.86,238.18,238.88,0.00,0.00,0.00,2.24%,0.00,0.10%,0.83%,0.03%,1.59%,0.03%,0.74%,0.02%,1.01%,0.02%,0.26%,0.01%,0.31%,0.01%,0.24%,0.01%,0.07%,0.01%,0.04%,0.01%,0.05%,0.01%,0.05%,0.01%,0.02%,0.00,0.00,0.00,0.00,0.00,0.00,0.00,0.00,0.00,0.00,0.00,0.00,0.00,0.00,0.00,0.00,0.00,0.00,0.00,0.00,0.00,0.00,0.00,0.00,60,0.831,36,48,59.94,59.99,60.03
28-Jul-2018 01:10:00,10.000,Y,118.38,119.78,120.10,0.00,0.00,0.15,2.18%,0.00,0.12%,0.79%,0.05%,1.56%,0.03%,0.73%,0.02%,0.96%,0.02%,0.25%,0.02%,0.30%,0.01%,0.22%,0.01%,0.06%,0.01%,0.06%,0.01%,0.04%,0.01%,0.05%,0.01%,0.04%,0.00,0.00,0.00,0.00,0.00,0.00,0.00,0.00,0.00,0.00,0.00,0.00,0.00,0.00,0.00,0.00,0.00,0.00,0.00,0.00,0.00,0.00,0.00,0.00,118.92,119.78,120.06,0.00,0.00,0.31,2.28%,0.00,0.12%,0.85%,0.05%,1.61%,0.03%,0.76%,0.02%,1.02%,0.02%,0.28%,0.02%,0.34%,0.02%,0.23%,0.01%,0.08%,0.01%,0.07%,0.01%,0.05%,0.01%,0.06%,0.01%,0.03%,0.00,0.00,0.00,0.00,0.00,0.00,0.00,0.00,0.00,0.00,0.00,0.00,0.00,0.00,0.00,0.00,0.00,0.00,0.00,0.00,0.00,0.00,0.00,0.00,237.50,238.76,239.32,0.00,0.00,0.00,2.23%,0.00,0.12%,0.82%,0.05%,1.58%,0.03%,0.74%,0.02%,0.99%,0.02%,0.26%,0.02%,0.32%,0.01%,0.22%,0.01%,0.07%,0.01%,0.06%,0.01%,0.04%,0.01%,0.05%,0.01%,0.03%,0.00,0.00,0.00,0.00,0.00,0.00,0.00,0.00,0.00,0.00,0.00,0.00,0.00,0.00,0.00,0.00,0.00,0.00,0.00,0.00,0.00,0.00,0.00,0.00,0,1.000,0,0,59.95,60.00,60.05
28-Jul-2018 01:20:00,10.000,Y,119.10,119.94,120.32,0.00,0.00,0.14,2.14%,0.00,0.12%,0.73%,0.04%,1.52%,0.03%,0.73%,0.02%,0.97%,0.02%,0.27%,0.01%,0.29%,0.01%,0.21%,0.01%,0.07%,0.01%,0.07%,0.01%,0.03%,0.01%,0.05%,0.01%,0.04%,0.00,0.00,0.00,0.00,0.00,0.00,0.00,0.00,0.00,0.00,0.00,0.00,0.00,0.00,0.00,0.00,0.00,0.00,0.00,0.00,0.00,0.00,0.00,0.00,119.16,120.00,120.32,0.00,0.00,0.31,2.28%,0.00,0.12%,0.81%,0.04%,1.60%,0.03%,0.78%,0.02%,1.03%,0.02%,0.31%,0.02%,0.33%,0.01%,0.24%,0.01%,0.08%,0.01%,0.06%,0.01%,0.07%,0.01%,0.05%,0.01%,0.03%,0.00,0.00,0.00,0.00,0.00,0.00,0.00,0.00,0.00,0.00,0.00,0.00,0.00,0.00,0.00,0.00,0.00,0.00,0.00,0.00,0.00,0.00,0.00,0.00,238.04,239.14,239.74,0.00,0.00,0.00,2.20%,0.00,0.12%,0.77%,0.04%,1.56%,0.03%,0.75%,0.02%,0.99%,0.02%,0.29%,0.01%,0.31%,0.01%,0.22%,0.01%,0.07%,0.01%,0.06%,0.01%,0.05%,0.01%,0.04%,0.01%,0.03%,0.00,0.00,0.00,0.00,0.00,0.00,0.00,0.00,0.00,0.00,0.00,0.00,0.00,0.00,0.00,0.00,0.00,0.00,0.00,0.00,0.00,0.00,0.00,0.00,0,1.000,0,0,59.95,60.00,60.06
28-Jul-2018 01:30:00,10.000,Y,118.74,119.88,120.26,0.00,0.00,0.14,2.12%,0.00,0.12%,0.71%,0.04%,1.51%,0.03%,0.73%,0.02%,0.98%,0.02%,0.25%,0.01%,0.29%,0.01%,0.21%,0.01%,0.06%,0.01%,0.06%,0.01%,0.03%,0.01%,0.05%,0.01%,0.04%,0.00,0.00,0.00,0.00,0.00,0.00,0.00,0.00,0.00,0.00,0.00,0.00,0.00,0.00,0.00,0.00,0.00,0.00,0.00,0.00,0.00,0.00,0.00,0.00,119.12,119.98,120.30,0.00,0.00,0.31,2.27%,0.00,0.12%,0.78%,0.04%,1.60%,0.03%,0.78%,0.03%,1.03%,0.02%,0.30%,0.01%,0.33%,0.01%,0.23%,0.01%,0.08%,0.01%,0.06%,0.01%,0.07%,0.01%,0.05%,0.01%,0.03%,0.00,0.00,0.00,0.00,0.00,0.00,0.00,0.00,0.00,0.00,0.00,0.00,0.00,0.00,0.00,0.00,0.00,0.00,0.00,0.00,0.00,0.00,0.00,0.00,237.66,239.04,239.58,0.00,0.00,0.00,2.19%,0.00,0.12%,0.75%,0.04%,1.56%,0.03%,0.75%,0.02%,1.00%,0.02%,0.27%,0.01%,0.31%,0.01%,0.21%,0.01%,0.06%,0.01%,0.06%,0.01%,0.05%,0.01%,0.04%,0.01%,0.03%,0.00,0.00,0.00,0.00,0.00,0.00,0.00,0.00,0.00,0.00,0.00,0.00,0.00,0.00,0.00,0.00,0.00,0.00,0.00,0.00,0.00,0.00,0.00,0.00,0,1.000,0,0,59.94,59.99,60.04
28-Jul-2018 01:40:00,10.000,Y,119.04,119.94,120.20,0.11,1.07,14.15,2.12%,0.14,0.11%,0.70%,0.04%,1.53%,0.03%,0.71%,0.02%,0.97%,0.02%,0.25%,0.02%,0.29%,0.01%,0.20%,0.01%,0.05%,0.01%,0.06%,0.01%,0.04%,0.01%,0.04%,0.01%,0.04%,0.01,0.09,0.00,0.04,0.00,0.03,0.00,0.07,0.00,0.03,0.00,0.03,0.00,0.02,0.00,0.01,0.00,0.01,0.00,0.00,0.00,0.00,0.00,0.00,118.82,119.92,120.34,0.00,0.00,0.31,2.25%,0.00,0.11%,0.76%,0.04%,1.62%,0.03%,0.76%,0.02%,1.01%,0.02%,0.29%,0.02%,0.31%,0.01%,0.22%,0.01%,0.07%,0.01%,0.06%,0.01%,0.06%,0.01%,0.04%,0.01%,0.03%,0.00,0.00,0.00,0.00,0.00,0.00,0.00,0.00,0.00,0.00,0.00,0.00,0.00,0.00,0.00,0.00,0.00,0.00,0.00,0.00,0.00,0.00,0.00,0.00,237.92,239.06,239.50,0.00,0.00,0.00,2.18%,0.00,0.11%,0.73%,0.04%,1.57%,0.03%,0.74%,0.02%,0.99%,0.02%,0.27%,0.01%,0.30%,0.01%,0.21%,0.01%,0.05%,0.01%,0.06%,0.01%,0.05%,0.01%,0.04%,0.01%,0.03%,0.00,0.00,0.00,0.00,0.00,0.00,0.00,0.00,0.00,0.00,0.00,0.00,0.00,0.00,0.00,0.00,0.00,0.00,0.00,0.00,0.00,0.00,0.00,0.00,120,0.672,84,96,59.95,59.99,60.04
28-Jul-2018 01:50:00,10.000,Y,119.02,120.02,120.32,0.95,1.03,1.10,2.12%,0.13,0.17%,0.67%,0.06%,1.53%,0.04%,0.73%,0.03%,0.95%,0.03%,0.25%,0.02%,0.30%,0.02%,0.20%,0.02%,0.04%,0.01%,0.06%,0.01%,0.04%,0.01%,0.04%,0.01%,0.04%,0.01,0.09,0.00,0.04,0.00,0.03,0.00,0.07,0.00,0.03,0.00,0.03,0.00,0.02,0.00,0.01,0.00,0.01,0.00,0.00,0.00,0.00,0.00,0.00,118.88,119.84,120.16,0.00,0.00,0.31,2.22%,0.00,0.17%,0.73%,0.06%,1.60%,0.04%,0.77%,0.03%,0.99%,0.03%,0.29%,0.02%,0.31%,0.02%,0.21%,0.02%,0.06%,0.01%,0.05%,0.01%,0.06%,0.01%,0.04%,0.01%,0.03%,0.00,0.00,0.00,0.00,0.00,0.00,0.00,0.00,0.00,0.00,0.00,0.00,0.00,0.00,0.00,0.00,0.00,0.00,0.00,0.00,0.00,0.00,0.00,0.00,237.74,239.04,239.60,0.00,0.00,0.00,2.16%,0.00,0.17%,0.70%,0.06%,1.57%,0.04%,0.75%,0.03%,0.96%,0.03%,0.27%,0.02%,0.30%,0.02%,0.20%,0.02%,0.05%,0.01%,0.05%,0.01%,0.05%,0.01%,0.03%,0.01%,0.03%,0.00,0.00,0.00,0.00,0.00,0.00,0.00,0.00,0.00,0.00,0.00,0.00,0.00,0.00,0.00,0.00,0.00,0.00,0.00,0.00,0.00,0.00,0.00,0.00,120,0.658,84,96,59.98,60.02,60.09
28-Jul-2018 02:00:00,10.000,Y,119.14,119.98,120.24,0.96,1.03,1.10,2.06%,0.13,0.12%,0.62%,0.04%,1.49%,0.03%,0.73%,0.02%,0.94%,0.02%,0.24%,0.02%,0.29%,0.01%,0.20%,0.01%,0.05%,0.01%,0.05%,0.01%,0.04%,0.01%,0.04%,0.01%,0.03%,0.01,0.08,0.00,0.04,0.00,0.02,0.00,0.07,0.00,0.03,0.00,0.03,0.00,0.02,0.00,0.01,0.00,0.01,0.00,0.00,0.00,0.00,0.00,0.00,119.18,120.02,120.24,0.00,0.00,0.31,2.17%,0.00,0.12%,0.70%,0.04%,1.55%,0.03%,0.77%,0.02%,0.98%,0.02%,0.29%,0.02%,0.31%,0.01%,0.21%,0.01%,0.07%,0.01%,0.05%,0.01%,0.05%,0.01%,0.04%,0.01%,0.03%,0.00,0.00,0.00,0.00,0.00,0.00,0.00,0.00,0.00,0.00,0.00,0.00,0.00,0.00,0.00,0.00,0.00,0.00,0.00,0.00,0.00,0.00,0.00,0.00,238.04,239.18,239.64,0.00,0.00,0.00,2.11%,0.00,0.12%,0.66%,0.04%,1.52%,0.03%,0.75%,0.02%,0.96%,0.02%,0.26%,0.01%,0.30%,0.01%,0.20%,0.01%,0.05%,0.01%,0.05%,0.01%,0.04%,0.01%,0.04%,0.01%,0.03%,0.00,0.00,0.00,0.00,0.00,0.00,0.00,0.00,0.00,0.00,0.00,0.00,0.00,0.00,0.00,0.00,0.00,0.00,0.00,0.00,0.00,0.00,0.00,0.00,120,0.653,84,96,59.94,60.00,60.08
28-Jul-2018 02:10:00,10.000,Y,118.94,119.94,120.26,0.95,1.02,1.08,2.05%,0.13,0.10%,0.61%,0.04%,1.48%,0.03%,0.72%,0.02%,0.94%,0.02%,0.24%,0.01%,0.29%,0.01%,0.21%,0.01%,0.04%,0.01%,0.06%,0.01%,0.04%,0.01%,0.05%,0.01%,0.04%,0.01,0.08,0.00,0.04,0.00,0.03,0.00,0.07,0.00,0.03,0.00,0.03,0.00,0.02,0.00,0.01,0.00,0.01,0.00,0.00,0.00,0.00,0.00,0.00,118.94,120.22,120.50,0.00,0.00,0.31,2.20%,0.00,0.10%,0.72%,0.04%,1.56%,0.02%,0.76%,0.02%,1.00%,0.02%,0.31%,0.01%,0.33%,0.01%,0.23%,0.01%,0.07%,0.01%,0.06%,0.01%,0.06%,0.01%,0.06%,0.01%,0.04%,0.00,0.00,0.00,0.00,0.00,0.00,0.00,0.00,0.00,0.00,0.00,0.00,0.00,0.00,0.00,0.00,0.00,0.00,0.00,0.00,0.00,0.00,0.00,0.00,237.76,239.36,239.84,0.00,0.00,0.00,2.12%,0.00,0.10%,0.67%,0.04%,1.52%,0.03%,0.74%,0.02%,0.97%,0.02%,0.27%,0.01%,0.31%,0.01%,0.22%,0.01%,0.05%,0.01%,0.06%,0.01%,0.05%,0.01%,0.05%,0.01%,0.03%,0.00,0.00,0.00,0.00,0.00,0.00,0.00,0.00,0.00,0.00,0.00,0.00,0.00,0.00,0.00,0.00,0.00,0.00,0.00,0.00,0.00,0.00,0.00,0.00,120,0.650,84,96,59.95,59.99,60.04
28-Jul-2018 02:20:00,10.000,Y,118.96,120.00,120.26,0.95,1.02,1.07,2.09%,0.13,0.15%,0.64%,0.05%,1.51%,0.04%,0.74%,0.03%,0.94%,0.03%,0.25%,0.02%,0.30%,0.02%,0.21%,0.02%,0.05%,0.01%,0.06%,0.01%,0.05%,0.01%,0.05%,0.01%,0.04%,0.01,0.08,0.00,0.04,0.00,0.02,0.00,0.07,0.00,0.03,0.00,0.03,0.00,0.02,0.00,0.01,0.00,0.01,0.00,0.00,0.00,0.00,0.00,0.00,119.46,120.24,120.58,0.00,0.00,0.31,2.25%,0.00,0.15%,0.74%,0.05%,1.59%,0.04%,0.79%,0.03%,1.00%,0.03%,0.31%,0.02%,0.35%,0.02%,0.24%,0.02%,0.08%,0.01%,0.06%,0.01%,0.07%,0.01%,0.06%,0.01%,0.04%,0.00,0.00,0.00,0.00,0.00,0.00,0.00,0.00,0.00,0.00,0.00,0.00,0.00,0.00,0.00,0.00,0.00,0.00,0.00,0.00,0.00,0.00,0.00,0.00,238.12,239.44,239.84,0.00,0.00,0.00,2.16%,0.00,0.15%,0.69%,0.05%,1.55%,0.04%,0.76%,0.03%,0.96%,0.03%,0.28%,0.02%,0.32%,0.02%,0.22%,0.02%,0.06%,0.01%,0.06%,0.01%,0.06%,0.01%,0.05%,0.01%,0.03%,0.00,0.00,0.00,0.00,0.00,0.00,0.00,0.00,0.00,0.00,0.00,0.00,0.00,0.00,0.00,0.00,0.00,0.00,0.00,0.00,0.00,0.00,0.00,0.00,120,0.649,84,96,59.97,60.01,60.04
28-Jul-2018 02:30:00,10.000,Y,119.06,120.20,120.60,0.94,1.02,1.08,2.09%,0.13,0.16%,0.63%,0.06%,1.53%,0.04%,0.73%,0.03%,0.93%,0.03%,0.25%,0.02%,0.30%,0.02%,0.20%,0.02%,0.05%,0.01%,0.06%,0.01%,0.03%,0.01%,0.04%,0.01%,0.04%,0.01,0.08,0.00,0.04,0.00,0.03,0.00,0.07,0.00,0.03,0.00,0.03,0.00,0.02,0.00,0.01,0.00,0.01,0.00,0.00,0.00,0.00,0.00,0.00,119.22,120.10,120.40,0.00,0.00,0.31,2.20%,0.00,0.16%,0.71%,0.06%,1.59%,0.04%,0.76%,0.03%,0.97%,0.03%,0.30%,0.02%,0.33%,0.02%,0.21%,0.01%,0.07%,0.01%,0.05%,0.01%,0.06%,0.01%,0.05%,0.01%,0.03%,0.00,0.00,0.00,0.00,0.00,0.00,0.00,0.00,0.00,0.00,0.00,0.00,0.00,0.00,0.00,0.00,0.00,0.00,0.00,0.00,0.00,0.00,0.00,0.00,238.00,239.50,240.10,0.00,0.00,0.00,2.14%,0.00,0.16%,0.67%,0.06%,1.55%,0.04%,0.74%,0.03%,0.95%,0.03%,0.27%,0.02%,0.31%,0.02%,0.20%,0.01%,0.05%,0.01%,0.05%,0.01%,0.04%,0.01%,0.04%,0.01%,0.03%,0.00,0.00,0.00,0.00,0.00,0.00,0.00,0.00,0.00,0.00,0.00,0.00,0.00,0.00,0.00,0.00,0.00,0.00,0.00,0.00,0.00,0.00,0.00,0.00,120,0.648,84,96,59.97,60.02,60.05
28-Jul-2018 02:40:00,10.000,Y,119.16,120.14,120.40,0.94,1.02,1.08,2.07%,0.13,0.12%,0.59%,0.05%,1.54%,0.03%,0.71%,0.03%,0.91%,0.02%,0.24%,0.02%,0.29%,0.01%,0.19%,0.01%,0.05%,0.01%,0.05%,0.01%,0.03%,0.01%,0.04%,0.01%,0.04%,0.01,0.08,0.00,0.04,0.00,0.03,0.00,0.07,0.00,0.03,0.00,0.03,0.00,0.02,0.00,0.01,0.00,0.01,0.00,0.00,0.00,0.00,0.00,0.00,119.34,120.24,120.60,0.00,0.00,0.31,2.20%,0.00,0.12%,0.69%,0.05%,1.61%,0.03%,0.75%,0.02%,0.97%,0.02%,0.28%,0.02%,0.33%,0.01%,0.21%,0.01%,0.06%,0.01%,0.05%,0.01%,0.06%,0.01%,0.05%,0.01%,0.03%,0.00,0.00,0.00,0.00,0.00,0.00,0.00,0.00,0.00,0.00,0.00,0.00,0.00,0.00,0.00,0.00,0.00,0.00,0.00,0.00,0.00,0.00,0.00,0.00,238.34,239.58,240.18,0.00,0.00,0.00,2.13%,0.00,0.12%,0.64%,0.05%,1.57%,0.03%,0.73%,0.02%,0.94%,0.02%,0.26%,0.02%,0.30%,0.01%,0.20%,0.01%,0.05%,0.01%,0.05%,0.01%,0.04%,0.01%,0.04%,0.01%,0.03%,0.00,0.00,0.00,0.00,0.00,0.00,0.00,0.00,0.00,0.00,0.00,0.00,0.00,0.00,0.00,0.00,0.00,0.00,0.00,0.00,0.00,0.00,0.00,0.00,120,0.648,84,96,59.96,60.00,60.03
28-Jul-2018 02:50:00,10.000,Y,119.10,119.98,120.34,0.95,1.02,1.07,2.08%,0.13,0.13%,0.58%,0.05%,1.57%,0.03%,0.71%,0.03%,0.91%,0.02%,0.23%,0.02%,0.28%,0.01%,0.19%,0.01%,0.04%,0.01%,0.05%,0.01%,0.04%,0.01%,0.04%,0.01%,0.04%,0.01,0.08,0.00,0.04,0.00,0.03,0.00,0.07,0.00,0.03,0.00,0.03,0.00,0.02,0.00,0.01,0.00,0.01,0.00,0.00,0.00,0.00,0.00,0.00,119.04,120.14,120.38,0.00,0.00,0.31,2.21%,0.00,0.13%,0.67%,0.05%,1.63%,0.03%,0.76%,0.02%,0.96%,0.02%,0.27%,0.02%,0.31%,0.01%,0.21%,0.01%,0.06%,0.01%,0.05%,0.01%,0.06%,0.01%,0.05%,0.01%,0.03%,0.00,0.00,0.00,0.00,0.00,0.00,0.00,0.00,0.00,0.00,0.00,0.00,0.00,0.00,0.00,0.00,0.00,0.00,0.00,0.00,0.00,0.00,0.00,0.00,238.26,239.30,239.80,0.00,0.00,0.00,2.14%,0.00,0.13%,0.62%,0.05%,1.60%,0.03%,0.74%,0.02%,0.93%,0.02%,0.25%,0.02%,0.30%,0.01%,0.20%,0.01%,0.05%,0.01%,0.05%,0.01%,0.05%,0.01%,0.04%,0.01%,0.03%,0.00,0.00,0.00,0.00,0.00,0.00,0.00,0.00,0.00,0.00,0.00,0.00,0.00,0.00,0.00,0.00,0.00,0.00,0.00,0.00,0.00,0.00,0.00,0.00,120,0.649,84,96,59.95,60.00,60.05
28-Jul-2018 03:00:00,10.000,Y,119.34,120.18,120.44,0.95,1.02,1.08,2.10%,0.12,0.13%,0.58%,0.05%,1.57%,0.03%,0.73%,0.03%,0.91%,0.02%,0.24%,0.02%,0.30%,0.01%,0.20%,0.01%,0.04%,0.01%,0.05%,0.01%,0.04%,0.01%,0.04%,0.01%,0.04%,0.01,0.08,0.00,0.04,0.00,0.02,0.00,0.07,0.00,0.03,0.00,0.03,0.00,0.02,0.00,0.01,0.00,0.01,0.00,0.00,0.00,0.00,0.00,0.00,119.44,120.22,120.52,0.00,0.00,0.30,2.19%,0.00,0.12%,0.66%,0.05%,1.63%,0.03%,0.75%,0.02%,0.95%,0.02%,0.28%,0.02%,0.31%,0.02%,0.21%,0.01%,0.06%,0.01%,0.05%,0.01%,0.05%,0.01%,0.04%,0.01%,0.03%,0.00,0.00,0.00,0.00,0.00,0.00,0.00,0.00,0.00,0.00,0.00,0.00,0.00,0.00,0.00,0.00,0.00,0.00,0.00,0.00,0.00,0.00,0.00,0.00,238.46,239.58,240.08,0.00,0.00,0.00,2.14%,0.00,0.12%,0.62%,0.05%,1.60%,0.03%,0.74%,0.02%,0.93%,0.02%,0.26%,0.02%,0.30%,0.01%,0.20%,0.01%,0.05%,0.01%,0.05%,0.01%,0.04%,0.01%,0.04%,0.01%,0.03%,0.00,0.00,0.00,0.00,0.00,0.00,0.00,0.00,0.00,0.00,0.00,0.00,0.00,0.00,0.00,0.00,0.00,0.00,0.00,0.00,0.00,0.00,0.00,0.00,120,0.649,84,96,59.95,60.00,60.04
28-Jul-2018 03:10:00,10.000,Y,119.32,120.24,120.52,0.95,1.03,1.09,2.10%,0.13,0.12%,0.58%,0.05%,1.57%,0.03%,0.72%,0.02%,0.93%,0.02%,0.23%,0.02%,0.30%,0.02%,0.20%,0.01%,0.04%,0.01%,0.06%,0.01%,0.04%,0.01%,0.04%,0.01%,0.04%,0.01,0.08,0.00,0.04,0.00,0.03,0.00,0.07,0.00,0.03,0.00,0.03,0.00,0.02,0.00,0.01,0.00,0.01,0.00,0.00,0.00,0.00,0.00,0.00,119.22,120.08,120.44,0.00,0.00,0.31,2.19%,0.00,0.12%,0.64%,0.05%,1.62%,0.03%,0.75%,0.02%,0.97%,0.02%,0.27%,0.02%,0.31%,0.01%,0.20%,0.01%,0.06%,0.01%,0.05%,0.01%,0.05%,0.01%,0.04%,0.01%,0.03%,0.00,0.00,0.00,0.00,0.00,0.00,0.00,0.00,0.00,0.00,0.00,0.00,0.00,0.00,0.00,0.00,0.00,0.00,0.00,0.00,0.00,0.00,0.00,0.00,238.30,239.52,239.98,0.00,0.00,0.00,2.14%,0.00,0.12%,0.61%,0.05%,1.60%,0.03%,0.73%,0.02%,0.94%,0.02%,0.25%,0.02%,0.30%,0.01%,0.20%,0.01%,0.05%,0.01%,0.05%,0.01%,0.04%,0.01%,0.03%,0.01%,0.03%,0.00,0.00,0.00,0.00,0.00,0.00,0.00,0.00,0.00,0.00,0.00,0.00,0.00,0.00,0.00,0.00,0.00,0.00,0.00,0.00,0.00,0.00,0.00,0.00,120,0.654,84,96,59.97,60.00,60.03
28-Jul-2018 03:20:00,10.000,Y,119.14,120.02,120.22,0.94,1.02,1.08,2.05%,0.12,0.12%,0.56%,0.04%,1.54%,0.03%,0.69%,0.02%,0.92%,0.02%,0.23%,0.02%,0.29%,0.01%,0.19%,0.01%,0.04%,0.01%,0.06%,0.01%,0.04%,0.01%,0.05%,0.01%,0.04%,0.01,0.08,0.00,0.04,0.00,0.03,0.00,0.07,0.00,0.03,0.00,0.03,0.00,0.02,0.00,0.01,0.00,0.01,0.00,0.00,0.00,0.00,0.00,0.00,119.36,120.22,120.64,0.00,0.00,0.31,2.17%,0.00,0.12%,0.66%,0.04%,1.59%,0.03%,0.72%,0.02%,0.99%,0.02%,0.28%,0.01%,0.31%,0.01%,0.21%,0.01%,0.06%,0.01%,0.06%,0.01%,0.06%,0.01%,0.05%,0.01%,0.03%,0.00,0.00,0.00,0.00,0.00,0.00,0.00,0.00,0.00,0.00,0.00,0.00,0.00,0.00,0.00,0.00,0.00,0.00,0.00,0.00,0.00,0.00,0.00,0.00,238.22,239.44,239.94,0.00,0.00,0.00,2.11%,0.00,0.12%,0.61%,0.04%,1.56%,0.03%,0.70%,0.02%,0.96%,0.02%,0.25%,0.01%,0.30%,0.01%,0.20%,0.01%,0.05%,0.01%,0.05%,0.01%,0.05%,0.01%,0.04%,0.01%,0.03%,0.00,0.00,0.00,0.00,0.00,0.00,0.00,0.00,0.00,0.00,0.00,0.00,0.00,0.00,0.00,0.00,0.00,0.00,0.00,0.00,0.00,0.00,0.00,0.00,120,0.650,84,96,59.93,60.00,60.04
28-Jul-2018 03:30:00,10.000,Y,118.76,120.12,120.46,0.94,1.02,1.07,2.05%,0.12,0.13%,0.55%,0.05%,1.54%,0.03%,0.68%,0.03%,0.93%,0.02%,0.23%,0.02%,0.29%,0.01%,0.19%,0.01%,0.04%,0.01%,0.06%,0.01%,0.04%,0.01%,0.05%,0.01%,0.04%,0.01,0.08,0.00,0.04,0.00,0.03,0.00,0.07,0.00,0.03,0.00,0.03,0.00,0.02,0.00,0.01,0.00,0.01,0.00,0.00,0.00,0.00,0.00,0.00,119.30,120.56,120.98,0.00,0.00,0.31,2.19%,0.00,0.13%,0.66%,0.05%,1.60%,0.03%,0.72%,0.03%,1.01%,0.02%,0.28%,0.02%,0.31%,0.01%,0.21%,0.01%,0.07%,0.01%,0.06%,0.01%,0.06%,0.01%,0.05%,0.01%,0.04%,0.00,0.00,0.00,0.00,0.00,0.00,0.00,0.00,0.00,0.00,0.00,0.00,0.00,0.00,0.00,0.00,0.00,0.00,0.00,0.00,0.00,0.00,0.00,0.00,237.26,239.88,240.60,0.00,0.00,0.00,2.11%,0.00,0.13%,0.61%,0.05%,1.57%,0.03%,0.70%,0.03%,0.96%,0.02%,0.25%,0.02%,0.29%,0.01%,0.20%,0.01%,0.05%,0.01%,0.06%,0.01%,0.05%,0.01%,0.05%,0.01%,0.03%,0.00,0.00,0.00,0.00,0.00,0.00,0.00,0.00,0.00,0.00,0.00,0.00,0.00,0.00,0.00,0.00,0.00,0.00,0.00,0.00,0.00,0.00,0.00,0.00,120,0.648,84,96,59.97,60.01,60.06
28-Jul-2018 03:40:00,10.000,Y,118.94,120.10,120.46,0.94,1.02,1.07,2.02%,0.12,0.15%,0.55%,0.06%,1.49%,0.04%,0.70%,0.03%,0.93%,0.03%,0.24%,0.02%,0.28%,0.02%,0.19%,0.01%,0.04%,0.01%,0.06%,0.01%,0.04%,0.01%,0.04%,0.01%,0.03%,0.01,0.08,0.00,0.04,0.00,0.03,0.00,0.07,0.00,0.03,0.00,0.03,0.00,0.02,0.00,0.01,0.00,0.01,0.00,0.00,0.00,0.00,0.00,0.00,119.18,120.40,120.76,0.00,0.00,0.31,2.15%,0.00,0.15%,0.65%,0.06%,1.54%,0.04%,0.74%,0.03%,1.01%,0.03%,0.30%,0.02%,0.29%,0.02%,0.21%,0.01%,0.07%,0.01%,0.05%,0.01%,0.05%,0.01%,0.05%,0.01%,0.03%,0.00,0.00,0.00,0.00,0.00,0.00,0.00,0.00,0.00,0.00,0.00,0.00,0.00,0.00,0.00,0.00,0.00,0.00,0.00,0.00,0.00,0.00,0.00,0.00,237.82,239.70,240.36,0.00,0.00,0.00,2.08%,0.00,0.15%,0.60%,0.06%,1.51%,0.04%,0.72%,0.03%,0.97%,0.03%,0.26%,0.02%,0.28%,0.02%,0.20%,0.01%,0.05%,0.01%,0.05%,0.01%,0.04%,0.01%,0.04%,0.01%,0.03%,0.00,0.00,0.00,0.00,0.00,0.00,0.00,0.00,0.00,0.00,0.00,0.00,0.00,0.00,0.00,0.00,0.00,0.00,0.00,0.00,0.00,0.00,0.00,0.00,120,0.648,84,96,59.96,60.01,60.07
28-Jul-2018 03:50:00,10.000,Y,118.46,119.46,119.84,0.94,1.01,1.07,1.99%,0.12,0.09%,0.56%,0.03%,1.44%,0.03%,0.74%,0.02%,0.92%,0.02%,0.25%,0.01%,0.27%,0.01%,0.19%,0.01%,0.05%,0.01%,0.05%,0.01%,0.04%,0.01%,0.04%,0.01%,0.04%,0.01,0.08,0.00,0.04,0.00,0.02,0.00,0.07,0.00,0.03,0.00,0.03,0.00,0.02,0.00,0.01,0.00,0.01,0.00,0.00,0.00,0.00,0.00,0.00,118.80,119.66,119.96,0.00,0.00,0.32,2.09%,0.00,0.09%,0.64%,0.03%,1.49%,0.02%,0.75%,0.02%,0.96%,0.02%,0.30%,0.01%,0.28%,0.01%,0.21%,0.01%,0.07%,0.01%,0.05%,0.01%,0.05%,0.01%,0.05%,0.01%,0.03%,0.00,0.00,0.00,0.00,0.00,0.00,0.00,0.00,0.00,0.00,0.00,0.00,0.00,0.00,0.00,0.00,0.00,0.00,0.00,0.00,0.00,0.00,0.00,0.00,236.88,238.32,238.88,0.00,0.00,0.00,2.04%,0.00,0.09%,0.60%,0.03%,1.46%,0.02%,0.74%,0.02%,0.94%,0.02%,0.27%,0.01%,0.27%,0.01%,0.20%,0.01%,0.06%,0.01%,0.05%,0.01%,0.04%,0.01%,0.04%,0.01%,0.03%,0.00,0.00,0.00,0.00,0.00,0.00,0.00,0.00,0.00,0.00,0.00,0.00,0.00,0.00,0.00,0.00,0.00,0.00,0.00,0.00,0.00,0.00,0.00,0.00,120,0.650,84,96,59.93,59.98,60.04
28-Jul-2018 04:00:00,10.000,Y,117.92,119.60,119.98,0.93,1.01,1.07,2.00%,0.12,0.13%,0.56%,0.05%,1.44%,0.03%,0.73%,0.03%,0.92%,0.02%,0.26%,0.02%,0.27%,0.01%,0.19%,0.01%,0.05%,0.01%,0.05%,0.01%,0.03%,0.01%,0.04%,0.01%,0.03%,0.01,0.08,0.00,0.04,0.00,0.02,0.00,0.07,0.00,0.03,0.00,0.03,0.00,0.02,0.00,0.01,0.00,0.01,0.00,0.00,0.00,0.00,0.00,0.00,118.68,119.56,119.98,0.00,0.00,0.33,2.08%,0.00,0.13%,0.63%,0.05%,1.48%,0.03%,0.74%,0.03%,0.96%,0.02%,0.29%,0.02%,0.28%,0.02%,0.21%,0.01%,0.08%,0.01%,0.04%,0.01%,0.05%,0.01%,0.04%,0.01%,0.03%,0.00,0.00,0.00,0.00,0.00,0.00,0.00,0.00,0.00,0.00,0.00,0.00,0.00,0.00,0.00,0.00,0.00,0.00,0.00,0.00,0.00,0.00,0.00,0.00,236.66,238.34,239.12,0.00,0.00,0.00,2.03%,0.00,0.13%,0.60%,0.05%,1.46%,0.03%,0.73%,0.03%,0.94%,0.02%,0.27%,0.02%,0.27%,0.01%,0.20%,0.01%,0.06%,0.01%,0.04%,0.01%,0.04%,0.01%,0.03%,0.01%,0.03%,0.00,0.00,0.00,0.00,0.00,0.00,0.00,0.00,0.00,0.00,0.00,0.00,0.00,0.00,0.00,0.00,0.00,0.00,0.00,0.00,0.00,0.00,0.00,0.00,120,0.651,84,96,59.94,60.00,60.06
28-Jul-2018 04:10:00,10.000,Y,118.60,119.48,119.86,0.94,1.01,1.07,1.97%,0.12,0.10%,0.56%,0.04%,1.44%,0.03%,0.71%,0.02%,0.88%,0.02%,0.25%,0.01%,0.26%,0.01%,0.19%,0.01%,0.05%,0.01%,0.04%,0.01%,0.03%,0.01%,0.03%,0.01%,0.03%,0.01,0.08,0.00,0.04,0.00,0.02,0.00,0.07,0.00,0.03,0.00,0.03,0.00,0.02,0.00,0.01,0.00,0.01,0.00,0.00,0.00,0.00,0.00,0.00,118.60,119.42,119.88,0.00,0.00,0.32,2.01%,0.00,0.10%,0.62%,0.04%,1.46%,0.03%,0.71%,0.02%,0.90%,0.02%,0.27%,0.01%,0.28%,0.01%,0.20%,0.01%,0.06%,0.01%,0.03%,0.01%,0.05%,0.01%,0.03%,0.01%,0.01%,0.00,0.00,0.00,0.00,0.00,0.00,0.00,0.00,0.00,0.00,0.00,0.00,0.00,0.00,0.00,0.00,0.00,0.00,0.00,0.00,0.00,0.00,0.00,0.00,236.80,238.10,238.94,0.00,0.00,0.00,1.98%,0.00,0.10%,0.59%,0.04%,1.45%,0.03%,0.71%,0.02%,0.89%,0.02%,0.26%,0.01%,0.27%,0.01%,0.20%,0.01%,0.05%,0.01%,0.03%,0.01%,0.04%,0.01%,0.03%,0.01%,0.02%,0.00,0.00,0.00,0.00,0.00,0.00,0.00,0.00,0.00,0.00,0.00,0.00,0.00,0.00,0.00,0.00,0.00,0.00,0.00,0.00,0.00,0.00,0.00,0.00,120,0.651,84,96,59.93,59.98,60.05
28-Jul-2018 04:20:00,10.000,Y,118.44,119.42,119.84,0.94,1.01,1.09,1.95%,0.12,0.14%,0.58%,0.05%,1.41%,0.04%,0.70%,0.03%,0.88%,0.03%,0.24%,0.02%,0.26%,0.01%,0.19%,0.01%,0.05%,0.01%,0.05%,0.01%,0.03%,0.01%,0.03%,0.01%,0.04%,0.01,0.08,0.00,0.04,0.00,0.02,0.00,0.07,0.00,0.03,0.00,0.03,0.00,0.02,0.00,0.01,0.00,0.01,0.00,0.00,0.00,0.00,0.00,0.00,118.40,119.26,119.74,0.00,0.00,0.32,1.99%,0.00,0.14%,0.63%,0.05%,1.42%,0.04%,0.71%,0.03%,0.90%,0.02%,0.24%,0.02%,0.28%,0.02%,0.18%,0.01%,0.06%,0.01%,0.03%,0.01%,0.03%,0.01%,0.04%,0.01%,0.02%,0.00,0.00,0.00,0.00,0.00,0.00,0.00,0.00,0.00,0.00,0.00,0.00,0.00,0.00,0.00,0.00,0.00,0.00,0.00,0.00,0.00,0.00,0.00,0.00,236.64,237.86,238.56,0.00,0.00,0.00,1.97%,0.00,0.14%,0.61%,0.05%,1.42%,0.04%,0.70%,0.03%,0.89%,0.02%,0.24%,0.02%,0.27%,0.02%,0.19%,0.01%,0.05%,0.01%,0.04%,0.01%,0.03%,0.01%,0.03%,0.01%,0.03%,0.00,0.00,0.00,0.00,0.00,0.00,0.00,0.00,0.00,0.00,0.00,0.00,0.00,0.00,0.00,0.00,0.00,0.00,0.00,0.00,0.00,0.00,0.00,0.00,120,0.654,84,84,59.96,60.01,60.06
28-Jul-2018 04:30:00,10.000,Y,118.56,119.38,119.72,0.93,1.02,1.08,1.94%,0.12,0.11%,0.57%,0.04%,1.41%,0.03%,0.69%,0.03%,0.87%,0.02%,0.24%,0.01%,0.26%,0.01%,0.20%,0.01%,0.05%,0.01%,0.05%,0.01%,0.03%,0.01%,0.03%,0.01%,0.04%,0.01,0.08,0.00,0.04,0.00,0.02,0.00,0.07,0.00,0.03,0.00,0.03,0.00,0.02,0.00,0.01,0.00,0.01,0.00,0.00,0.00,0.00,0.00,0.00,118.58,119.46,119.76,0.00,0.00,0.32,1.99%,0.00,0.11%,0.64%,0.04%,1.42%,0.03%,0.69%,0.03%,0.90%,0.02%,0.26%,0.01%,0.29%,0.01%,0.20%,0.01%,0.06%,0.01%,0.03%,0.01%,0.03%,0.01%,0.04%,0.01%,0.03%,0.00,0.00,0.00,0.00,0.00,0.00,0.00,0.00,0.00,0.00,0.00,0.00,0.00,0.00,0.00,0.00,0.00,0.00,0.00,0.00,0.00,0.00,0.00,0.00,236.90,238.04,238.48,0.00,0.00,0.00,1.96%,0.00,0.11%,0.61%,0.04%,1.42%,0.03%,0.69%,0.03%,0.88%,0.02%,0.25%,0.01%,0.27%,0.01%,0.20%,0.01%,0.05%,0.01%,0.04%,0.01%,0.03%,0.01%,0.03%,0.01%,0.03%,0.00,0.00,0.00,0.00,0.00,0.00,0.00,0.00,0.00,0.00,0.00,0.00,0.00,0.00,0.00,0.00,0.00,0.00,0.00,0.00,0.00,0.00,0.00,0.00,120,0.655,84,84,59.95,59.99,60.04
28-Jul-2018 04:40:00,10.000,Y,118.26,119.26,119.60,0.93,1.01,1.07,1.92%,0.12,0.12%,0.59%,0.05%,1.38%,0.03%,0.71%,0.03%,0.87%,0.02%,0.23%,0.02%,0.26%,0.01%,0.19%,0.01%,0.05%,0.01%,0.05%,0.01%,0.03%,0.01%,0.03%,0.01%,0.03%,0.01,0.08,0.00,0.04,0.00,0.02,0.00,0.07,0.00,0.03,0.00,0.03,0.00,0.02,0.00,0.01,0.00,0.00,0.00,0.00,0.00,0.00,0.00,0.00,118.34,119.42,119.78,0.00,0.00,0.32,1.96%,0.00,0.12%,0.66%,0.05%,1.39%,0.03%,0.69%,0.03%,0.88%,0.02%,0.26%,0.02%,0.27%,0.01%,0.21%,0.01%,0.06%,0.01%,0.03%,0.01%,0.04%,0.01%,0.04%,0.01%,0.02%,0.00,0.00,0.00,0.00,0.00,0.00,0.00,0.00,0.00,0.00,0.00,0.00,0.00,0.00,0.00,0.00,0.00,0.00,0.00,0.00,0.00,0.00,0.00,0.00,236.24,237.88,238.38,0.00,0.00,0.00,1.94%,0.00,0.12%,0.63%,0.05%,1.38%,0.03%,0.70%,0.03%,0.87%,0.02%,0.24%,0.02%,0.26%,0.01%,0.20%,0.01%,0.05%,0.01%,0.04%,0.01%,0.04%,0.01%,0.03%,0.01%,0.03%,0.00,0.00,0.00,0.00,0.00,0.00,0.00,0.00,0.00,0.00,0.00,0.00,0.00,0.00,0.00,0.00,0.00,0.00,0.00,0.00,0.00,0.00,0.00,0.00,120,0.651,84,84,59.96,60.00,60.04
28-Jul-2018 04:50:00,10.000,Y,117.16,118.36,118.98,0.93,1.00,1.07,1.89%,0.12,0.11%,0.62%,0.04%,1.35%,0.03%,0.69%,0.03%,0.84%,0.02%,0.24%,0.01%,0.25%,0.01%,0.17%,0.01%,0.04%,0.01%,0.04%,0.01%,0.02%,0.01%,0.02%,0.01%,0.03%,0.01,0.08,0.00,0.04,0.00,0.02,0.00,0.06,0.00,0.03,0.00,0.03,0.00,0.02,0.00,0.01,0.00,0.01,0.00,0.00,0.00,0.00,0.00,0.00,118.18,119.08,119.50,0.00,0.00,0.32,1.93%,0.00,0.11%,0.67%,0.04%,1.37%,0.03%,0.68%,0.03%,0.86%,0.02%,0.25%,0.01%,0.27%,0.01%,0.19%,0.01%,0.05%,0.01%,0.03%,0.01%,0.03%,0.01%,0.03%,0.01%,0.02%,0.00,0.00,0.00,0.00,0.00,0.00,0.00,0.00,0.00,0.00,0.00,0.00,0.00,0.00,0.00,0.00,0.00,0.00,0.00,0.00,0.00,0.00,0.00,0.00,235.24,236.62,237.54,0.00,0.00,0.00,1.90%,0.00,0.11%,0.64%,0.04%,1.36%,0.03%,0.68%,0.03%,0.85%,0.02%,0.24%,0.01%,0.26%,0.01%,0.18%,0.01%,0.04%,0.01%,0.03%,0.01%,0.03%,0.01%,0.02%,0.01%,0.02%,0.00,0.00,0.00,0.00,0.00,0.00,0.00,0.00,0.00,0.00,0.00,0.00,0.00,0.00,0.00,0.00,0.00,0.00,0.00,0.00,0.00,0.00,0.00,0.00,120,0.654,72,84,59.95,59.99,60.05
28-Jul-2018 05:00:00,10.000,Y,117.96,118.96,119.30,0.93,1.01,1.07,1.92%,0.12,0.14%,0.66%,0.05%,1.35%,0.04%,0.69%,0.03%,0.86%,0.02%,0.24%,0.02%,0.26%,0.01%,0.18%,0.01%,0.05%,0.01%,0.03%,0.01%,0.04%,0.01%,0.02%,0.01%,0.03%,0.01,0.08,0.00,0.04,0.00,0.02,0.00,0.06,0.00,0.03,0.00,0.03,0.00,0.02,0.00,0.01,0.00,0.00,0.00,0.00,0.00,0.00,0.00,0.00,118.22,119.18,119.44,0.00,0.00,0.32,1.97%,0.00,0.14%,0.70%,0.05%,1.38%,0.04%,0.69%,0.03%,0.89%,0.02%,0.25%,0.02%,0.27%,0.02%,0.20%,0.01%,0.05%,0.01%,0.02%,0.01%,0.04%,0.01%,0.03%,0.01%,0.01%,0.00,0.00,0.00,0.00,0.00,0.00,0.00,0.00,0.00,0.00,0.00,0.00,0.00,0.00,0.00,0.00,0.00,0.00,0.00,0.00,0.00,0.00,0.00,0.00,235.98,237.34,237.90,0.00,0.00,0.00,1.94%,0.00,0.14%,0.68%,0.05%,1.37%,0.04%,0.69%,0.03%,0.87%,0.02%,0.24%,0.02%,0.26%,0.01%,0.18%,0.01%,0.05%,0.01%,0.03%,0.01%,0.04%,0.01%,0.03%,0.01%,0.02%,0.00,0.00,0.00,0.00,0.00,0.00,0.00,0.00,0.00,0.00,0.00,0.00,0.00,0.00,0.00,0.00,0.00,0.00,0.00,0.00,0.00,0.00,0.00,0.00,120,0.654,84,84,59.96,60.01,60.06
28-Jul-2018 05:10:00,10.000,Y,116.96,118.28,119.06,0.93,1.00,1.07,1.86%,0.12,0.10%,0.64%,0.04%,1.27%,0.03%,0.71%,0.02%,0.87%,0.02%,0.23%,0.01%,0.25%,0.01%,0.18%,0.01%,0.05%,0.01%,0.04%,0.01%,0.04%,0.01%,0.02%,0.01%,0.03%,0.01,0.08,0.00,0.04,0.00,0.02,0.00,0.06,0.00,0.03,0.00,0.03,0.00,0.02,0.00,0.01,0.00,0.01,0.00,0.00,0.00,0.00,0.00,0.00,118.32,119.16,119.56,0.00,0.00,0.32,1.93%,0.00,0.10%,0.69%,0.04%,1.31%,0.03%,0.72%,0.02%,0.89%,0.02%,0.25%,0.01%,0.27%,0.01%,0.20%,0.01%,0.06%,0.01%,0.02%,0.01%,0.04%,0.01%,0.03%,0.01%,0.01%,0.00,0.00,0.00,0.00,0.00,0.00,0.00,0.00,0.00,0.00,0.00,0.00,0.00,0.00,0.00,0.00,0.00,0.00,0.00,0.00,0.00,0.00,0.00,0.00,235.14,236.62,237.38,0.00,0.00,0.00,1.89%,0.00,0.10%,0.67%,0.04%,1.29%,0.03%,0.71%,0.02%,0.88%,0.02%,0.24%,0.01%,0.26%,0.01%,0.19%,0.01%,0.05%,0.01%,0.03%,0.01%,0.04%,0.01%,0.02%,0.01%,0.02%,0.00,0.00,0.00,0.00,0.00,0.00,0.00,0.00,0.00,0.00,0.00,0.00,0.00,0.00,0.00,0.00,0.00,0.00,0.00,0.00,0.00,0.00,0.00,0.00,120,0.656,72,84,59.94,59.99,60.04
28-Jul-2018 05:20:00,10.000,Y,117.50,118.36,118.78,0.92,1.00,1.06,1.89%,0.12,0.11%,0.63%,0.04%,1.32%,0.03%,0.72%,0.03%,0.82%,0.02%,0.29%,0.01%,0.24%,0.01%,0.21%,0.01%,0.05%,0.01%,0.05%,0.01%,0.05%,0.01%,0.02%,0.01%,0.04%,0.01,0.08,0.00,0.03,0.00,0.02,0.00,0.06,0.00,0.03,0.00,0.03,0.00,0.02,0.00,0.01,0.00,0.00,0.00,0.00,0.00,0.00,0.00,0.00,118.10,118.96,119.40,0.00,0.00,0.32,1.94%,0.00,0.11%,0.67%,0.04%,1.36%,0.03%,0.71%,0.02%,0.83%,0.02%,0.31%,0.01%,0.26%,0.01%,0.22%,0.01%,0.06%,0.01%,0.04%,0.01%,0.06%,0.01%,0.03%,0.01%,0.03%,0.00,0.00,0.00,0.00,0.00,0.00,0.00,0.00,0.00,0.00,0.00,0.00,0.00,0.00,0.00,0.00,0.00,0.00,0.00,0.00,0.00,0.00,0.00,0.00,235.34,236.52,237.32,0.00,0.00,0.00,1.91%,0.00,0.11%,0.65%,0.04%,1.34%,0.03%,0.72%,0.02%,0.82%,0.02%,0.30%,0.01%,0.25%,0.01%,0.21%,0.01%,0.05%,0.01%,0.05%,0.01%,0.05%,0.01%,0.02%,0.01%,0.03%,0.00,0.00,0.00,0.00,0.00,0.00,0.00,0.00,0.00,0.00,0.00,0.00,0.00,0.00,0.00,0.00,0.00,0.00,0.00,0.00,0.00,0.00,0.00,0.00,120,0.655,72,84,59.94,59.99,60.07
28-Jul-2018 05:30:00,10.000,Y,117.18,118.34,118.92,0.93,1.00,1.06,1.82%,0.11,0.09%,0.62%,0.03%,1.29%,0.02%,0.67%,0.02%,0.62%,0.02%,0.41%,0.01%,0.29%,0.01%,0.32%,0.01%,0.09%,0.01%,0.09%,0.01%,0.12%,0.01%,0.05%,0.01%,0.06%,0.01,0.08,0.00,0.04,0.00,0.02,0.00,0.05,0.00,0.03,0.00,0.02,0.00,0.02,0.00,0.00,0.00,0.00,0.00,0.01,0.00,0.00,0.00,0.00,118.10,118.92,119.18,0.00,0.00,0.32,1.89%,0.00,0.08%,0.67%,0.03%,1.34%,0.02%,0.69%,0.02%,0.62%,0.01%,0.43%,0.01%,0.32%,0.01%,0.35%,0.01%,0.10%,0.01%,0.09%,0.01%,0.12%,0.01%,0.06%,0.01%,0.06%,0.00,0.00,0.00,0.00,0.00,0.00,0.00,0.00,0.00,0.00,0.00,0.00,0.00,0.00,0.00,0.00,0.00,0.00,0.00,0.00,0.00,0.00,0.00,0.00,235.12,236.44,237.18,0.00,0.00,0.00,1.85%,0.00,0.08%,0.65%,0.03%,1.31%,0.02%,0.68%,0.02%,0.62%,0.01%,0.42%,0.01%,0.30%,0.01%,0.33%,0.01%,0.10%,0.01%,0.09%,0.01%,0.12%,0.01%,0.05%,0.01%,0.06%,0.00,0.00,0.00,0.00,0.00,0.00,0.00,0.00,0.00,0.00,0.00,0.00,0.00,0.00,0.00,0.00,0.00,0.00,0.00,0.00,0.00,0.00,0.00,0.00,120,0.655,72,84,59.94,59.98,60.01
28-Jul-2018 05:40:00,10.000,Y,117.66,118.70,119.14,0.93,1.01,1.08,1.79%,0.11,0.11%,0.68%,0.04%,1.28%,0.03%,0.65%,0.02%,0.56%,0.02%,0.40%,0.02%,0.26%,0.01%,0.28%,0.01%,0.09%,0.01%,0.08%,0.01%,0.11%,0.01%,0.04%,0.01%,0.05%,0.01,0.08,0.00,0.04,0.00,0.02,0.00,0.05,0.00,0.03,0.00,0.02,0.00,0.02,0.00,0.00,0.00,0.00,0.00,0.01,0.00,0.00,0.00,0.00,117.12,118.18,119.14,0.00,0.00,0.34,1.82%,0.00,0.11%,0.69%,0.04%,1.31%,0.03%,0.66%,0.02%,0.55%,0.02%,0.39%,0.01%,0.28%,0.01%,0.30%,0.01%,0.09%,0.01%,0.08%,0.01%,0.10%,0.01%,0.05%,0.01%,0.05%,0.00,0.00,0.00,0.00,0.00,0.00,0.00,0.00,0.00,0.00,0.00,0.00,0.00,0.00,0.00,0.00,0.00,0.00,0.00,0.00,0.00,0.00,0.00,0.00,234.44,236.08,237.12,0.00,0.00,0.00,1.80%,0.00,0.11%,0.68%,0.04%,1.29%,0.03%,0.65%,0.02%,0.56%,0.02%,0.39%,0.01%,0.27%,0.01%,0.29%,0.01%,0.09%,0.01%,0.08%,0.01%,0.11%,0.01%,0.05%,0.01%,0.04%,0.00,0.00,0.00,0.00,0.00,0.00,0.00,0.00,0.00,0.00,0.00,0.00,0.00,0.00,0.00,0.00,0.00,0.00,0.00,0.00,0.00,0.00,0.00,0.00,120,0.658,72,84,59.93,59.99,60.04
28-Jul-2018 05:50:00,10.000,Y,117.04,118.26,118.90,0.93,1.00,1.07,1.76%,0.11,0.12%,0.66%,0.04%,1.24%,0.03%,0.66%,0.02%,0.57%,0.02%,0.39%,0.01%,0.27%,0.01%,0.27%,0.01%,0.10%,0.01%,0.08%,0.01%,0.10%,0.01%,0.04%,0.01%,0.04%,0.01,0.08,0.00,0.04,0.00,0.02,0.00,0.05,0.00,0.03,0.00,0.02,0.00,0.02,0.00,0.00,0.00,0.00,0.00,0.01,0.00,0.00,0.00,0.00,117.92,118.94,119.44,0.00,0.00,0.33,1.82%,0.00,0.11%,0.68%,0.04%,1.30%,0.03%,0.66%,0.02%,0.56%,0.02%,0.41%,0.02%,0.28%,0.01%,0.31%,0.01%,0.10%,0.01%,0.08%,0.01%,0.10%,0.01%,0.06%,0.01%,0.05%,0.00,0.00,0.00,0.00,0.00,0.00,0.00,0.00,0.00,0.00,0.00,0.00,0.00,0.00,0.00,0.00,0.00,0.00,0.00,0.00,0.00,0.00,0.00,0.00,235.08,236.40,237.06,0.00,0.00,0.00,1.78%,0.00,0.12%,0.67%,0.04%,1.27%,0.03%,0.66%,0.02%,0.56%,0.02%,0.40%,0.01%,0.27%,0.01%,0.29%,0.01%,0.10%,0.01%,0.08%,0.01%,0.10%,0.01%,0.05%,0.01%,0.04%,0.00,0.00,0.00,0.00,0.00,0.00,0.00,0.00,0.00,0.00,0.00,0.00,0.00,0.00,0.00,0.00,0.00,0.00,0.00,0.00,0.00,0.00,0.00,0.00,120,0.658,72,84,59.94,60.00,60.06
28-Jul-2018 06:00:00,10.000,Y,117.18,118.46,118.94,0.92,1.00,1.07,1.75%,0.11,0.14%,0.69%,0.05%,1.24%,0.03%,0.63%,0.03%,0.56%,0.02%,0.38%,0.02%,0.27%,0.02%,0.26%,0.01%,0.10%,0.01%,0.08%,0.01%,0.10%,0.01%,0.04%,0.01%,0.04%,0.01,0.08,0.00,0.04,0.00,0.02,0.00,0.05,0.00,0.03,0.00,0.02,0.00,0.02,0.00,0.00,0.00,0.00,0.00,0.01,0.00,0.00,0.00,0.00,117.94,118.92,119.28,0.00,0.00,0.32,1.83%,0.00,0.14%,0.74%,0.05%,1.30%,0.03%,0.64%,0.03%,0.56%,0.02%,0.42%,0.02%,0.29%,0.02%,0.30%,0.01%,0.12%,0.01%,0.08%,0.01%,0.11%,0.01%,0.06%,0.01%,0.05%,0.00,0.00,0.00,0.00,0.00,0.00,0.00,0.00,0.00,0.00,0.00,0.00,0.00,0.00,0.00,0.00,0.00,0.00,0.00,0.00,0.00,0.00,0.00,0.00,235.16,236.58,237.38,0.00,0.00,0.00,1.79%,0.00,0.14%,0.71%,0.05%,1.27%,0.03%,0.63%,0.03%,0.55%,0.02%,0.40%,0.02%,0.28%,0.01%,0.28%,0.01%,0.11%,0.01%,0.07%,0.01%,0.10%,0.01%,0.05%,0.01%,0.04%,0.00,0.00,0.00,0.00,0.00,0.00,0.00,0.00,0.00,0.00,0.00,0.00,0.00,0.00,0.00,0.00,0.00,0.00,0.00,0.00,0.00,0.00,0.00,0.00,120,0.655,72,84,59.97,60.01,60.05
28-Jul-2018 06:10:00,10.000,Y,117.14,118.22,118.70,0.92,1.00,1.06,1.75%,0.11,0.14%,0.70%,0.05%,1.23%,0.03%,0.64%,0.03%,0.55%,0.02%,0.38%,0.02%,0.27%,0.02%,0.25%,0.01%,0.11%,0.01%,0.07%,0.01%,0.10%,0.01%,0.03%,0.01%,0.03%,0.01,0.08,0.00,0.04,0.00,0.02,0.00,0.05,0.00,0.03,0.00,0.02,0.00,0.02,0.00,0.00,0.00,0.00,0.00,0.01,0.00,0.00,0.00,0.00,117.36,118.36,118.86,0.00,0.00,0.32,1.81%,0.00,0.15%,0.75%,0.05%,1.27%,0.03%,0.63%,0.03%,0.55%,0.02%,0.41%,0.02%,0.29%,0.02%,0.28%,0.01%,0.13%,0.01%,0.08%,0.01%,0.10%,0.01%,0.05%,0.01%,0.04%,0.00,0.00,0.00,0.00,0.00,0.00,0.00,0.00,0.00,0.00,0.00,0.00,0.00,0.00,0.00,0.00,0.00,0.00,0.00,0.00,0.00,0.00,0.00,0.00,234.16,235.78,236.70,0.00,0.00,0.00,1.77%,0.00,0.14%,0.72%,0.05%,1.25%,0.03%,0.63%,0.03%,0.55%,0.02%,0.39%,0.02%,0.27%,0.02%,0.27%,0.01%,0.12%,0.01%,0.07%,0.01%,0.10%,0.01%,0.04%,0.01%,0.03%,0.00,0.00,0.00,0.00,0.00,0.00,0.00,0.00,0.00,0.00,0.00,0.00,0.00,0.00,0.00,0.00,0.00,0.00,0.00,0.00,0.00,0.00,0.00,0.00,120,0.657,72,84,59.95,60.01,60.06
28-Jul-2018 06:20:00,10.000,Y,116.98,117.84,118.22,0.92,1.00,1.06,1.75%,0.11,0.15%,0.72%,0.05%,1.23%,0.04%,0.64%,0.03%,0.52%,0.02%,0.38%,0.02%,0.25%,0.02%,0.25%,0.01%,0.11%,0.01%,0.07%,0.01%,0.10%,0.01%,0.04%,0.01%,0.03%,0.01,0.08,0.00,0.04,0.00,0.02,0.00,0.05,0.00,0.03,0.00,0.02,0.00,0.02,0.00,0.00,0.00,0.00,0.00,0.01,0.00,0.00,0.00,0.00,117.30,118.20,118.82,0.00,0.00,0.33,1.83%,0.00,0.15%,0.80%,0.05%,1.26%,0.04%,0.66%,0.03%,0.54%,0.02%,0.41%,0.02%,0.27%,0.02%,0.28%,0.01%,0.13%,0.01%,0.08%,0.01%,0.10%,0.01%,0.05%,0.01%,0.05%,0.00,0.00,0.00,0.00,0.00,0.00,0.00,0.00,0.00,0.00,0.00,0.00,0.00,0.00,0.00,0.00,0.00,0.00,0.00,0.00,0.00,0.00,0.00,0.00,233.94,235.24,236.08,0.00,0.00,0.00,1.78%,0.00,0.15%,0.76%,0.05%,1.24%,0.04%,0.65%,0.03%,0.53%,0.02%,0.39%,0.02%,0.26%,0.02%,0.26%,0.01%,0.12%,0.01%,0.07%,0.01%,0.09%,0.01%,0.04%,0.01%,0.04%,0.00,0.00,0.00,0.00,0.00,0.00,0.00,0.00,0.00,0.00,0.00,0.00,0.00,0.00,0.00,0.00,0.00,0.00,0.00,0.00,0.00,0.00,0.00,0.00,120,0.659,72,84,59.97,60.01,60.07
28-Jul-2018 06:30:00,10.000,Y,117.04,118.02,118.40,0.93,1.00,1.06,1.76%,0.11,0.19%,0.73%,0.07%,1.23%,0.05%,0.62%,0.04%,0.54%,0.03%,0.40%,0.02%,0.25%,0.02%,0.26%,0.02%,0.12%,0.02%,0.07%,0.01%,0.10%,0.01%,0.04%,0.01%,0.04%,0.01,0.08,0.00,0.04,0.00,0.02,0.00,0.05,0.00,0.03,0.00,0.02,0.00,0.02,0.00,0.00,0.00,0.00,0.00,0.00,0.00,0.00,0.00,0.00,117.28,118.20,118.56,0.00,0.00,0.33,1.83%,0.00,0.19%,0.79%,0.07%,1.26%,0.05%,0.64%,0.04%,0.55%,0.03%,0.41%,0.02%,0.27%,0.02%,0.29%,0.02%,0.14%,0.02%,0.07%,0.02%,0.10%,0.02%,0.05%,0.01%,0.05%,0.00,0.00,0.00,0.00,0.00,0.00,0.00,0.00,0.00,0.00,0.00,0.00,0.00,0.00,0.00,0.00,0.00,0.00,0.00,0.00,0.00,0.00,0.00,0.00,234.10,235.42,236.02,0.00,0.00,0.00,1.79%,0.00,0.19%,0.76%,0.07%,1.24%,0.05%,0.63%,0.04%,0.54%,0.03%,0.40%,0.02%,0.26%,0.02%,0.27%,0.02%,0.12%,0.02%,0.07%,0.01%,0.10%,0.01%,0.05%,0.01%,0.04%,0.00,0.00,0.00,0.00,0.00,0.00,0.00,0.00,0.00,0.00,0.00,0.00,0.00,0.00,0.00,0.00,0.00,0.00,0.00,0.00,0.00,0.00,0.00,0.00,120,0.657,72,84,59.97,60.03,60.09
28-Jul-2018 06:40:00,10.000,Y,116.52,117.70,118.20,0.92,1.00,1.06,1.77%,0.12,0.09%,0.77%,0.03%,1.24%,0.02%,0.61%,0.02%,0.54%,0.01%,0.39%,0.01%,0.25%,0.01%,0.25%,0.01%,0.11%,0.01%,0.07%,0.01%,0.10%,0.01%,0.04%,0.01%,0.04%,0.01,0.08,0.00,0.04,0.00,0.02,0.00,0.05,0.00,0.03,0.00,0.02,0.00,0.02,0.00,0.00,0.00,0.00,0.00,0.00,0.00,0.00,0.00,0.00,116.42,117.74,118.46,0.00,0.00,0.32,1.83%,0.00,0.08%,0.83%,0.03%,1.27%,0.02%,0.62%,0.02%,0.54%,0.01%,0.40%,0.01%,0.28%,0.01%,0.27%,0.01%,0.14%,0.01%,0.07%,0.01%,0.10%,0.01%,0.05%,0.01%,0.05%,0.00,0.00,0.00,0.00,0.00,0.00,0.00,0.00,0.00,0.00,0.00,0.00,0.00,0.00,0.00,0.00,0.00,0.00,0.00,0.00,0.00,0.00,0.00,0.00,232.66,234.64,235.82,0.00,0.00,0.00,1.80%,0.00,0.08%,0.80%,0.03%,1.26%,0.02%,0.61%,0.02%,0.54%,0.01%,0.39%,0.01%,0.26%,0.01%,0.26%,0.01%,0.12%,0.01%,0.07%,0.01%,0.10%,0.01%,0.05%,0.01%,0.04%,0.00,0.00,0.00,0.00,0.00,0.00,0.00,0.00,0.00,0.00,0.00,0.00,0.00,0.00,0.00,0.00,0.00,0.00,0.00,0.00,0.00,0.00,0.00,0.00,120,0.658,72,84,59.93,59.98,60.04
28-Jul-2018 06:50:00,10.000,Y,116.46,117.50,117.88,0.92,1.00,1.07,1.73%,0.12,0.13%,0.78%,0.05%,1.19%,0.03%,0.60%,0.03%,0.54%,0.02%,0.38%,0.02%,0.24%,0.01%,0.23%,0.01%,0.11%,0.01%,0.07%,0.01%,0.09%,0.01%,0.05%,0.01%,0.03%,0.01,0.08,0.00,0.04,0.00,0.03,0.00,0.05,0.00,0.03,0.00,0.02,0.00,0.02,0.00,0.00,0.00,0.00,0.00,0.01,0.00,0.00,0.00,0.00,115.94,116.88,117.30,0.00,0.00,0.33,1.78%,0.00,0.13%,0.84%,0.05%,1.22%,0.03%,0.61%,0.03%,0.54%,0.02%,0.37%,0.02%,0.26%,0.02%,0.25%,0.01%,0.12%,0.01%,0.07%,0.01%,0.09%,0.01%,0.05%,0.01%,0.04%,0.00,0.00,0.00,0.00,0.00,0.00,0.00,0.00,0.00,0.00,0.00,0.00,0.00,0.00,0.00,0.00,0.00,0.00,0.00,0.00,0.00,0.00,0.00,0.00,231.62,233.60,234.22,0.00,0.00,0.00,1.75%,0.00,0.13%,0.81%,0.05%,1.20%,0.03%,0.60%,0.03%,0.54%,0.02%,0.37%,0.02%,0.25%,0.01%,0.24%,0.01%,0.11%,0.01%,0.07%,0.01%,0.09%,0.01%,0.05%,0.01%,0.04%,0.00,0.00,0.00,0.00,0.00,0.00,0.00,0.00,0.00,0.00,0.00,0.00,0.00,0.00,0.00,0.00,0.00,0.00,0.00,0.00,0.00,0.00,0.00,0.00,120,0.660,72,84,59.94,60.00,60.06
28-Jul-2018 07:00:00,10.000,Y,116.06,117.66,118.04,0.93,1.01,1.08,1.75%,0.12,0.13%,0.82%,0.05%,1.15%,0.03%,0.65%,0.03%,0.54%,0.02%,0.39%,0.02%,0.24%,0.01%,0.25%,0.01%,0.10%,0.01%,0.07%,0.01%,0.09%,0.01%,0.04%,0.01%,0.03%,0.01,0.08,0.00,0.04,0.00,0.02,0.00,0.05,0.00,0.03,0.00,0.02,0.00,0.02,0.00,0.00,0.00,0.00,0.00,0.00,0.00,0.00,0.00,0.00,115.28,116.76,117.34,0.00,0.00,0.33,1.82%,0.00,0.13%,0.92%,0.05%,1.17%,0.03%,0.65%,0.03%,0.55%,0.02%,0.39%,0.02%,0.27%,0.02%,0.26%,0.01%,0.12%,0.01%,0.08%,0.01%,0.09%,0.01%,0.05%,0.01%,0.04%,0.00,0.00,0.00,0.00,0.00,0.00,0.00,0.00,0.00,0.00,0.00,0.00,0.00,0.00,0.00,0.00,0.00,0.00,0.00,0.00,0.00,0.00,0.00,0.00,230.62,233.66,234.38,0.00,0.00,0.00,1.78%,0.00,0.13%,0.87%,0.05%,1.16%,0.03%,0.65%,0.03%,0.54%,0.02%,0.39%,0.02%,0.26%,0.02%,0.25%,0.01%,0.11%,0.01%,0.07%,0.01%,0.09%,0.01%,0.04%,0.01%,0.04%,0.00,0.00,0.00,0.00,0.00,0.00,0.00,0.00,0.00,0.00,0.00,0.00,0.00,0.00,0.00,0.00,0.00,0.00,0.00,0.00,0.00,0.00,0.00,0.00,120,0.664,72,84,59.95,60.00,60.05
28-Jul-2018 07:10:00,10.000,Y,116.02,117.32,117.90,0.92,1.00,1.07,1.73%,0.12,0.07%,0.82%,0.02%,1.16%,0.02%,0.62%,0.02%,0.52%,0.01%,0.39%,0.01%,0.24%,0.01%,0.23%,0.01%,0.11%,0.01%,0.06%,0.01%,0.09%,0.01%,0.05%,0.01%,0.03%,0.01,0.08,0.00,0.04,0.00,0.02,0.00,0.05,0.00,0.03,0.00,0.02,0.00,0.02,0.00,0.00,0.00,0.00,0.00,0.00,0.00,0.00,0.00,0.00,115.20,116.44,117.10,0.00,0.00,0.33,1.83%,0.00,0.07%,0.96%,0.02%,1.18%,0.02%,0.64%,0.02%,0.54%,0.01%,0.40%,0.01%,0.28%,0.01%,0.26%,0.01%,0.13%,0.01%,0.08%,0.01%,0.09%,0.01%,0.05%,0.01%,0.05%,0.00,0.00,0.00,0.00,0.00,0.00,0.00,0.00,0.00,0.00,0.00,0.00,0.00,0.00,0.00,0.00,0.00,0.00,0.00,0.00,0.00,0.00,0.00,0.00,230.48,232.98,234.06,0.00,0.00,0.00,1.78%,0.00,0.07%,0.89%,0.02%,1.17%,0.02%,0.63%,0.01%,0.53%,0.01%,0.40%,0.01%,0.26%,0.01%,0.25%,0.01%,0.12%,0.01%,0.07%,0.01%,0.09%,0.01%,0.05%,0.01%,0.04%,0.00,0.00,0.00,0.00,0.00,0.00,0.00,0.00,0.00,0.00,0.00,0.00,0.00,0.00,0.00,0.00,0.00,0.00,0.00,0.00,0.00,0.00,0.00,0.00,120,0.661,72,84,59.89,59.96,60.04
28-Jul-2018 07:20:00,10.000,Y,115.74,117.16,117.52,0.92,1.00,1.06,1.77%,0.12,0.17%,0.87%,0.06%,1.17%,0.04%,0.63%,0.03%,0.52%,0.03%,0.38%,0.02%,0.24%,0.02%,0.23%,0.02%,0.10%,0.01%,0.08%,0.01%,0.09%,0.01%,0.04%,0.01%,0.04%,0.01,0.09,0.00,0.04,0.00,0.03,0.00,0.05,0.00,0.03,0.00,0.02,0.00,0.02,0.00,0.00,0.00,0.00,0.00,0.01,0.00,0.00,0.00,0.00,115.32,116.56,117.32,0.00,0.00,0.33,1.85%,0.00,0.17%,0.97%,0.06%,1.18%,0.04%,0.64%,0.03%,0.54%,0.03%,0.39%,0.02%,0.26%,0.02%,0.26%,0.02%,0.13%,0.02%,0.08%,0.01%,0.10%,0.01%,0.05%,0.01%,0.05%,0.00,0.00,0.00,0.00,0.00,0.00,0.00,0.00,0.00,0.00,0.00,0.00,0.00,0.00,0.00,0.00,0.00,0.00,0.00,0.00,0.00,0.00,0.00,0.00,230.46,232.94,233.90,0.00,0.00,0.00,1.80%,0.00,0.17%,0.92%,0.06%,1.17%,0.04%,0.63%,0.03%,0.53%,0.03%,0.38%,0.02%,0.25%,0.02%,0.24%,0.02%,0.11%,0.02%,0.08%,0.01%,0.09%,0.01%,0.05%,0.01%,0.04%,0.00,0.00,0.00,0.00,0.00,0.00,0.00,0.00,0.00,0.00,0.00,0.00,0.00,0.00,0.00,0.00,0.00,0.00,0.00,0.00,0.00,0.00,0.00,0.00,120,0.662,72,84,59.89,60.02,60.12
28-Jul-2018 07:30:00,10.000,Y,116.10,117.26,117.98,0.92,1.00,1.06,1.78%,0.12,0.09%,0.91%,0.04%,1.17%,0.02%,0.62%,0.02%,0.53%,0.02%,0.38%,0.01%,0.24%,0.01%,0.23%,0.01%,0.11%,0.01%,0.07%,0.01%,0.10%,0.01%,0.05%,0.01%,0.04%,0.01,0.09,0.00,0.04,0.00,0.02,0.00,0.05,0.00,0.03,0.00,0.02,0.00,0.02,0.00,0.00,0.00,0.00,0.00,0.00,0.00,0.00,0.00,0.00,114.70,116.34,117.06,0.00,0.00,0.36,1.88%,0.00,0.10%,1.04%,0.04%,1.19%,0.02%,0.62%,0.02%,0.54%,0.02%,0.40%,0.01%,0.27%,0.01%,0.25%,0.01%,0.14%,0.01%,0.07%,0.01%,0.10%,0.01%,0.06%,0.01%,0.05%,0.00,0.00,0.00,0.00,0.00,0.00,0.00,0.00,0.00,0.00,0.00,0.00,0.00,0.00,0.00,0.00,0.00,0.00,0.00,0.00,0.00,0.00,0.00,0.00,231.00,232.82,233.78,0.00,0.00,0.00,1.83%,0.00,0.09%,0.97%,0.04%,1.18%,0.02%,0.62%,0.02%,0.53%,0.02%,0.39%,0.01%,0.25%,0.01%,0.24%,0.01%,0.12%,0.01%,0.07%,0.01%,0.10%,0.01%,0.05%,0.01%,0.04%,0.00,0.00,0.00,0.00,0.00,0.00,0.00,0.00,0.00,0.00,0.00,0.00,0.00,0.00,0.00,0.00,0.00,0.00,0.00,0.00,0.00,0.00,0.00,0.00,120,0.660,72,84,59.92,59.98,60.05
28-Jul-2018 07:40:00,10.000,Y,116.68,117.48,117.82,0.92,1.00,1.06,1.73%,0.12,0.12%,0.92%,0.04%,1.06%,0.03%,0.63%,0.03%,0.53%,0.02%,0.40%,0.02%,0.24%,0.01%,0.22%,0.01%,0.12%,0.01%,0.07%,0.01%,0.10%,0.01%,0.05%,0.01%,0.03%,0.01,0.08,0.00,0.04,0.00,0.02,0.00,0.05,0.00,0.03,0.00,0.02,0.00,0.02,0.00,0.00,0.00,0.00,0.00,0.00,0.00,0.00,0.00,0.00,115.90,116.86,117.24,0.00,0.00,0.33,1.79%,0.00,0.12%,1.02%,0.04%,1.07%,0.03%,0.63%,0.02%,0.52%,0.02%,0.38%,0.02%,0.27%,0.01%,0.24%,0.01%,0.14%,0.01%,0.08%,0.01%,0.09%,0.01%,0.06%,0.01%,0.05%,0.00,0.00,0.00,0.00,0.00,0.00,0.00,0.00,0.00,0.00,0.00,0.00,0.00,0.00,0.00,0.00,0.00,0.00,0.00,0.00,0.00,0.00,0.00,0.00,232.24,233.54,234.14,0.00,0.00,0.00,1.76%,0.00,0.12%,0.97%,0.04%,1.07%,0.03%,0.63%,0.02%,0.52%,0.02%,0.39%,0.02%,0.25%,0.01%,0.23%,0.01%,0.13%,0.01%,0.07%,0.01%,0.09%,0.01%,0.05%,0.01%,0.04%,0.00,0.00,0.00,0.00,0.00,0.00,0.00,0.00,0.00,0.00,0.00,0.00,0.00,0.00,0.00,0.00,0.00,0.00,0.00,0.00,0.00,0.00,0.00,0.00,120,0.659,72,84,59.93,60.00,60.05
28-Jul-2018 07:50:00,10.000,Y,115.60,117.14,117.68,0.91,1.00,1.06,1.76%,0.12,0.17%,0.98%,0.06%,1.02%,0.04%,0.69%,0.03%,0.55%,0.02%,0.37%,0.02%,0.25%,0.02%,0.23%,0.02%,0.11%,0.01%,0.07%,0.01%,0.10%,0.01%,0.05%,0.01%,0.04%,0.01,0.09,0.00,0.04,0.00,0.02,0.00,0.05,0.00,0.03,0.00,0.02,0.00,0.02,0.00,0.00,0.00,0.00,0.00,0.00,0.00,0.00,0.00,0.00,114.66,116.46,117.22,0.00,0.00,0.35,1.83%,0.00,0.17%,1.09%,0.06%,1.01%,0.04%,0.68%,0.03%,0.56%,0.02%,0.39%,0.02%,0.28%,0.02%,0.24%,0.02%,0.13%,0.02%,0.09%,0.01%,0.10%,0.01%,0.06%,0.01%,0.05%,0.00,0.00,0.00,0.00,0.00,0.00,0.00,0.00,0.00,0.00,0.00,0.00,0.00,0.00,0.00,0.00,0.00,0.00,0.00,0.00,0.00,0.00,0.00,0.00,231.08,232.82,234.02,0.00,0.00,0.00,1.79%,0.00,0.17%,1.03%,0.06%,1.01%,0.04%,0.68%,0.03%,0.55%,0.02%,0.38%,0.02%,0.26%,0.02%,0.23%,0.02%,0.12%,0.01%,0.08%,0.01%,0.09%,0.01%,0.05%,0.01%,0.04%,0.00,0.00,0.00,0.00,0.00,0.00,0.00,0.00,0.00,0.00,0.00,0.00,0.00,0.00,0.00,0.00,0.00,0.00,0.00,0.00,0.00,0.00,0.00,0.00,120,0.661,72,84,59.97,60.03,60.09
28-Jul-2018 08:00:00,10.000,Y,115.96,116.92,117.58,0.92,0.99,1.05,1.78%,0.12,0.15%,0.99%,0.05%,1.03%,0.04%,0.70%,0.03%,0.54%,0.02%,0.37%,0.02%,0.26%,0.02%,0.23%,0.01%,0.11%,0.01%,0.07%,0.01%,0.10%,0.01%,0.05%,0.01%,0.03%,0.01,0.09,0.00,0.04,0.00,0.02,0.00,0.05,0.00,0.03,0.00,0.02,0.00,0.02,0.00,0.00,0.00,0.00,0.00,0.00,0.00,0.00,0.00,0.00,114.66,116.38,117.16,0.00,0.00,0.35,1.82%,0.00,0.15%,1.06%,0.05%,1.01%,0.03%,0.69%,0.03%,0.57%,0.02%,0.40%,0.02%,0.29%,0.02%,0.24%,0.01%,0.14%,0.01%,0.10%,0.01%,0.10%,0.01%,0.07%,0.01%,0.04%,0.00,0.00,0.00,0.00,0.00,0.00,0.00,0.00,0.00,0.00,0.00,0.00,0.00,0.00,0.00,0.00,0.00,0.00,0.00,0.00,0.00,0.00,0.00,0.00,230.82,232.52,233.42,0.00,0.00,0.00,1.80%,0.00,0.15%,1.03%,0.05%,1.02%,0.03%,0.69%,0.03%,0.55%,0.02%,0.38%,0.02%,0.27%,0.02%,0.24%,0.01%,0.13%,0.01%,0.08%,0.01%,0.10%,0.01%,0.06%,0.01%,0.04%,0.00,0.00,0.00,0.00,0.00,0.00,0.00,0.00,0.00,0.00,0.00,0.00,0.00,0.00,0.00,0.00,0.00,0.00,0.00,0.00,0.00,0.00,0.00,0.00,120,0.662,72,84,59.96,60.02,60.06
28-Jul-2018 08:10:00,10.000,Y,115.00,116.56,117.06,0.92,3.07,9.03,1.90%,1.54,0.15%,1.13%,0.06%,1.02%,0.04%,0.66%,0.03%,0.65%,0.02%,0.41%,0.02%,0.24%,0.02%,0.30%,0.02%,0.14%,0.01%,0.04%,0.01%,0.14%,0.01%,0.04%,0.01%,0.03%,0.02,1.13,0.01,0.59,0.01,0.45,0.01,0.48,0.01,0.34,0.01,0.25,0.01,0.24,0.01,0.18,0.01,0.12,0.00,0.10,0.00,0.07,0.00,0.04,116.00,117.06,117.66,0.23,0.59,3.05,1.91%,0.22,0.15%,1.12%,0.06%,1.09%,0.04%,0.69%,0.03%,0.57%,0.02%,0.40%,0.02%,0.29%,0.02%,0.23%,0.02%,0.16%,0.01%,0.09%,0.01%,0.09%,0.01%,0.08%,0.01%,0.06%,0.00,0.15,0.00,0.13,0.00,0.08,0.00,0.04,0.00,0.01,0.00,0.02,0.00,0.02,0.00,0.02,0.00,0.01,0.00,0.01,0.00,0.01,0.00,0.01,231.28,232.84,233.42,0.00,0.00,0.00,1.89%,0.00,0.15%,1.12%,0.06%,1.05%,0.04%,0.68%,0.03%,0.61%,0.02%,0.40%,0.02%,0.25%,0.02%,0.26%,0.01%,0.14%,0.01%,0.05%,0.01%,0.11%,0.01%,0.06%,0.01%,0.04%,0.00,0.00,0.00,0.00,0.00,0.00,0.00,0.00,0.00,0.00,0.00,0.00,0.00,0.00,0.00,0.00,0.00,0.00,0.00,0.00,0.00,0.00,0.00,0.00,420,0.806,348,36,59.97,60.02,60.08
28-Jul-2018 08:20:00,10.000,Y,115.90,117.06,120.60,3.59,3.78,4.17,1.92%,2.10,0.13%,1.19%,0.05%,1.00%,0.03%,0.60%,0.03%,0.70%,0.02%,0.42%,0.02%,0.25%,0.01%,0.34%,0.01%,0.14%,0.01%,0.04%,0.01%,0.18%,0.01%,0.04%,0.01%,0.04%,0.01,1.51,0.01,0.83,0.01,0.64,0.01,0.66,0.01,0.46,0.01,0.35,0.01,0.32,0.01,0.25,0.01,0.17,0.01,0.16,0.01,0.12,0.01,0.08,116.06,117.20,120.78,0.63,0.71,1.15,1.89%,0.32,0.13%,1.11%,0.05%,1.10%,0.03%,0.65%,0.03%,0.56%,0.02%,0.38%,0.02%,0.30%,0.02%,0.23%,0.01%,0.15%,0.01%,0.09%,0.01%,0.07%,0.01%,0.08%,0.01%,0.05%,0.00,0.23,0.00,0.17,0.00,0.11,0.00,0.06,0.00,0.01,0.00,0.03,0.00,0.03,0.00,0.02,0.00,0.01,0.00,0.01,0.00,0.01,0.00,0.01,231.60,233.46,240.56,0.00,0.00,0.00,1.89%,0.00,0.13%,1.15%,0.05%,1.05%,0.03%,0.62%,0.03%,0.63%,0.02%,0.40%,0.02%,0.26%,0.01%,0.27%,0.01%,0.14%,0.01%,0.03%,0.01%,0.12%,0.01%,0.05%,0.01%,0.02%,0.00,0.00,0.00,0.00,0.00,0.00,0.00,0.00,0.00,0.00,0.00,0.00,0.00,0.00,0.00,0.00,0.00,0.00,0.00,0.00,0.00,0.00,0.00,0.00,528,0.832,432,24,59.95,60.01,60.06
28-Jul-2018 08:30:00,10.000,Y,117.82,118.78,120.26,3.51,3.91,4.31,2.00%,2.28,0.12%,1.14%,0.05%,1.33%,0.03%,0.63%,0.02%,0.58%,0.02%,0.12%,0.01%,0.09%,0.01%,0.30%,0.01%,0.13%,0.01%,0.05%,0.01%,0.15%,0.01%,0.05%,0.01%,0.02%,0.01,1.59,0.01,0.95,0.01,0.74,0.01,0.72,0.01,0.53,0.01,0.38,0.01,0.35,0.01,0.27,0.01,0.18,0.01,0.15,0.01,0.12,0.01,0.08,117.74,118.80,120.48,0.62,0.72,1.21,1.97%,0.33,0.13%,1.06%,0.05%,1.47%,0.03%,0.56%,0.02%,0.43%,0.02%,0.11%,0.01%,0.09%,0.01%,0.18%,0.01%,0.04%,0.01%,0.06%,0.01%,0.05%,0.01%,0.04%,0.01%,0.05%,0.00,0.24,0.00,0.17,0.00,0.11,0.00,0.06,0.00,0.01,0.00,0.03,0.00,0.03,0.00,0.03,0.00,0.00,0.00,0.01,0.00,0.01,0.00,0.01,235.48,236.80,239.88,0.00,0.00,0.00,1.97%,0.00,0.13%,1.10%,0.05%,1.40%,0.03%,0.59%,0.02%,0.50%,0.02%,0.09%,0.01%,0.04%,0.01%,0.23%,0.01%,0.08%,0.01%,0.03%,0.01%,0.09%,0.01%,0.03%,0.01%,0.02%,0.00,0.00,0.00,0.00,0.00,0.00,0.00,0.00,0.00,0.00,0.00,0.00,0.00,0.00,0.00,0.00,0.00,0.00,0.00,0.00,0.00,0.00,0.00,0.00,540,0.818,444,24,59.94,60.00,60.06
28-Jul-2018 08:40:00,10.000,Y,117.34,118.34,118.80,3.70,3.89,4.02,2.01%,2.26,0.10%,1.17%,0.04%,1.32%,0.03%,0.65%,0.02%,0.58%,0.01%,0.12%,0.01%,0.10%,0.01%,0.31%,0.01%,0.13%,0.01%,0.05%,0.01%,0.14%,0.01%,0.05%,0.01%,0.02%,0.01,1.58,0.01,0.94,0.01,0.73,0.01,0.71,0.01,0.52,0.01,0.38,0.01,0.34,0.01,0.26,0.01,0.17,0.00,0.15,0.00,0.12,0.00,0.08,117.72,118.78,119.12,0.63,0.73,1.25,1.98%,0.32,0.10%,1.08%,0.04%,1.47%,0.03%,0.59%,0.02%,0.43%,0.02%,0.11%,0.01%,0.09%,0.01%,0.19%,0.01%,0.04%,0.01%,0.06%,0.01%,0.05%,0.01%,0.05%,0.01%,0.05%,0.00,0.24,0.00,0.17,0.00,0.11,0.00,0.06,0.00,0.01,0.00,0.03,0.00,0.03,0.00,0.03,0.00,0.01,0.00,0.01,0.00,0.01,0.00,0.01,234.36,236.32,236.98,0.00,0.00,0.00,1.98%,0.00,0.10%,1.12%,0.04%,1.39%,0.03%,0.61%,0.02%,0.50%,0.01%,0.08%,0.01%,0.05%,0.01%,0.24%,0.01%,0.08%,0.01%,0.02%,0.01%,0.09%,0.01%,0.03%,0.01%,0.02%,0.00,0.00,0.00,0.00,0.00,0.00,0.00,0.00,0.00,0.00,0.00,0.00,0.00,0.00,0.00,0.00,0.00,0.00,0.00,0.00,0.00,0.00,0.00,0.00,540,0.817,444,24,59.94,59.98,60.03
28-Jul-2018 08:50:00,10.000,Y,116.72,118.16,118.68,3.43,6.07,19.83,2.05%,2.53,0.10%,1.21%,0.04%,1.36%,0.03%,0.64%,0.02%,0.57%,0.01%,0.10%,0.01%,0.11%,0.01%,0.30%,0.01%,0.13%,0.01%,0.06%,0.01%,0.15%,0.01%,0.04%,0.01%,0.03%,0.07,1.95,0.03,0.79,0.02,0.69,0.01,0.68,0.01,0.50,0.01,0.37,0.01,0.34,0.01,0.26,0.01,0.17,0.00,0.16,0.00,0.12,0.00,0.09,116.96,118.52,119.26,0.61,0.74,1.22,2.18%,0.32,0.10%,1.29%,0.04%,1.57%,0.03%,0.57%,0.02%,0.45%,0.02%,0.14%,0.01%,0.10%,0.01%,0.18%,0.01%,0.05%,0.01%,0.07%,0.01%,0.07%,0.01%,0.03%,0.01%,0.05%,0.01,0.23,0.00,0.17,0.00,0.11,0.00,0.05,0.00,0.01,0.00,0.03,0.00,0.03,0.00,0.03,0.00,0.01,0.00,0.01,0.00,0.01,0.00,0.01,234.38,235.88,236.92,0.00,0.00,0.00,2.10%,0.00,0.10%,1.25%,0.04%,1.46%,0.03%,0.60%,0.02%,0.50%,0.01%,0.08%,0.01%,0.07%,0.01%,0.24%,0.01%,0.08%,0.01%,0.02%,0.01%,0.11%,0.01%,0.02%,0.01%,0.02%,0.00,0.00,0.00,0.00,0.00,0.00,0.00,0.00,0.00,0.00,0.00,0.00,0.00,0.00,0.00,0.00,0.00,0.00,0.00,0.00,0.00,0.00,0.00,0.00,804,0.854,708,48,59.94,59.98,60.08
28-Jul-2018 09:00:00,10.000,Y,116.62,118.38,119.38,3.42,6.75,19.75,2.15%,2.56,0.14%,1.31%,0.05%,1.41%,0.04%,0.62%,0.02%,0.58%,0.02%,0.10%,0.02%,0.10%,0.01%,0.30%,0.01%,0.12%,0.01%,0.04%,0.01%,0.14%,0.01%,0.04%,0.01%,0.02%,0.14,2.08,0.06,0.63,0.03,0.65,0.02,0.62,0.01,0.46,0.01,0.33,0.01,0.31,0.01,0.23,0.01,0.15,0.01,0.14,0.00,0.11,0.01,0.08,117.10,118.44,119.14,0.61,0.74,1.26,2.08%,0.32,0.14%,1.20%,0.05%,1.51%,0.03%,0.57%,0.02%,0.42%,0.02%,0.13%,0.02%,0.11%,0.02%,0.20%,0.01%,0.05%,0.01%,0.05%,0.01%,0.07%,0.01%,0.04%,0.01%,0.04%,0.00,0.23,0.00,0.18,0.00,0.11,0.00,0.06,0.00,0.01,0.00,0.03,0.00,0.03,0.00,0.03,0.00,0.01,0.00,0.01,0.00,0.01,0.00,0.01,234.58,236.02,237.20,0.00,0.00,0.00,2.10%,0.00,0.14%,1.25%,0.05%,1.46%,0.03%,0.59%,0.02%,0.50%,0.02%,0.09%,0.02%,0.06%,0.01%,0.24%,0.01%,0.08%,0.01%,0.01%,0.01%,0.10%,0.01%,0.03%,0.01%,0.02%,0.00,0.00,0.00,0.00,0.00,0.00,0.00,0.00,0.00,0.00,0.00,0.00,0.00,0.00,0.00,0.00,0.00,0.00,0.00,0.00,0.00,0.00,0.00,0.00,876,0.871,792,48,59.96,60.00,60.06
28-Jul-2018 09:10:00,10.000,Y,117.24,118.86,119.42,3.44,4.20,15.28,2.05%,2.05,0.08%,1.23%,0.03%,1.34%,0.03%,0.61%,0.02%,0.58%,0.01%,0.11%,0.01%,0.09%,0.01%,0.31%,0.01%,0.12%,0.01%,0.05%,0.01%,0.14%,0.01%,0.05%,0.01%,0.02%,0.01,1.45,0.01,0.83,0.01,0.65,0.01,0.64,0.01,0.47,0.01,0.34,0.01,0.31,0.01,0.25,0.01,0.16,0.00,0.14,0.00,0.11,0.00,0.07,115.80,117.52,118.62,0.65,0.76,1.26,2.01%,0.32,0.08%,1.17%,0.03%,1.46%,0.02%,0.54%,0.02%,0.42%,0.01%,0.13%,0.01%,0.10%,0.01%,0.19%,0.01%,0.04%,0.01%,0.05%,0.01%,0.06%,0.01%,0.03%,0.01%,0.04%,0.00,0.24,0.00,0.18,0.00,0.11,0.00,0.06,0.00,0.01,0.00,0.03,0.00,0.03,0.00,0.03,0.00,0.01,0.00,0.01,0.00,0.01,0.00,0.01,233.66,235.60,236.52,0.00,0.00,0.00,2.02%,0.00,0.08%,1.20%,0.03%,1.40%,0.02%,0.57%,0.02%,0.50%,0.01%,0.09%,0.01%,0.06%,0.01%,0.25%,0.01%,0.08%,0.01%,0.01%,0.01%,0.10%,0.01%,0.02%,0.01%,0.02%,0.00,0.00,0.00,0.00,0.00,0.00,0.00,0.00,0.00,0.00,0.00,0.00,0.00,0.00,0.00,0.00,0.00,0.00,0.00,0.00,0.00,0.00,0.00,0.00,588,0.841,492,36,59.91,59.97,60.03
28-Jul-2018 09:20:00,10.000,Y,116.84,117.96,118.40,3.64,4.64,11.05,2.09%,2.39,0.12%,1.26%,0.04%,1.36%,0.03%,0.61%,0.02%,0.59%,0.02%,0.11%,0.01%,0.10%,0.01%,0.31%,0.01%,0.13%,0.01%,0.06%,0.01%,0.16%,0.01%,0.06%,0.01%,0.03%,0.02,1.71,0.01,0.98,0.01,0.76,0.01,0.74,0.01,0.54,0.01,0.38,0.01,0.35,0.01,0.26,0.01,0.17,0.01,0.15,0.01,0.12,0.00,0.08,117.00,118.22,118.88,0.62,0.73,1.42,2.07%,0.34,0.12%,1.20%,0.04%,1.51%,0.03%,0.54%,0.02%,0.42%,0.02%,0.14%,0.01%,0.11%,0.01%,0.19%,0.01%,0.04%,0.01%,0.05%,0.01%,0.06%,0.01%,0.04%,0.01%,0.04%,0.00,0.25,0.00,0.18,0.00,0.11,0.00,0.06,0.00,0.01,0.00,0.03,0.00,0.03,0.00,0.03,0.00,0.01,0.00,0.01,0.00,0.01,0.00,0.01,233.08,235.38,236.30,0.00,0.00,0.00,2.06%,0.00,0.12%,1.23%,0.04%,1.43%,0.03%,0.57%,0.02%,0.50%,0.02%,0.09%,0.01%,0.05%,0.01%,0.24%,0.01%,0.08%,0.01%,0.02%,0.01%,0.11%,0.01%,0.03%,0.01%,0.01%,0.00,0.00,0.00,0.00,0.00,0.00,0.00,0.00,0.00,0.00,0.00,0.00,0.00,0.00,0.00,0.00,0.00,0.00,0.00,0.00,0.00,0.00,0.00,0.00,636,0.828,528,24,59.91,59.99,60.06
28-Jul-2018 09:30:00,10.000,Y,116.78,118.04,118.56,3.88,4.42,10.79,2.09%,2.35,0.11%,1.26%,0.04%,1.36%,0.03%,0.62%,0.02%,0.59%,0.02%,0.10%,0.02%,0.10%,0.01%,0.30%,0.01%,0.12%,0.01%,0.05%,0.01%,0.16%,0.01%,0.05%,0.01%,0.02%,0.02,1.69,0.01,0.96,0.01,0.74,0.01,0.72,0.01,0.52,0.01,0.38,0.01,0.34,0.01,0.26,0.01,0.17,0.01,0.16,0.01,0.12,0.01,0.08,116.72,118.14,118.78,0.64,0.72,1.23,2.07%,0.33,0.12%,1.18%,0.04%,1.51%,0.03%,0.54%,0.02%,0.43%,0.02%,0.13%,0.01%,0.11%,0.01%,0.19%,0.01%,0.05%,0.01%,0.06%,0.01%,0.06%,0.01%,0.05%,0.01%,0.05%,0.00,0.24,0.00,0.18,0.00,0.11,0.00,0.06,0.00,0.00,0.00,0.03,0.00,0.03,0.00,0.03,0.00,0.01,0.00,0.01,0.00,0.01,0.00,0.01,233.96,235.38,236.18,0.00,0.00,0.00,2.06%,0.00,0.12%,1.22%,0.04%,1.44%,0.03%,0.57%,0.02%,0.50%,0.02%,0.09%,0.01%,0.06%,0.01%,0.24%,0.01%,0.08%,0.01%,0.02%,0.01%,0.11%,0.01%,0.03%,0.01%,0.02%,0.00,0.00,0.00,0.00,0.00,0.00,0.00,0.00,0.00,0.00,0.00,0.00,0.00,0.00,0.00,0.00,0.00,0.00,0.00,0.00,0.00,0.00,0.00,0.00,600,0.825,504,24,59.95,59.99,60.05
28-Jul-2018 09:40:00,10.000,Y,115.54,117.64,118.34,3.82,4.51,10.83,2.12%,2.34,0.13%,1.29%,0.05%,1.38%,0.03%,0.62%,0.03%,0.60%,0.02%,0.11%,0.02%,0.10%,0.01%,0.30%,0.01%,0.10%,0.01%,0.04%,0.01%,0.15%,0.01%,0.04%,0.01%,0.03%,0.01,1.69,0.01,0.96,0.01,0.74,0.01,0.71,0.01,0.50,0.01,0.36,0.01,0.33,0.01,0.25,0.01,0.17,0.01,0.17,0.01,0.13,0.01,0.09,116.16,117.54,118.36,0.63,0.72,1.16,2.14%,0.33,0.13%,1.27%,0.05%,1.53%,0.03%,0.55%,0.02%,0.43%,0.02%,0.13%,0.02%,0.12%,0.01%,0.19%,0.01%,0.06%,0.01%,0.06%,0.01%,0.06%,0.01%,0.04%,0.01%,0.05%,0.00,0.24,0.00,0.18,0.00,0.11,0.00,0.06,0.00,0.00,0.00,0.03,0.00,0.03,0.00,0.03,0.00,0.01,0.00,0.01,0.00,0.01,0.00,0.01,232.36,234.38,235.24,0.00,0.00,0.00,2.11%,0.00,0.13%,1.28%,0.05%,1.45%,0.03%,0.58%,0.03%,0.51%,0.02%,0.10%,0.02%,0.06%,0.01%,0.24%,0.01%,0.07%,0.01%,0.01%,0.01%,0.10%,0.01%,0.02%,0.01%,0.02%,0.00,0.00,0.00,0.00,0.00,0.00,0.00,0.00,0.00,0.00,0.00,0.00,0.00,0.00,0.00,0.00,0.00,0.00,0.00,0.00,0.00,0.00,0.00,0.00,612,0.830,516,24,59.94,60.00,60.06
28-Jul-2018 09:50:00,10.000,Y,116.26,117.86,118.62,3.91,4.57,10.76,2.13%,2.39,0.13%,1.31%,0.04%,1.34%,0.03%,0.68%,0.02%,0.62%,0.02%,0.13%,0.02%,0.09%,0.01%,0.29%,0.01%,0.10%,0.01%,0.05%,0.01%,0.15%,0.01%,0.04%,0.01%,0.03%,0.02,1.71,0.01,0.99,0.01,0.78,0.01,0.74,0.01,0.51,0.01,0.35,0.01,0.32,0.01,0.25,0.01,0.17,0.01,0.17,0.01,0.13,0.01,0.09,116.12,117.56,118.36,0.63,0.74,1.21,2.13%,0.33,0.13%,1.27%,0.04%,1.51%,0.03%,0.60%,0.02%,0.44%,0.02%,0.14%,0.02%,0.11%,0.01%,0.19%,0.01%,0.05%,0.01%,0.06%,0.01%,0.06%,0.01%,0.04%,0.01%,0.05%,0.00,0.24,0.00,0.18,0.00,0.11,0.00,0.06,0.00,0.00,0.00,0.03,0.00,0.03,0.00,0.03,0.00,0.01,0.00,0.01,0.00,0.01,0.00,0.01,233.02,234.62,235.56,0.00,0.00,0.00,2.11%,0.00,0.13%,1.29%,0.04%,1.42%,0.03%,0.63%,0.02%,0.52%,0.02%,0.10%,0.02%,0.06%,0.01%,0.24%,0.01%,0.06%,0.01%,0.01%,0.01%,0.10%,0.01%,0.02%,0.01%,0.02%,0.00,0.00,0.00,0.00,0.00,0.00,0.00,0.00,0.00,0.00,0.00,0.00,0.00,0.00,0.00,0.00,0.00,0.00,0.00,0.00,0.00,0.00,0.00,0.00,624,0.827,516,24,59.95,60.00,60.06
28-Jul-2018 10:00:00,10.000,Y,116.22,117.56,118.16,3.89,4.51,10.76,2.12%,2.35,0.14%,1.28%,0.05%,1.36%,0.04%,0.68%,0.03%,0.62%,0.02%,0.12%,0.02%,0.08%,0.02%,0.29%,0.01%,0.10%,0.01%,0.05%,0.01%,0.14%,0.01%,0.04%,0.01%,0.03%,0.02,1.69,0.01,0.98,0.01,0.77,0.01,0.73,0.01,0.50,0.01,0.33,0.01,0.31,0.01,0.24,0.01,0.16,0.01,0.16,0.01,0.13,0.01,0.08,115.46,116.88,118.14,0.64,0.74,1.24,2.14%,0.33,0.14%,1.26%,0.05%,1.53%,0.03%,0.61%,0.02%,0.44%,0.02%,0.13%,0.02%,0.10%,0.01%,0.20%,0.01%,0.05%,0.01%,0.05%,0.01%,0.07%,0.01%,0.04%,0.01%,0.05%,0.00,0.24,0.00,0.18,0.00,0.11,0.00,0.06,0.00,0.01,0.00,0.03,0.00,0.03,0.00,0.03,0.00,0.01,0.00,0.01,0.00,0.01,0.00,0.01,231.84,233.66,234.94,0.00,0.00,0.00,2.12%,0.00,0.14%,1.27%,0.05%,1.44%,0.03%,0.63%,0.02%,0.53%,0.02%,0.09%,0.02%,0.05%,0.01%,0.24%,0.01%,0.07%,0.01%,0.01%,0.01%,0.10%,0.01%,0.02%,0.01%,0.02%,0.00,0.00,0.00,0.00,0.00,0.00,0.00,0.00,0.00,0.00,0.00,0.00,0.00,0.00,0.00,0.00,0.00,0.00,0.00,0.00,0.00,0.00,0.00,0.00,612,0.829,516,24,59.94,60.01,60.06
28-Jul-2018 10:10:00,10.000,Y,115.54,117.50,118.06,3.89,4.49,11.03,2.15%,2.41,0.12%,1.32%,0.04%,1.36%,0.03%,0.68%,0.02%,0.62%,0.02%,0.13%,0.01%,0.09%,0.01%,0.30%,0.01%,0.11%,0.01%,0.04%,0.01%,0.15%,0.01%,0.04%,0.01%,0.03%,0.01,1.73,0.01,1.00,0.01,0.79,0.01,0.75,0.01,0.51,0.01,0.35,0.01,0.33,0.01,0.25,0.01,0.17,0.01,0.17,0.01,0.13,0.01,0.08,115.50,117.36,118.00,0.65,0.75,1.24,2.15%,0.34,0.11%,1.28%,0.04%,1.52%,0.03%,0.60%,0.02%,0.44%,0.02%,0.13%,0.01%,0.10%,0.01%,0.20%,0.01%,0.05%,0.01%,0.06%,0.01%,0.06%,0.01%,0.04%,0.01%,0.05%,0.00,0.24,0.00,0.18,0.00,0.11,0.00,0.06,0.00,0.01,0.00,0.03,0.00,0.03,0.00,0.03,0.00,0.01,0.00,0.01,0.00,0.01,0.00,0.01,230.62,234.08,234.94,0.00,0.00,0.00,2.13%,0.00,0.12%,1.30%,0.04%,1.44%,0.03%,0.63%,0.02%,0.52%,0.02%,0.10%,0.01%,0.06%,0.01%,0.25%,0.01%,0.07%,0.01%,0.01%,0.01%,0.10%,0.01%,0.02%,0.01%,0.02%,0.00,0.00,0.00,0.00,0.00,0.00,0.00,0.00,0.00,0.00,0.00,0.00,0.00,0.00,0.00,0.00,0.00,0.00,0.00,0.00,0.00,0.00,0.00,0.00,612,0.827,516,12,59.96,60.00,60.05
28-Jul-2018 10:20:00,10.000,Y,115.10,116.66,117.46,3.87,4.50,10.70,2.14%,2.33,0.12%,1.32%,0.04%,1.35%,0.03%,0.67%,0.02%,0.60%,0.02%,0.11%,0.01%,0.09%,0.01%,0.30%,0.01%,0.10%,0.01%,0.05%,0.01%,0.14%,0.01%,0.04%,0.01%,0.03%,0.01,1.68,0.01,0.96,0.01,0.75,0.01,0.71,0.01,0.49,0.01,0.34,0.01,0.32,0.01,0.24,0.01,0.16,0.01,0.16,0.01,0.12,0.00,0.08,115.66,116.96,117.60,0.64,0.73,1.25,2.15%,0.33,0.12%,1.29%,0.05%,1.51%,0.03%,0.60%,0.02%,0.44%,0.02%,0.12%,0.01%,0.11%,0.01%,0.20%,0.01%,0.06%,0.01%,0.05%,0.01%,0.06%,0.01%,0.05%,0.01%,0.05%,0.00,0.24,0.00,0.18,0.00,0.11,0.00,0.06,0.00,0.00,0.00,0.03,0.00,0.03,0.00,0.03,0.00,0.01,0.00,0.01,0.00,0.01,0.00,0.01,230.38,232.84,234.08,0.00,0.00,0.00,2.13%,0.00,0.12%,1.31%,0.04%,1.43%,0.03%,0.63%,0.02%,0.51%,0.02%,0.09%,0.01%,0.06%,0.01%,0.24%,0.01%,0.07%,0.01%,0.01%,0.01%,0.10%,0.01%,0.02%,0.01%,0.02%,0.00,0.00,0.00,0.00,0.00,0.00,0.00,0.00,0.00,0.00,0.00,0.00,0.00,0.00,0.00,0.00,0.00,0.00,0.00,0.00,0.00,0.00,0.00,0.00,600,0.832,504,12,59.94,60.00,60.04
28-Jul-2018 10:30:00,10.000,Y,115.72,117.06,117.52,3.88,4.49,10.84,2.16%,2.33,0.14%,1.34%,0.05%,1.35%,0.03%,0.69%,0.03%,0.62%,0.02%,0.11%,0.02%,0.09%,0.02%,0.30%,0.01%,0.10%,0.01%,0.05%,0.01%,0.14%,0.01%,0.04%,0.01%,0.03%,0.01,1.67,0.01,0.96,0.01,0.76,0.01,0.72,0.01,0.50,0.01,0.35,0.01,0.33,0.01,0.25,0.01,0.17,0.01,0.16,0.01,0.13,0.01,0.08,115.90,116.96,117.46,0.64,0.75,1.38,2.18%,0.35,0.14%,1.32%,0.05%,1.52%,0.03%,0.61%,0.02%,0.45%,0.02%,0.12%,0.02%,0.11%,0.02%,0.21%,0.01%,0.06%,0.01%,0.05%,0.01%,0.06%,0.01%,0.05%,0.01%,0.05%,0.00,0.26,0.00,0.19,0.00,0.12,0.00,0.06,0.00,0.01,0.00,0.03,0.00,0.03,0.00,0.03,0.00,0.01,0.00,0.01,0.00,0.01,0.00,0.01,231.42,233.22,234.10,0.00,0.00,0.00,2.15%,0.00,0.14%,1.33%,0.05%,1.43%,0.03%,0.64%,0.03%,0.53%,0.02%,0.08%,0.01%,0.06%,0.02%,0.25%,0.01%,0.07%,0.01%,0.01%,0.01%,0.10%,0.01%,0.03%,0.01%,0.01%,0.00,0.00,0.00,0.00,0.00,0.00,0.00,0.00,0.00,0.00,0.00,0.00,0.00,0.00,0.00,0.00,0.00,0.00,0.00,0.00,0.00,0.00,0.00,0.00,612,0.828,516,24,59.95,60.01,60.07
28-Jul-2018 10:40:00,10.000,Y,116.16,117.26,117.68,3.53,5.19,11.86,2.18%,2.39,0.10%,1.35%,0.04%,1.37%,0.02%,0.69%,0.02%,0.64%,0.02%,0.11%,0.01%,0.12%,0.01%,0.33%,0.01%,0.11%,0.01%,0.05%,0.01%,0.15%,0.01%,0.04%,0.01%,0.02%,0.01,1.72,0.01,0.96,0.01,0.78,0.01,0.74,0.01,0.53,0.01,0.38,0.01,0.35,0.01,0.26,0.01,0.17,0.01,0.16,0.00,0.12,0.00,0.07,116.14,117.12,117.56,0.64,0.73,1.43,2.20%,0.33,0.10%,1.31%,0.04%,1.56%,0.02%,0.64%,0.02%,0.45%,0.01%,0.11%,0.01%,0.13%,0.01%,0.21%,0.01%,0.05%,0.01%,0.06%,0.01%,0.07%,0.01%,0.05%,0.01%,0.06%,0.00,0.25,0.00,0.18,0.00,0.11,0.00,0.06,0.00,0.01,0.00,0.03,0.00,0.03,0.00,0.03,0.00,0.01,0.00,0.01,0.00,0.01,0.00,0.01,232.16,233.58,234.24,0.00,0.00,0.00,2.18%,0.00,0.10%,1.33%,0.04%,1.46%,0.02%,0.65%,0.02%,0.54%,0.01%,0.07%,0.01%,0.08%,0.01%,0.26%,0.01%,0.07%,0.01%,0.01%,0.01%,0.11%,0.01%,0.02%,0.01%,0.02%,0.00,0.00,0.00,0.00,0.00,0.00,0.00,0.00,0.00,0.00,0.00,0.00,0.00,0.00,0.00,0.00,0.00,0.00,0.00,0.00,0.00,0.00,0.00,0.00,696,-0.919,600,-48,59.94,59.99,60.04
28-Jul-2018 10:50:00,10.000,Y,116.32,117.30,117.68,3.41,4.85,15.99,2.16%,2.45,0.12%,1.38%,0.04%,1.31%,0.03%,0.67%,0.02%,0.64%,0.02%,0.14%,0.01%,0.10%,0.01%,0.32%,0.01%,0.12%,0.01%,0.05%,0.01%,0.14%,0.01%,0.04%,0.01%,0.02%,0.02,1.81,0.01,0.96,0.01,0.78,0.01,0.73,0.01,0.52,0.01,0.37,0.01,0.33,0.01,0.24,0.01,0.15,0.01,0.14,0.01,0.11,0.00,0.07,116.08,117.08,117.52,0.64,0.75,1.40,2.16%,0.34,0.12%,1.30%,0.04%,1.51%,0.03%,0.62%,0.02%,0.45%,0.02%,0.10%,0.01%,0.12%,0.01%,0.21%,0.01%,0.05%,0.01%,0.05%,0.01%,0.07%,0.01%,0.05%,0.01%,0.05%,0.00,0.25,0.00,0.18,0.00,0.11,0.00,0.06,0.00,0.00,0.00,0.03,0.00,0.03,0.00,0.03,0.00,0.01,0.00,0.01,0.00,0.01,0.00,0.01,231.78,233.58,234.14,0.00,0.00,0.00,2.15%,0.00,0.12%,1.34%,0.04%,1.41%,0.03%,0.63%,0.02%,0.54%,0.02%,0.08%,0.01%,0.06%,0.01%,0.26%,0.01%,0.08%,0.01%,0.02%,0.01%,0.10%,0.01%,0.02%,0.01%,0.02%,0.00,0.00,0.00,0.00,0.00,0.00,0.00,0.00,0.00,0.00,0.00,0.00,0.00,0.00,0.00,0.00,0.00,0.00,0.00,0.00,0.00,0.00,0.00,0.00,660,-0.815,540,-60,59.92,59.99,60.05
28-Jul-2018 11:00:00,10.000,Y,115.66,117.24,117.72,3.15,3.94,10.14,2.15%,2.39,0.13%,1.39%,0.05%,1.28%,0.03%,0.67%,0.02%,0.63%,0.02%,0.14%,0.02%,0.09%,0.01%,0.31%,0.01%,0.11%,0.01%,0.05%,0.01%,0.14%,0.01%,0.04%,0.01%,0.02%,0.01,1.75,0.01,0.96,0.01,0.77,0.01,0.73,0.01,0.52,0.01,0.37,0.01,0.33,0.01,0.24,0.01,0.15,0.01,0.15,0.01,0.12,0.01,0.07,115.28,116.90,117.48,0.63,0.73,1.30,2.19%,0.33,0.13%,1.34%,0.05%,1.50%,0.03%,0.66%,0.02%,0.48%,0.02%,0.11%,0.02%,0.12%,0.01%,0.21%,0.01%,0.07%,0.01%,0.07%,0.01%,0.07%,0.01%,0.05%,0.01%,0.07%,0.00,0.24,0.00,0.18,0.00,0.11,0.00,0.05,0.00,0.01,0.00,0.03,0.00,0.03,0.00,0.03,0.00,0.01,0.00,0.01,0.00,0.01,0.00,0.01,231.16,233.36,234.20,0.00,0.00,0.00,2.15%,0.00,0.13%,1.36%,0.05%,1.39%,0.03%,0.65%,0.02%,0.55%,0.02%,0.10%,0.02%,0.06%,0.01%,0.25%,0.01%,0.08%,0.01%,0.02%,0.01%,0.10%,0.01%,0.02%,0.01%,0.03%,0.00,0.00,0.00,0.00,0.00,0.00,0.00,0.00,0.00,0.00,0.00,0.00,0.00,0.00,0.00,0.00,0.00,0.00,0.00,0.00,0.00,0.00,0.00,0.00,540,-0.761,420,-60,59.95,60.01,60.05
28-Jul-2018 11:10:00,10.000,Y,115.58,117.18,117.56,3.12,3.63,16.36,2.14%,2.25,0.15%,1.40%,0.05%,1.28%,0.04%,0.67%,0.03%,0.58%,0.02%,0.12%,0.02%,0.08%,0.02%,0.28%,0.02%,0.09%,0.01%,0.06%,0.01%,0.15%,0.01%,0.03%,0.01%,0.02%,0.01,1.64,0.01,0.92,0.01,0.71,0.01,0.67,0.01,0.48,0.01,0.34,0.01,0.32,0.01,0.24,0.01,0.16,0.01,0.15,0.01,0.12,0.01,0.07,113.88,116.12,116.80,0.61,0.76,1.30,2.24%,0.32,0.15%,1.39%,0.05%,1.52%,0.04%,0.67%,0.03%,0.47%,0.02%,0.11%,0.02%,0.14%,0.02%,0.19%,0.02%,0.07%,0.01%,0.07%,0.01%,0.09%,0.01%,0.06%,0.01%,0.07%,0.00,0.24,0.00,0.18,0.00,0.10,0.00,0.05,0.00,0.02,0.00,0.03,0.00,0.04,0.00,0.03,0.00,0.01,0.00,0.01,0.00,0.01,0.00,0.01,229.64,232.52,233.46,0.00,0.00,0.00,2.17%,0.00,0.15%,1.39%,0.05%,1.40%,0.04%,0.66%,0.03%,0.52%,0.02%,0.09%,0.02%,0.08%,0.02%,0.24%,0.01%,0.07%,0.01%,0.02%,0.01%,0.11%,0.01%,0.03%,0.01%,0.03%,0.00,0.00,0.00,0.00,0.00,0.00,0.00,0.00,0.00,0.00,0.00,0.00,0.00,0.00,0.00,0.00,0.00,0.00,0.00,0.00,0.00,0.00,0.00,0.00,504,-0.885,396,-24,59.97,60.02,60.07
28-Jul-2018 11:20:00,10.000,Y,115.24,116.84,117.78,3.31,5.45,17.03,2.16%,2.12,0.17%,1.41%,0.06%,1.31%,0.04%,0.68%,0.03%,0.59%,0.02%,0.11%,0.02%,0.10%,0.02%,0.28%,0.02%,0.08%,0.02%,0.06%,0.01%,0.14%,0.01%,0.04%,0.01%,0.02%,0.07,1.48,0.03,0.89,0.02,0.69,0.02,0.65,0.02,0.45,0.02,0.33,0.02,0.30,0.01,0.23,0.01,0.16,0.01,0.15,0.01,0.11,0.01,0.07,114.30,115.52,116.76,0.63,0.76,1.32,2.31%,0.34,0.17%,1.44%,0.06%,1.56%,0.04%,0.68%,0.03%,0.45%,0.02%,0.13%,0.02%,0.16%,0.02%,0.21%,0.02%,0.07%,0.01%,0.07%,0.01%,0.09%,0.01%,0.05%,0.01%,0.06%,0.00,0.25,0.00,0.18,0.00,0.11,0.00,0.06,0.00,0.01,0.00,0.03,0.00,0.03,0.00,0.03,0.00,0.01,0.00,0.01,0.00,0.01,0.00,0.01,229.26,231.58,233.00,0.00,0.00,0.00,2.22%,0.00,0.17%,1.42%,0.06%,1.43%,0.04%,0.66%,0.03%,0.52%,0.02%,0.09%,0.02%,0.10%,0.02%,0.24%,0.02%,0.06%,0.01%,0.03%,0.01%,0.11%,0.01%,0.02%,0.01%,0.03%,0.00,0.00,0.00,0.00,0.00,0.00,0.00,0.00,0.00,0.00,0.00,0.00,0.00,0.00,0.00,0.00,0.00,0.00,0.00,0.00,0.00,0.00,0.00,0.00,720,0.845,624,24,59.97,60.02,60.07
28-Jul-2018 11:30:00,10.000,Y,114.74,116.66,117.22,3.54,3.82,10.66,2.18%,2.15,0.15%,1.41%,0.05%,1.34%,0.03%,0.67%,0.03%,0.60%,0.02%,0.10%,0.02%,0.10%,0.02%,0.28%,0.01%,0.09%,0.01%,0.06%,0.01%,0.14%,0.01%,0.03%,0.01%,0.03%,0.01,1.53,0.01,0.89,0.01,0.70,0.01,0.66,0.01,0.46,0.01,0.33,0.01,0.31,0.01,0.24,0.01,0.16,0.01,0.15,0.01,0.11,0.01,0.07,113.68,115.94,116.80,0.66,0.76,1.28,2.35%,0.33,0.15%,1.45%,0.05%,1.62%,0.03%,0.66%,0.03%,0.45%,0.02%,0.12%,0.02%,0.15%,0.02%,0.21%,0.01%,0.07%,0.01%,0.07%,0.01%,0.09%,0.01%,0.05%,0.01%,0.05%,0.00,0.24,0.00,0.18,0.00,0.11,0.00,0.05,0.00,0.01,0.00,0.03,0.00,0.03,0.00,0.02,0.00,0.01,0.00,0.01,0.00,0.01,0.00,0.01,227.66,231.84,232.86,0.00,0.00,0.00,2.25%,0.00,0.15%,1.43%,0.05%,1.48%,0.03%,0.65%,0.03%,0.52%,0.02%,0.07%,0.02%,0.09%,0.02%,0.24%,0.01%,0.07%,0.01%,0.02%,0.01%,0.11%,0.01%,0.02%,0.01%,0.02%,0.00,0.00,0.00,0.00,0.00,0.00,0.00,0.00,0.00,0.00,0.00,0.00,0.00,0.00,0.00,0.00,0.00,0.00,0.00,0.00,0.00,0.00,0.00,0.00,528,0.830,444,24,59.96,60.01,60.04
28-Jul-2018 11:40:00,10.000,Y,115.14,116.44,117.14,3.54,4.12,10.62,2.20%,2.32,0.13%,1.45%,0.05%,1.33%,0.03%,0.68%,0.02%,0.60%,0.02%,0.10%,0.02%,0.10%,0.02%,0.29%,0.01%,0.09%,0.01%,0.05%,0.01%,0.14%,0.01%,0.03%,0.01%,0.02%,0.02,1.66,0.01,0.96,0.01,0.76,0.01,0.72,0.01,0.50,0.01,0.36,0.01,0.33,0.01,0.24,0.01,0.16,0.01,0.15,0.01,0.12,0.01,0.08,114.00,115.62,116.44,0.66,0.76,1.22,2.34%,0.33,0.13%,1.46%,0.05%,1.59%,0.03%,0.70%,0.02%,0.47%,0.02%,0.11%,0.02%,0.14%,0.01%,0.21%,0.01%,0.08%,0.01%,0.08%,0.01%,0.08%,0.01%,0.06%,0.01%,0.06%,0.00,0.25,0.00,0.18,0.00,0.11,0.00,0.05,0.00,0.02,0.00,0.03,0.00,0.03,0.00,0.02,0.00,0.01,0.00,0.01,0.00,0.01,0.00,0.01,228.72,231.28,232.56,0.00,0.00,0.00,2.26%,0.00,0.13%,1.45%,0.05%,1.46%,0.03%,0.67%,0.02%,0.53%,0.02%,0.08%,0.01%,0.09%,0.01%,0.25%,0.01%,0.07%,0.01%,0.02%,0.01%,0.11%,0.01%,0.02%,0.01%,0.03%,0.00,0.00,0.00,0.00,0.00,0.00,0.00,0.00,0.00,0.00,0.00,0.00,0.00,0.00,0.00,0.00,0.00,0.00,0.00,0.00,0.00,0.00,0.00,0.00,564,0.828,468,24,59.95,60.01,60.05
28-Jul-2018 11:50:00,10.000,Y,115.24,116.32,116.70,3.56,4.03,10.52,2.24%,2.29,0.15%,1.47%,0.05%,1.36%,0.04%,0.68%,0.03%,0.60%,0.02%,0.10%,0.02%,0.09%,0.02%,0.29%,0.01%,0.10%,0.01%,0.05%,0.01%,0.14%,0.01%,0.03%,0.01%,0.02%,0.02,1.63,0.01,0.95,0.01,0.76,0.01,0.71,0.01,0.49,0.01,0.35,0.01,0.32,0.01,0.24,0.01,0.16,0.01,0.15,0.01,0.11,0.01,0.07,114.46,115.54,116.08,0.51,0.67,1.33,2.38%,0.28,0.15%,1.49%,0.05%,1.61%,0.04%,0.70%,0.03%,0.47%,0.02%,0.10%,0.02%,0.15%,0.02%,0.22%,0.01%,0.08%,0.01%,0.08%,0.01%,0.08%,0.01%,0.06%,0.01%,0.07%,0.00,0.20,0.00,0.15,0.00,0.09,0.00,0.05,0.00,0.02,0.00,0.03,0.00,0.03,0.00,0.02,0.00,0.01,0.00,0.00,0.00,0.01,0.00,0.01,229.50,231.08,231.84,0.00,0.00,0.00,2.29%,0.00,0.15%,1.48%,0.05%,1.48%,0.04%,0.67%,0.03%,0.53%,0.02%,0.07%,0.02%,0.09%,0.02%,0.26%,0.01%,0.07%,0.01%,0.02%,0.01%,0.11%,0.01%,0.03%,0.01%,0.03%,0.00,0.00,0.00,0.00,0.00,0.00,0.00,0.00,0.00,0.00,0.00,0.00,0.00,0.00,0.00,0.00,0.00,0.00,0.00,0.00,0.00,0.00,0.00,0.00,540,0.826,444,24,59.95,60.01,60.05
28-Jul-2018 12:00:00,10.000,Y,114.32,115.90,116.58,3.78,4.50,15.04,2.25%,2.35,0.16%,1.49%,0.06%,1.37%,0.04%,0.66%,0.03%,0.57%,0.02%,0.08%,0.02%,0.10%,0.02%,0.29%,0.02%,0.09%,0.01%,0.06%,0.01%,0.15%,0.01%,0.04%,0.01%,0.03%,0.03,1.72,0.02,0.91,0.01,0.73,0.01,0.70,0.01,0.48,0.01,0.36,0.01,0.34,0.01,0.26,0.01,0.18,0.01,0.17,0.01,0.11,0.01,0.07,113.88,115.54,116.58,0.65,0.75,1.21,2.40%,0.34,0.15%,1.54%,0.06%,1.62%,0.04%,0.66%,0.03%,0.44%,0.02%,0.10%,0.02%,0.15%,0.02%,0.23%,0.01%,0.09%,0.01%,0.07%,0.01%,0.08%,0.01%,0.06%,0.01%,0.07%,0.00,0.25,0.00,0.18,0.00,0.11,0.00,0.06,0.00,0.01,0.00,0.03,0.00,0.03,0.00,0.02,0.00,0.01,0.00,0.00,0.00,0.01,0.00,0.01,227.78,230.68,232.10,0.00,0.00,0.00,2.31%,0.00,0.15%,1.52%,0.06%,1.49%,0.04%,0.65%,0.03%,0.50%,0.02%,0.06%,0.02%,0.10%,0.02%,0.26%,0.01%,0.07%,0.01%,0.02%,0.01%,0.11%,0.01%,0.02%,0.01%,0.03%,0.00,0.00,0.00,0.00,0.00,0.00,0.00,0.00,0.00,0.00,0.00,0.00,0.00,0.00,0.00,0.00,0.00,0.00,0.00,0.00,0.00,0.00,0.00,0.00,600,0.828,504,24,59.98,60.02,60.06
28-Jul-2018 12:10:00,10.000,Y,114.78,116.20,116.90,3.81,5.38,13.78,2.26%,2.62,0.16%,1.51%,0.06%,1.36%,0.04%,0.68%,0.03%,0.58%,0.02%,0.10%,0.02%,0.11%,0.02%,0.29%,0.02%,0.09%,0.01%,0.06%,0.01%,0.16%,0.01%,0.04%,0.01%,0.03%,0.07,2.02,0.04,0.85,0.02,0.74,0.02,0.72,0.02,0.49,0.01,0.36,0.01,0.34,0.01,0.26,0.01,0.18,0.01,0.18,0.01,0.12,0.01,0.08,114.50,115.72,116.10,0.65,0.77,1.46,2.31%,0.34,0.16%,1.47%,0.06%,1.56%,0.04%,0.66%,0.03%,0.43%,0.02%,0.11%,0.02%,0.14%,0.02%,0.20%,0.01%,0.07%,0.01%,0.07%,0.01%,0.07%,0.01%,0.06%,0.01%,0.07%,0.00,0.25,0.00,0.19,0.00,0.11,0.00,0.06,0.00,0.01,0.00,0.03,0.00,0.03,0.00,0.02,0.00,0.01,0.00,0.01,0.00,0.01,0.00,0.01,228.80,231.16,231.94,0.00,0.00,0.00,2.27%,0.00,0.16%,1.49%,0.06%,1.46%,0.04%,0.66%,0.03%,0.50%,0.02%,0.08%,0.02%,0.10%,0.02%,0.24%,0.01%,0.06%,0.01%,0.02%,0.01%,0.11%,0.01%,0.02%,0.01%,0.03%,0.00,0.00,0.00,0.00,0.00,0.00,0.00,0.00,0.00,0.00,0.00,0.00,0.00,0.00,0.00,0.00,0.00,0.00,0.00,0.00,0.00,0.00,0.00,0.00,708,0.839,612,36,59.98,60.02,60.07
28-Jul-2018 12:20:00,10.000,Y,115.18,116.32,116.90,3.80,5.09,14.44,2.28%,2.62,0.13%,1.50%,0.05%,1.40%,0.03%,0.67%,0.02%,0.59%,0.02%,0.11%,0.02%,0.12%,0.01%,0.30%,0.01%,0.10%,0.01%,0.06%,0.01%,0.15%,0.01%,0.04%,0.01%,0.03%,0.06,1.94,0.02,0.95,0.02,0.81,0.01,0.76,0.01,0.53,0.01,0.39,0.01,0.36,0.01,0.28,0.01,0.19,0.01,0.18,0.01,0.12,0.00,0.08,114.26,115.56,116.32,0.65,0.87,1.58,2.30%,0.42,0.13%,1.43%,0.05%,1.60%,0.03%,0.64%,0.02%,0.40%,0.02%,0.13%,0.02%,0.15%,0.01%,0.18%,0.01%,0.05%,0.01%,0.06%,0.01%,0.06%,0.01%,0.05%,0.01%,0.04%,0.00,0.32,0.00,0.22,0.00,0.12,0.00,0.05,0.00,0.03,0.00,0.04,0.00,0.03,0.00,0.02,0.00,0.01,0.00,0.01,0.00,0.01,0.00,0.01,228.94,231.10,232.16,0.00,0.00,0.00,2.27%,0.00,0.13%,1.47%,0.05%,1.50%,0.03%,0.65%,0.02%,0.49%,0.02%,0.08%,0.02%,0.10%,0.01%,0.24%,0.01%,0.05%,0.01%,0.02%,0.01%,0.11%,0.01%,0.02%,0.01%,0.02%,0.00,0.00,0.00,0.00,0.00,0.00,0.00,0.00,0.00,0.00,0.00,0.00,0.00,0.00,0.00,0.00,0.00,0.00,0.00,0.00,0.00,0.00,0.00,0.00,684,0.829,576,24,59.95,60.00,60.06
28-Jul-2018 12:30:00,10.000,Y,114.22,116.26,117.26,3.81,4.01,4.56,2.32%,2.31,0.15%,1.53%,0.05%,1.42%,0.04%,0.68%,0.03%,0.60%,0.02%,0.10%,0.02%,0.12%,0.02%,0.30%,0.01%,0.09%,0.01%,0.07%,0.01%,0.15%,0.01%,0.04%,0.01%,0.03%,0.01,1.64,0.01,0.95,0.01,0.78,0.01,0.73,0.01,0.50,0.01,0.37,0.01,0.34,0.01,0.25,0.01,0.18,0.01,0.16,0.01,0.11,0.01,0.08,113.72,115.64,116.78,0.89,0.99,1.62,2.37%,0.50,0.15%,1.50%,0.05%,1.63%,0.03%,0.65%,0.03%,0.42%,0.02%,0.13%,0.02%,0.16%,0.01%,0.18%,0.01%,0.05%,0.01%,0.06%,0.01%,0.07%,0.01%,0.05%,0.01%,0.05%,0.00,0.39,0.00,0.26,0.00,0.13,0.00,0.03,0.00,0.05,0.00,0.06,0.00,0.03,0.00,0.01,0.00,0.02,0.00,0.02,0.00,0.01,0.00,0.00,227.20,231.10,233.26,0.00,0.00,0.00,2.33%,0.00,0.14%,1.51%,0.05%,1.52%,0.03%,0.65%,0.03%,0.51%,0.02%,0.08%,0.02%,0.11%,0.01%,0.24%,0.01%,0.05%,0.01%,0.02%,0.01%,0.11%,0.01%,0.01%,0.01%,0.02%,0.00,0.00,0.00,0.00,0.00,0.00,0.00,0.00,0.00,0.00,0.00,0.00,0.00,0.00,0.00,0.00,0.00,0.00,0.00,0.00,0.00,0.00,0.00,0.00,576,0.816,468,12,59.96,60.01,60.06
28-Jul-2018 12:40:00,10.000,Y,115.08,116.42,117.10,3.67,3.97,10.10,2.31%,2.27,0.16%,1.52%,0.06%,1.44%,0.04%,0.66%,0.03%,0.58%,0.02%,0.08%,0.02%,0.12%,0.02%,0.30%,0.02%,0.08%,0.01%,0.06%,0.01%,0.14%,0.01%,0.03%,0.01%,0.03%,0.01,1.62,0.01,0.93,0.01,0.75,0.01,0.70,0.01,0.49,0.01,0.35,0.01,0.33,0.01,0.24,0.01,0.17,0.01,0.15,0.01,0.11,0.01,0.07,114.82,116.02,116.80,0.89,0.99,1.53,2.40%,0.51,0.16%,1.53%,0.07%,1.64%,0.04%,0.63%,0.03%,0.43%,0.02%,0.13%,0.02%,0.16%,0.02%,0.20%,0.02%,0.06%,0.01%,0.07%,0.01%,0.07%,0.01%,0.05%,0.01%,0.04%,0.01,0.40,0.00,0.26,0.00,0.13,0.00,0.03,0.00,0.05,0.00,0.06,0.00,0.03,0.00,0.01,0.00,0.02,0.00,0.02,0.00,0.01,0.00,0.00,229.30,231.66,233.04,0.00,0.00,0.00,2.34%,0.00,0.16%,1.52%,0.06%,1.54%,0.04%,0.64%,0.03%,0.50%,0.02%,0.08%,0.02%,0.11%,0.02%,0.25%,0.02%,0.05%,0.01%,0.02%,0.01%,0.10%,0.01%,0.02%,0.01%,0.02%,0.00,0.00,0.00,0.00,0.00,0.00,0.00,0.00,0.00,0.00,0.00,0.00,0.00,0.00,0.00,0.00,0.00,0.00,0.00,0.00,0.00,0.00,0.00,0.00,576,0.818,468,12,59.95,60.02,60.08
28-Jul-2018 12:50:00,10.000,Y,113.46,116.14,117.00,3.79,7.76,13.84,2.40%,3.05,0.16%,1.59%,0.06%,1.49%,0.04%,0.66%,0.03%,0.61%,0.02%,0.08%,0.02%,0.13%,0.02%,0.30%,0.01%,0.09%,0.01%,0.06%,0.01%,0.15%,0.01%,0.03%,0.01%,0.04%,0.19,2.55,0.07,0.73,0.04,0.76,0.02,0.73,0.01,0.50,0.01,0.37,0.01,0.34,0.01,0.25,0.01,0.17,0.01,0.17,0.01,0.10,0.01,0.09,114.14,116.38,116.98,0.86,0.99,1.60,2.38%,0.50,0.16%,1.48%,0.06%,1.65%,0.04%,0.64%,0.03%,0.44%,0.02%,0.15%,0.02%,0.15%,0.02%,0.20%,0.02%,0.06%,0.01%,0.06%,0.01%,0.08%,0.01%,0.05%,0.01%,0.04%,0.01,0.40,0.00,0.26,0.00,0.13,0.00,0.03,0.00,0.05,0.00,0.06,0.00,0.03,0.00,0.01,0.00,0.02,0.00,0.02,0.00,0.01,0.00,0.00,227.00,231.76,232.90,0.00,0.00,0.00,2.37%,0.00,0.16%,1.53%,0.06%,1.57%,0.04%,0.64%,0.03%,0.52%,0.02%,0.09%,0.02%,0.11%,0.02%,0.24%,0.01%,0.06%,0.01%,0.03%,0.01%,0.11%,0.01%,0.02%,0.01%,0.02%,0.00,0.00,0.00,0.00,0.00,0.00,0.00,0.00,0.00,0.00,0.00,0.00,0.00,0.00,0.00,0.00,0.00,0.00,0.00,0.00,0.00,0.00,0.00,0.00,1008,0.866,912,36,59.94,60.02,60.07
28-Jul-2018 13:00:00,10.000,Y,115.46,117.10,117.62,3.80,3.99,10.13,2.37%,2.30,0.16%,1.51%,0.06%,1.54%,0.04%,0.62%,0.03%,0.62%,0.02%,0.09%,0.02%,0.12%,0.02%,0.32%,0.01%,0.09%,0.01%,0.06%,0.01%,0.14%,0.01%,0.03%,0.01%,0.03%,0.01,1.62,0.01,0.94,0.01,0.78,0.01,0.73,0.01,0.50,0.01,0.37,0.01,0.34,0.01,0.25,0.01,0.17,0.01,0.16,0.01,0.11,0.01,0.08,115.20,116.58,117.22,0.89,0.98,1.57,2.47%,0.50,0.16%,1.52%,0.06%,1.75%,0.04%,0.61%,0.03%,0.44%,0.02%,0.15%,0.02%,0.15%,0.02%,0.21%,0.02%,0.06%,0.01%,0.07%,0.01%,0.08%,0.01%,0.06%,0.01%,0.03%,0.01,0.39,0.00,0.25,0.00,0.13,0.00,0.03,0.00,0.05,0.00,0.06,0.00,0.03,0.00,0.01,0.00,0.02,0.00,0.02,0.00,0.01,0.00,0.01,230.42,232.88,233.84,0.00,0.00,0.00,2.41%,0.00,0.16%,1.52%,0.06%,1.64%,0.04%,0.60%,0.03%,0.53%,0.02%,0.09%,0.02%,0.10%,0.02%,0.26%,0.01%,0.05%,0.01%,0.03%,0.01%,0.11%,0.01%,0.02%,0.01%,0.02%,0.00,0.00,0.00,0.00,0.00,0.00,0.00,0.00,0.00,0.00,0.00,0.00,0.00,0.00,0.00,0.00,0.00,0.00,0.00,0.00,0.00,0.00,0.00,0.00,576,0.816,468,24,59.96,60.02,60.08
28-Jul-2018 13:10:00,10.000,Y,116.30,117.28,117.74,3.81,4.21,10.66,2.35%,2.45,0.16%,1.55%,0.07%,1.42%,0.05%,0.68%,0.03%,0.66%,0.02%,0.11%,0.02%,0.11%,0.02%,0.34%,0.02%,0.11%,0.01%,0.04%,0.01%,0.16%,0.01%,0.04%,0.01%,0.03%,0.02,1.72,0.01,1.00,0.01,0.83,0.02,0.79,0.02,0.56,0.01,0.40,0.01,0.36,0.01,0.26,0.01,0.18,0.01,0.16,0.01,0.12,0.01,0.08,115.96,117.06,117.66,0.88,0.96,1.43,2.38%,0.49,0.17%,1.48%,0.07%,1.62%,0.04%,0.66%,0.03%,0.46%,0.02%,0.14%,0.02%,0.16%,0.02%,0.21%,0.02%,0.06%,0.01%,0.07%,0.01%,0.09%,0.01%,0.04%,0.01%,0.03%,0.00,0.39,0.00,0.25,0.00,0.13,0.00,0.03,0.00,0.05,0.00,0.06,0.00,0.03,0.00,0.01,0.00,0.02,0.00,0.02,0.00,0.02,0.00,0.00,232.34,233.56,234.18,0.00,0.00,0.00,2.35%,0.00,0.16%,1.52%,0.07%,1.52%,0.04%,0.65%,0.03%,0.55%,0.02%,0.09%,0.02%,0.10%,0.02%,0.27%,0.02%,0.07%,0.01%,0.02%,0.01%,0.12%,0.01%,0.03%,0.01%,0.02%,0.00,0.00,0.00,0.00,0.00,0.00,0.00,0.00,0.00,0.00,0.00,0.00,0.00,0.00,0.00,0.00,0.00,0.00,0.00,0.00,0.00,0.00,0.00,0.00,600,0.810,492,12,59.98,60.02,60.06
28-Jul-2018 13:20:00,10.000,Y,115.92,117.04,117.44,3.51,4.15,4.50,2.35%,2.44,0.16%,1.55%,0.06%,1.43%,0.04%,0.68%,0.03%,0.65%,0.02%,0.11%,0.02%,0.11%,0.02%,0.33%,0.01%,0.11%,0.01%,0.05%,0.01%,0.16%,0.01%,0.04%,0.01%,0.04%,0.02,1.71,0.01,1.00,0.01,0.81,0.01,0.78,0.02,0.55,0.01,0.40,0.01,0.37,0.01,0.28,0.01,0.19,0.01,0.17,0.01,0.12,0.01,0.08,115.56,117.02,117.84,0.87,0.98,1.58,2.48%,0.50,0.16%,1.59%,0.06%,1.67%,0.04%,0.63%,0.03%,0.50%,0.02%,0.14%,0.02%,0.16%,0.02%,0.22%,0.02%,0.07%,0.01%,0.07%,0.01%,0.10%,0.01%,0.05%,0.01%,0.03%,0.01,0.39,0.01,0.26,0.01,0.13,0.00,0.03,0.00,0.05,0.00,0.06,0.00,0.03,0.00,0.01,0.00,0.02,0.00,0.02,0.00,0.02,0.00,0.00,231.48,233.28,234.44,0.00,0.00,0.00,2.40%,0.00,0.16%,1.57%,0.06%,1.55%,0.04%,0.64%,0.03%,0.57%,0.02%,0.09%,0.02%,0.10%,0.02%,0.27%,0.01%,0.08%,0.01%,0.02%,0.01%,0.13%,0.01%,0.03%,0.01%,0.01%,0.00,0.00,0.00,0.00,0.00,0.00,0.00,0.00,0.00,0.00,0.00,0.00,0.00,0.00,0.00,0.00,0.00,0.00,0.00,0.00,0.00,0.00,0.00,0.00,600,0.810,480,12,59.96,60.02,60.06
28-Jul-2018 13:30:00,10.000,Y,116.24,117.26,117.66,3.52,3.98,4.42,2.38%,2.30,0.14%,1.56%,0.05%,1.47%,0.03%,0.68%,0.02%,0.65%,0.02%,0.10%,0.02%,0.11%,0.02%,0.33%,0.02%,0.09%,0.01%,0.05%,0.01%,0.15%,0.01%,0.02%,0.01%,0.03%,0.01,1.62,0.01,0.94,0.01,0.76,0.01,0.73,0.01,0.51,0.01,0.37,0.01,0.33,0.01,0.24,0.01,0.16,0.01,0.15,0.01,0.11,0.01,0.08,116.20,117.24,117.66,0.88,0.97,1.57,2.43%,0.50,0.15%,1.55%,0.05%,1.65%,0.03%,0.62%,0.03%,0.51%,0.02%,0.14%,0.02%,0.16%,0.02%,0.24%,0.02%,0.07%,0.01%,0.07%,0.01%,0.10%,0.01%,0.05%,0.01%,0.03%,0.00,0.39,0.00,0.26,0.00,0.13,0.00,0.03,0.00,0.05,0.00,0.06,0.00,0.03,0.00,0.01,0.00,0.02,0.00,0.02,0.00,0.01,0.00,0.00,232.38,233.72,234.52,0.00,0.00,0.00,2.39%,0.00,0.15%,1.55%,0.05%,1.55%,0.03%,0.64%,0.02%,0.58%,0.02%,0.10%,0.02%,0.10%,0.02%,0.28%,0.02%,0.07%,0.01%,0.03%,0.01%,0.12%,0.01%,0.03%,0.01%,0.01%,0.00,0.00,0.00,0.00,0.00,0.00,0.00,0.00,0.00,0.00,0.00,0.00,0.00,0.00,0.00,0.00,0.00,0.00,0.00,0.00,0.00,0.00,0.00,0.00,576,0.816,468,24,59.96,60.01,60.05
28-Jul-2018 13:40:00,10.000,Y,113.58,117.04,118.16,3.46,3.68,4.21,2.41%,2.02,0.12%,1.61%,0.04%,1.41%,0.03%,0.67%,0.02%,0.71%,0.02%,0.18%,0.02%,0.18%,0.01%,0.34%,0.01%,0.10%,0.01%,0.07%,0.01%,0.15%,0.01%,0.02%,0.01%,0.05%,0.01,1.44,0.01,0.81,0.01,0.67,0.01,0.65,0.01,0.44,0.01,0.32,0.01,0.29,0.01,0.21,0.01,0.15,0.01,0.15,0.01,0.11,0.00,0.08,112.88,116.36,117.72,0.88,1.00,1.57,2.46%,0.51,0.12%,1.61%,0.05%,1.57%,0.03%,0.65%,0.02%,0.56%,0.02%,0.20%,0.01%,0.23%,0.01%,0.25%,0.01%,0.11%,0.01%,0.08%,0.01%,0.10%,0.01%,0.06%,0.01%,0.02%,0.01,0.40,0.00,0.27,0.00,0.14,0.00,0.04,0.00,0.05,0.00,0.06,0.00,0.03,0.00,0.01,0.00,0.02,0.00,0.02,0.00,0.02,0.00,0.00,226.16,232.62,234.84,0.00,0.00,0.00,2.42%,0.00,0.12%,1.61%,0.04%,1.49%,0.03%,0.65%,0.02%,0.63%,0.02%,0.17%,0.01%,0.19%,0.01%,0.29%,0.01%,0.10%,0.01%,0.05%,0.01%,0.12%,0.01%,0.03%,0.01%,0.03%,0.00,0.00,0.00,0.00,0.00,0.00,0.00,0.00,0.00,0.00,0.00,0.00,0.00,0.00,0.00,0.00,0.00,0.00,0.00,0.00,0.00,0.00,0.00,0.00,540,0.827,444,36,59.95,60.00,60.04
28-Jul-2018 13:50:00,10.000,Y,114.56,115.86,116.60,3.44,3.65,3.79,2.38%,1.95,0.12%,1.62%,0.05%,1.21%,0.03%,0.69%,0.02%,0.80%,0.02%,0.35%,0.02%,0.33%,0.02%,0.35%,0.01%,0.13%,0.01%,0.10%,0.01%,0.15%,0.01%,0.03%,0.01%,0.06%,0.01,1.43,0.01,0.75,0.01,0.61,0.01,0.61,0.01,0.40,0.01,0.31,0.01,0.27,0.01,0.20,0.01,0.15,0.00,0.15,0.01,0.11,0.00,0.08,114.32,115.22,115.68,0.90,1.00,1.51,2.40%,0.51,0.12%,1.60%,0.05%,1.34%,0.03%,0.73%,0.02%,0.65%,0.02%,0.34%,0.02%,0.39%,0.02%,0.27%,0.01%,0.20%,0.01%,0.09%,0.01%,0.11%,0.01%,0.09%,0.01%,0.02%,0.00,0.40,0.00,0.27,0.00,0.14,0.00,0.04,0.00,0.04,0.00,0.06,0.00,0.03,0.00,0.01,0.00,0.02,0.00,0.02,0.00,0.02,0.00,0.00,228.54,230.30,231.42,0.00,0.00,0.00,2.38%,0.00,0.12%,1.61%,0.05%,1.28%,0.03%,0.70%,0.02%,0.72%,0.02%,0.34%,0.02%,0.35%,0.02%,0.31%,0.01%,0.16%,0.01%,0.08%,0.01%,0.13%,0.01%,0.06%,0.01%,0.04%,0.00,0.00,0.00,0.00,0.00,0.00,0.00,0.00,0.00,0.00,0.00,0.00,0.00,0.00,0.00,0.00,0.00,0.00,0.00,0.00,0.00,0.00,0.00,0.00,540,0.836,444,36,59.92,59.99,60.06
28-Jul-2018 14:00:00,10.000,Y,115.02,116.24,116.78,3.49,3.66,3.80,2.39%,1.94,0.13%,1.63%,0.05%,1.24%,0.03%,0.71%,0.03%,0.78%,0.02%,0.32%,0.02%,0.34%,0.02%,0.35%,0.01%,0.12%,0.01%,0.10%,0.01%,0.16%,0.01%,0.03%,0.01%,0.06%,0.01,1.44,0.01,0.75,0.01,0.59,0.01,0.60,0.01,0.41,0.01,0.31,0.01,0.28,0.01,0.20,0.01,0.15,0.01,0.14,0.01,0.10,0.01,0.08,113.18,114.32,115.70,0.90,0.99,1.60,2.50%,0.52,0.13%,1.70%,0.06%,1.38%,0.03%,0.75%,0.03%,0.65%,0.02%,0.34%,0.02%,0.39%,0.02%,0.26%,0.01%,0.18%,0.01%,0.10%,0.01%,0.10%,0.01%,0.09%,0.01%,0.02%,0.00,0.40,0.00,0.27,0.00,0.14,0.00,0.04,0.00,0.05,0.00,0.06,0.00,0.03,0.00,0.01,0.00,0.02,0.00,0.02,0.00,0.02,0.00,0.01,228.24,229.78,231.40,0.00,0.00,0.00,2.44%,0.00,0.13%,1.66%,0.05%,1.31%,0.03%,0.73%,0.03%,0.71%,0.02%,0.32%,0.02%,0.36%,0.02%,0.31%,0.01%,0.15%,0.01%,0.09%,0.01%,0.13%,0.01%,0.06%,0.01%,0.04%,0.00,0.00,0.00,0.00,0.00,0.00,0.00,0.00,0.00,0.00,0.00,0.00,0.00,0.00,0.00,0.00,0.00,0.00,0.00,0.00,0.00,0.00,0.00,0.00,540,0.837,444,36,59.96,60.01,60.06
28-Jul-2018 14:10:00,10.000,Y,114.62,116.08,116.48,3.47,3.67,4.29,2.39%,1.96,0.16%,1.64%,0.06%,1.20%,0.04%,0.70%,0.03%,0.80%,0.03%,0.35%,0.02%,0.32%,0.02%,0.37%,0.02%,0.15%,0.01%,0.10%,0.01%,0.16%,0.01%,0.03%,0.01%,0.06%,0.01,1.44,0.01,0.76,0.01,0.60,0.01,0.62,0.01,0.42,0.01,0.32,0.01,0.28,0.01,0.21,0.01,0.15,0.01,0.14,0.01,0.11,0.01,0.08,113.48,115.14,116.20,0.90,0.98,1.58,2.46%,0.50,0.16%,1.64%,0.06%,1.34%,0.05%,0.78%,0.03%,0.69%,0.03%,0.34%,0.02%,0.40%,0.02%,0.28%,0.02%,0.20%,0.02%,0.11%,0.01%,0.11%,0.01%,0.10%,0.01%,0.03%,0.01,0.39,0.00,0.26,0.00,0.14,0.00,0.03,0.00,0.04,0.00,0.06,0.00,0.03,0.00,0.01,0.00,0.02,0.00,0.02,0.00,0.02,0.00,0.00,228.32,230.44,231.76,0.00,0.00,0.00,2.42%,0.00,0.16%,1.64%,0.06%,1.27%,0.04%,0.74%,0.03%,0.74%,0.03%,0.34%,0.02%,0.35%,0.02%,0.32%,0.02%,0.17%,0.01%,0.09%,0.01%,0.14%,0.01%,0.06%,0.01%,0.04%,0.00,0.00,0.00,0.00,0.00,0.00,0.00,0.00,0.00,0.00,0.00,0.00,0.00,0.00,0.00,0.00,0.00,0.00,0.00,0.00,0.00,0.00,0.00,0.00,540,0.834,444,36,59.98,60.02,60.07
28-Jul-2018 14:20:00,10.000,Y,113.62,115.68,116.50,3.49,6.13,14.81,2.59%,2.45,0.14%,1.81%,0.05%,1.31%,0.04%,0.73%,0.03%,0.81%,0.02%,0.38%,0.02%,0.35%,0.02%,0.39%,0.02%,0.16%,0.01%,0.11%,0.01%,0.17%,0.01%,0.04%,0.01%,0.08%,0.11,2.03,0.05,0.59,0.03,0.59,0.02,0.61,0.01,0.40,0.01,0.31,0.01,0.27,0.01,0.20,0.01,0.15,0.01,0.16,0.01,0.11,0.01,0.10,114.34,115.94,116.54,0.87,0.98,1.48,2.51%,0.51,0.13%,1.68%,0.05%,1.39%,0.04%,0.78%,0.03%,0.68%,0.02%,0.36%,0.02%,0.40%,0.02%,0.31%,0.02%,0.20%,0.01%,0.09%,0.01%,0.12%,0.01%,0.10%,0.01%,0.02%,0.01,0.39,0.01,0.27,0.00,0.14,0.00,0.04,0.00,0.04,0.00,0.05,0.00,0.03,0.00,0.01,0.00,0.02,0.00,0.02,0.00,0.01,0.00,0.00,227.24,230.84,232.22,0.00,0.00,0.00,2.54%,0.00,0.13%,1.75%,0.05%,1.35%,0.04%,0.75%,0.03%,0.74%,0.02%,0.37%,0.02%,0.37%,0.02%,0.34%,0.02%,0.18%,0.01%,0.09%,0.01%,0.15%,0.01%,0.07%,0.01%,0.04%,0.00,0.00,0.00,0.00,0.00,0.00,0.00,0.00,0.00,0.00,0.00,0.00,0.00,0.00,0.00,0.00,0.00,0.00,0.00,0.00,0.00,0.00,0.00,0.00,816,0.865,732,60,59.96,60.01,60.06
28-Jul-2018 14:30:00,10.000,Y,113.40,115.42,116.08,3.48,4.98,13.33,2.58%,2.27,0.13%,1.77%,0.05%,1.33%,0.04%,0.75%,0.03%,0.82%,0.03%,0.36%,0.02%,0.33%,0.02%,0.39%,0.01%,0.16%,0.01%,0.11%,0.01%,0.18%,0.01%,0.03%,0.01%,0.08%,0.08,1.80,0.03,0.65,0.02,0.62,0.01,0.63,0.01,0.42,0.01,0.31,0.01,0.27,0.01,0.20,0.01,0.16,0.01,0.16,0.01,0.12,0.01,0.10,114.06,115.64,116.24,0.87,0.98,1.53,2.50%,0.50,0.13%,1.68%,0.05%,1.38%,0.04%,0.76%,0.03%,0.67%,0.02%,0.35%,0.02%,0.39%,0.02%,0.30%,0.01%,0.19%,0.01%,0.09%,0.01%,0.12%,0.01%,0.09%,0.01%,0.02%,0.00,0.39,0.00,0.26,0.00,0.14,0.00,0.04,0.00,0.04,0.00,0.05,0.00,0.03,0.00,0.01,0.00,0.02,0.00,0.02,0.00,0.01,0.00,0.00,226.94,230.30,231.26,0.00,0.00,0.00,2.53%,0.00,0.13%,1.72%,0.05%,1.36%,0.04%,0.75%,0.03%,0.74%,0.02%,0.35%,0.02%,0.35%,0.02%,0.34%,0.01%,0.18%,0.01%,0.09%,0.01%,0.15%,0.01%,0.06%,0.01%,0.04%,0.00,0.00,0.00,0.00,0.00,0.00,0.00,0.00,0.00,0.00,0.00,0.00,0.00,0.00,0.00,0.00,0.00,0.00,0.00,0.00,0.00,0.00,0.00,0.00,684,0.852,588,36,59.97,60.00,60.03
28-Jul-2018 14:40:00,10.000,Y,114.12,115.58,116.16,3.42,3.67,4.06,2.47%,1.94,0.12%,1.70%,0.05%,1.27%,0.04%,0.72%,0.03%,0.78%,0.02%,0.35%,0.02%,0.31%,0.01%,0.37%,0.01%,0.14%,0.01%,0.11%,0.01%,0.17%,0.01%,0.03%,0.01%,0.07%,0.01,1.44,0.01,0.74,0.01,0.59,0.01,0.60,0.01,0.39,0.01,0.30,0.01,0.27,0.01,0.20,0.01,0.16,0.01,0.15,0.01,0.12,0.01,0.09,113.88,115.60,116.16,0.89,0.98,1.47,2.51%,0.51,0.12%,1.70%,0.05%,1.38%,0.04%,0.76%,0.03%,0.66%,0.02%,0.36%,0.02%,0.38%,0.01%,0.30%,0.01%,0.21%,0.01%,0.10%,0.01%,0.12%,0.01%,0.10%,0.01%,0.02%,0.01,0.40,0.00,0.27,0.00,0.14,0.00,0.04,0.00,0.05,0.00,0.06,0.00,0.03,0.00,0.01,0.00,0.02,0.00,0.02,0.00,0.01,0.00,0.00,227.24,230.40,231.36,0.00,0.00,0.00,2.48%,0.00,0.12%,1.70%,0.05%,1.33%,0.04%,0.74%,0.03%,0.72%,0.02%,0.35%,0.02%,0.34%,0.01%,0.33%,0.01%,0.17%,0.01%,0.09%,0.01%,0.14%,0.01%,0.06%,0.01%,0.03%,0.00,0.00,0.00,0.00,0.00,0.00,0.00,0.00,0.00,0.00,0.00,0.00,0.00,0.00,0.00,0.00,0.00,0.00,0.00,0.00,0.00,0.00,0.00,0.00,528,0.840,444,36,59.96,60.00,60.05
28-Jul-2018 14:50:00,10.000,Y,114.20,115.70,116.24,3.50,3.79,9.25,2.45%,2.01,0.15%,1.68%,0.05%,1.27%,0.04%,0.70%,0.03%,0.77%,0.02%,0.35%,0.02%,0.32%,0.02%,0.39%,0.02%,0.13%,0.01%,0.12%,0.01%,0.17%,0.01%,0.03%,0.01%,0.06%,0.01,1.48,0.01,0.77,0.01,0.62,0.01,0.63,0.01,0.42,0.01,0.33,0.01,0.29,0.01,0.21,0.01,0.16,0.01,0.15,0.01,0.11,0.01,0.08,113.96,115.58,116.26,0.90,0.97,1.45,2.60%,0.50,0.15%,1.81%,0.06%,1.41%,0.04%,0.76%,0.03%,0.64%,0.02%,0.35%,0.02%,0.40%,0.02%,0.31%,0.02%,0.20%,0.01%,0.11%,0.01%,0.11%,0.01%,0.09%,0.01%,0.03%,0.00,0.39,0.00,0.26,0.00,0.14,0.00,0.04,0.00,0.04,0.00,0.05,0.00,0.04,0.00,0.01,0.00,0.02,0.00,0.02,0.00,0.02,0.00,0.00,227.60,230.52,231.58,0.00,0.00,0.00,2.52%,0.00,0.15%,1.75%,0.05%,1.34%,0.04%,0.72%,0.03%,0.70%,0.02%,0.35%,0.02%,0.35%,0.02%,0.35%,0.01%,0.17%,0.01%,0.09%,0.01%,0.14%,0.01%,0.06%,0.01%,0.03%,0.00,0.00,0.00,0.00,0.00,0.00,0.00,0.00,0.00,0.00,0.00,0.00,0.00,0.00,0.00,0.00,0.00,0.00,0.00,0.00,0.00,0.00,0.00,0.00,552,0.837,456,36,59.94,60.01,60.07
28-Jul-2018 15:00:00,10.000,Y,114.12,115.80,116.42,3.39,3.76,9.83,2.48%,2.00,0.15%,1.70%,0.06%,1.27%,0.04%,0.72%,0.03%,0.78%,0.03%,0.36%,0.02%,0.35%,0.02%,0.40%,0.02%,0.13%,0.01%,0.12%,0.01%,0.18%,0.01%,0.03%,0.01%,0.07%,0.01,1.46,0.01,0.76,0.01,0.62,0.01,0.63,0.01,0.42,0.01,0.33,0.01,0.30,0.01,0.22,0.01,0.16,0.01,0.14,0.01,0.10,0.01,0.07,114.48,115.60,116.20,0.89,0.98,1.51,2.58%,0.51,0.15%,1.74%,0.06%,1.42%,0.05%,0.81%,0.04%,0.65%,0.03%,0.37%,0.02%,0.42%,0.02%,0.30%,0.02%,0.21%,0.01%,0.12%,0.01%,0.12%,0.01%,0.10%,0.01%,0.03%,0.01,0.40,0.00,0.27,0.00,0.14,0.00,0.03,0.00,0.05,0.00,0.06,0.00,0.03,0.00,0.00,0.00,0.02,0.00,0.02,0.00,0.01,0.00,0.00,228.28,230.62,231.72,0.00,0.00,0.00,2.52%,0.00,0.15%,1.72%,0.06%,1.35%,0.04%,0.76%,0.03%,0.71%,0.03%,0.36%,0.02%,0.37%,0.02%,0.35%,0.02%,0.17%,0.01%,0.10%,0.01%,0.15%,0.01%,0.06%,0.01%,0.04%,0.00,0.00,0.00,0.00,0.00,0.00,0.00,0.00,0.00,0.00,0.00,0.00,0.00,0.00,0.00,0.00,0.00,0.00,0.00,0.00,0.00,0.00,0.00,0.00,540,0.836,456,36,59.94,60.02,60.09
28-Jul-2018 15:10:00,10.000,Y,114.44,115.88,116.44,3.48,3.68,10.34,2.49%,1.94,0.15%,1.68%,0.05%,1.28%,0.04%,0.77%,0.03%,0.78%,0.02%,0.36%,0.02%,0.35%,0.02%,0.41%,0.02%,0.14%,0.02%,0.13%,0.01%,0.19%,0.01%,0.03%,0.01%,0.06%,0.01,1.39,0.01,0.72,0.01,0.63,0.01,0.64,0.01,0.43,0.01,0.34,0.01,0.30,0.01,0.22,0.01,0.15,0.01,0.14,0.01,0.09,0.00,0.07,114.02,115.38,116.28,0.66,0.85,1.48,2.52%,0.41,0.16%,1.66%,0.06%,1.40%,0.04%,0.83%,0.03%,0.66%,0.02%,0.37%,0.02%,0.41%,0.02%,0.31%,0.02%,0.22%,0.02%,0.11%,0.01%,0.12%,0.01%,0.11%,0.01%,0.04%,0.00,0.31,0.00,0.22,0.00,0.13,0.00,0.05,0.00,0.03,0.00,0.04,0.00,0.03,0.00,0.01,0.00,0.02,0.00,0.01,0.00,0.01,0.00,0.01,228.04,230.46,231.54,0.00,0.00,0.00,2.49%,0.00,0.16%,1.67%,0.06%,1.34%,0.03%,0.79%,0.03%,0.71%,0.02%,0.36%,0.02%,0.36%,0.02%,0.36%,0.02%,0.18%,0.01%,0.09%,0.01%,0.15%,0.01%,0.07%,0.01%,0.03%,0.00,0.00,0.00,0.00,0.00,0.00,0.00,0.00,0.00,0.00,0.00,0.00,0.00,0.00,0.00,0.00,0.00,0.00,0.00,0.00,0.00,0.00,0.00,0.00,516,0.840,444,36,59.96,60.01,60.06
28-Jul-2018 15:20:00,10.000,Y,114.22,115.76,116.28,3.49,3.83,4.07,2.48%,2.09,0.12%,1.67%,0.04%,1.28%,0.03%,0.74%,0.03%,0.81%,0.02%,0.36%,0.02%,0.35%,0.01%,0.41%,0.01%,0.14%,0.01%,0.12%,0.01%,0.18%,0.01%,0.03%,0.01%,0.06%,0.01,1.49,0.01,0.78,0.01,0.68,0.01,0.70,0.01,0.46,0.01,0.36,0.01,0.33,0.01,0.23,0.01,0.16,0.01,0.14,0.01,0.10,0.00,0.07,114.60,115.76,116.32,0.52,0.72,1.21,2.56%,0.32,0.13%,1.69%,0.04%,1.43%,0.03%,0.79%,0.02%,0.69%,0.02%,0.37%,0.02%,0.41%,0.02%,0.32%,0.01%,0.22%,0.01%,0.10%,0.01%,0.11%,0.01%,0.12%,0.01%,0.04%,0.00,0.23,0.00,0.17,0.00,0.11,0.00,0.06,0.00,0.02,0.00,0.03,0.00,0.04,0.00,0.02,0.00,0.01,0.00,0.01,0.00,0.01,0.00,0.01,228.96,230.74,231.66,0.00,0.00,0.00,2.51%,0.00,0.12%,1.68%,0.04%,1.35%,0.03%,0.76%,0.02%,0.74%,0.02%,0.36%,0.02%,0.37%,0.01%,0.36%,0.01%,0.18%,0.01%,0.09%,0.01%,0.15%,0.01%,0.07%,0.01%,0.03%,0.00,0.00,0.00,0.00,0.00,0.00,0.00,0.00,0.00,0.00,0.00,0.00,0.00,0.00,0.00,0.00,0.00,0.00,0.00,0.00,0.00,0.00,0.00,0.00,528,0.834,432,36,59.94,60.00,60.05
28-Jul-2018 15:30:00,10.000,Y,114.92,115.90,116.56,3.50,3.89,8.65,2.47%,2.14,0.14%,1.64%,0.06%,1.26%,0.05%,0.73%,0.04%,0.83%,0.03%,0.38%,0.02%,0.35%,0.02%,0.42%,0.02%,0.14%,0.02%,0.12%,0.01%,0.19%,0.01%,0.04%,0.01%,0.07%,0.01,1.52,0.01,0.81,0.01,0.69,0.01,0.72,0.01,0.48,0.01,0.37,0.01,0.33,0.01,0.25,0.01,0.16,0.01,0.14,0.01,0.09,0.00,0.07,114.78,115.90,116.54,0.65,0.74,1.30,2.54%,0.34,0.15%,1.65%,0.06%,1.41%,0.05%,0.81%,0.04%,0.72%,0.03%,0.38%,0.02%,0.40%,0.02%,0.33%,0.02%,0.22%,0.01%,0.13%,0.01%,0.12%,0.01%,0.12%,0.01%,0.06%,0.00,0.25,0.00,0.18,0.00,0.12,0.00,0.06,0.00,0.02,0.00,0.04,0.00,0.04,0.00,0.02,0.00,0.01,0.00,0.01,0.00,0.01,0.00,0.01,229.52,231.02,232.14,0.00,0.00,0.00,2.49%,0.00,0.15%,1.65%,0.06%,1.34%,0.05%,0.77%,0.04%,0.77%,0.03%,0.38%,0.02%,0.36%,0.02%,0.37%,0.02%,0.17%,0.01%,0.09%,0.01%,0.16%,0.01%,0.08%,0.01%,0.04%,0.00,0.00,0.00,0.00,0.00,0.00,0.00,0.00,0.00,0.00,0.00,0.00,0.00,0.00,0.00,0.00,0.00,0.00,0.00,0.00,0.00,0.00,0.00,0.00,528,0.832,444,36,59.96,60.01,60.05
28-Jul-2018 15:40:00,10.000,Y,114.48,116.00,116.72,3.59,6.37,19.49,2.56%,2.55,0.10%,1.71%,0.07%,1.33%,0.07%,0.71%,0.06%,0.88%,0.04%,0.39%,0.02%,0.36%,0.01%,0.43%,0.01%,0.15%,0.01%,0.12%,0.01%,0.20%,0.01%,0.05%,0.01%,0.08%,0.08,2.01,0.04,0.68,0.02,0.70,0.01,0.71,0.01,0.48,0.01,0.37,0.01,0.33,0.01,0.24,0.01,0.17,0.01,0.15,0.00,0.10,0.00,0.08,115.46,116.46,117.00,0.47,0.64,1.15,2.57%,0.26,0.11%,1.64%,0.08%,1.43%,0.07%,0.80%,0.06%,0.79%,0.04%,0.41%,0.02%,0.44%,0.02%,0.33%,0.01%,0.24%,0.01%,0.14%,0.01%,0.11%,0.01%,0.14%,0.01%,0.06%,0.00,0.19,0.00,0.14,0.00,0.09,0.00,0.04,0.00,0.03,0.00,0.04,0.00,0.04,0.00,0.02,0.00,0.01,0.00,0.01,0.00,0.01,0.00,0.01,229.72,231.66,232.72,0.00,0.00,0.00,2.55%,0.00,0.11%,1.67%,0.07%,1.38%,0.07%,0.75%,0.06%,0.83%,0.04%,0.39%,0.02%,0.38%,0.01%,0.38%,0.01%,0.19%,0.01%,0.10%,0.01%,0.16%,0.01%,0.09%,0.01%,0.05%,0.00,0.00,0.00,0.00,0.00,0.00,0.00,0.00,0.00,0.00,0.00,0.00,0.00,0.00,0.00,0.00,0.00,0.00,0.00,0.00,0.00,0.00,0.00,0.00,804,0.865,720,48,59.95,59.98,60.02
28-Jul-2018 15:50:00,10.000,Y,114.42,115.66,116.28,3.41,7.23,20.79,2.57%,2.69,0.11%,1.75%,0.05%,1.33%,0.04%,0.72%,0.03%,0.82%,0.02%,0.40%,0.02%,0.35%,0.02%,0.41%,0.01%,0.14%,0.01%,0.13%,0.01%,0.18%,0.01%,0.03%,0.01%,0.08%,0.15,2.28,0.05,0.52,0.03,0.67,0.01,0.64,0.01,0.45,0.01,0.32,0.01,0.30,0.01,0.21,0.01,0.16,0.01,0.15,0.01,0.10,0.00,0.08,114.96,116.10,116.70,0.47,0.70,1.30,2.54%,0.30,0.11%,1.63%,0.05%,1.41%,0.04%,0.83%,0.03%,0.74%,0.02%,0.41%,0.02%,0.42%,0.02%,0.33%,0.01%,0.23%,0.01%,0.14%,0.01%,0.12%,0.01%,0.13%,0.01%,0.06%,0.00,0.22,0.00,0.16,0.00,0.10,0.00,0.04,0.00,0.03,0.00,0.04,0.00,0.04,0.00,0.02,0.00,0.01,0.00,0.01,0.00,0.01,0.00,0.01,229.72,230.98,231.80,0.00,0.00,0.00,2.55%,0.00,0.11%,1.69%,0.05%,1.37%,0.04%,0.77%,0.03%,0.78%,0.02%,0.40%,0.02%,0.38%,0.01%,0.37%,0.01%,0.19%,0.01%,0.11%,0.01%,0.15%,0.01%,0.08%,0.01%,0.06%,0.00,0.00,0.00,0.00,0.00,0.00,0.00,0.00,0.00,0.00,0.00,0.00,0.00,0.00,0.00,0.00,0.00,0.00,0.00,0.00,0.00,0.00,0.00,0.00,912,0.881,828,48,59.95,59.99,60.07
28-Jul-2018 16:00:00,10.000,Y,114.10,115.86,116.44,3.45,4.58,10.75,2.52%,2.07,0.13%,1.71%,0.05%,1.29%,0.03%,0.70%,0.03%,0.82%,0.02%,0.44%,0.02%,0.33%,0.02%,0.40%,0.02%,0.16%,0.01%,0.13%,0.01%,0.19%,0.01%,0.03%,0.01%,0.09%,0.03,1.48,0.01,0.78,0.01,0.69,0.01,0.69,0.01,0.43,0.01,0.32,0.01,0.29,0.01,0.22,0.01,0.17,0.01,0.17,0.01,0.12,0.01,0.09,114.72,115.84,116.32,0.63,0.74,1.46,2.47%,0.33,0.13%,1.59%,0.05%,1.38%,0.03%,0.79%,0.02%,0.71%,0.02%,0.40%,0.02%,0.41%,0.02%,0.32%,0.02%,0.21%,0.01%,0.12%,0.01%,0.12%,0.01%,0.12%,0.01%,0.06%,0.00,0.25,0.00,0.18,0.00,0.11,0.00,0.05,0.00,0.03,0.00,0.04,0.00,0.04,0.00,0.02,0.00,0.01,0.00,0.01,0.00,0.01,0.00,0.01,228.94,230.94,231.84,0.00,0.00,0.00,2.48%,0.00,0.13%,1.65%,0.05%,1.33%,0.03%,0.74%,0.02%,0.76%,0.02%,0.42%,0.02%,0.36%,0.02%,0.36%,0.01%,0.18%,0.01%,0.11%,0.01%,0.15%,0.01%,0.07%,0.01%,0.06%,0.00,0.00,0.00,0.00,0.00,0.00,0.00,0.00,0.00,0.00,0.00,0.00,0.00,0.00,0.00,0.00,0.00,0.00,0.00,0.00,0.00,0.00,0.00,0.00,612,0.852,528,36,59.95,60.00,60.06
28-Jul-2018 16:10:00,10.000,Y,113.36,115.72,116.56,4.84,5.67,12.03,2.51%,2.81,0.14%,1.71%,0.05%,1.24%,0.03%,0.70%,0.03%,0.86%,0.02%,0.44%,0.02%,0.32%,0.02%,0.41%,0.02%,0.17%,0.01%,0.12%,0.01%,0.19%,0.01%,0.03%,0.01%,0.09%,0.02,2.10,0.01,1.10,0.01,0.92,0.01,0.88,0.01,0.53,0.01,0.37,0.01,0.33,0.01,0.22,0.01,0.17,0.01,0.17,0.01,0.11,0.01,0.09,114.92,116.14,116.74,0.64,0.73,1.31,2.47%,0.33,0.14%,1.57%,0.05%,1.39%,0.03%,0.79%,0.02%,0.70%,0.02%,0.40%,0.02%,0.42%,0.02%,0.33%,0.02%,0.22%,0.02%,0.11%,0.01%,0.12%,0.01%,0.11%,0.01%,0.06%,0.00,0.25,0.00,0.18,0.00,0.11,0.00,0.05,0.00,0.02,0.00,0.04,0.00,0.04,0.00,0.02,0.00,0.01,0.00,0.01,0.00,0.01,0.00,0.01,228.44,231.08,232.40,0.00,0.00,0.00,2.47%,0.00,0.14%,1.64%,0.05%,1.31%,0.03%,0.74%,0.02%,0.77%,0.02%,0.42%,0.02%,0.36%,0.02%,0.36%,0.02%,0.20%,0.01%,0.09%,0.01%,0.16%,0.01%,0.07%,0.01%,0.06%,0.00,0.00,0.00,0.00,0.00,0.00,0.00,0.00,0.00,0.00,0.00,0.00,0.00,0.00,0.00,0.00,0.00,0.00,0.00,0.00,0.00,0.00,0.00,0.00,744,-0.848,636,0,59.95,60.01,60.06
28-Jul-2018 16:20:00,10.000,Y,114.82,115.98,116.54,4.85,5.63,11.88,2.52%,2.77,0.12%,1.72%,0.04%,1.27%,0.03%,0.67%,0.02%,0.85%,0.02%,0.44%,0.02%,0.32%,0.02%,0.41%,0.01%,0.17%,0.01%,0.11%,0.01%,0.18%,0.01%,0.04%,0.01%,0.08%,0.01,2.07,0.01,1.09,0.01,0.90,0.01,0.86,0.01,0.53,0.01,0.38,0.01,0.33,0.01,0.22,0.01,0.15,0.01,0.16,0.01,0.10,0.00,0.09,114.86,115.98,116.94,0.64,0.74,1.25,2.50%,0.33,0.12%,1.57%,0.04%,1.43%,0.03%,0.81%,0.02%,0.72%,0.02%,0.41%,0.02%,0.42%,0.02%,0.33%,0.01%,0.22%,0.01%,0.11%,0.01%,0.13%,0.01%,0.11%,0.01%,0.05%,0.00,0.24,0.00,0.18,0.00,0.11,0.00,0.05,0.00,0.02,0.00,0.04,0.00,0.04,0.00,0.02,0.00,0.01,0.00,0.01,0.00,0.01,0.00,0.01,229.68,231.18,232.52,0.00,0.00,0.00,2.49%,0.00,0.12%,1.65%,0.04%,1.35%,0.03%,0.73%,0.02%,0.78%,0.02%,0.42%,0.02%,0.36%,0.02%,0.36%,0.01%,0.19%,0.01%,0.09%,0.01%,0.15%,0.01%,0.07%,0.01%,0.05%,0.00,0.00,0.00,0.00,0.00,0.00,0.00,0.00,0.00,0.00,0.00,0.00,0.00,0.00,0.00,0.00,0.00,0.00,0.00,0.00,0.00,0.00,0.00,0.00,732,-0.870,624,0,59.96,60.00,60.05
28-Jul-2018 16:30:00,10.000,Y,114.52,115.86,116.60,4.90,5.67,17.04,2.52%,2.85,0.15%,1.74%,0.06%,1.25%,0.04%,0.67%,0.03%,0.85%,0.03%,0.44%,0.02%,0.30%,0.02%,0.42%,0.02%,0.18%,0.01%,0.10%,0.01%,0.19%,0.01%,0.04%,0.01%,0.07%,0.02,2.13,0.02,1.13,0.01,0.93,0.02,0.89,0.02,0.55,0.01,0.40,0.01,0.34,0.01,0.22,0.01,0.13,0.01,0.14,0.01,0.08,0.01,0.08,115.02,116.20,117.14,0.64,0.75,1.31,2.52%,0.34,0.16%,1.59%,0.06%,1.41%,0.04%,0.81%,0.03%,0.74%,0.02%,0.42%,0.02%,0.42%,0.02%,0.35%,0.02%,0.24%,0.02%,0.11%,0.01%,0.14%,0.01%,0.12%,0.01%,0.05%,0.00,0.25,0.00,0.18,0.00,0.11,0.00,0.05,0.00,0.02,0.00,0.04,0.00,0.04,0.00,0.02,0.00,0.01,0.00,0.01,0.00,0.01,0.00,0.01,229.42,231.26,232.74,0.00,0.00,0.00,2.51%,0.00,0.15%,1.67%,0.06%,1.33%,0.04%,0.74%,0.03%,0.78%,0.02%,0.43%,0.02%,0.34%,0.02%,0.38%,0.01%,0.21%,0.01%,0.08%,0.01%,0.16%,0.01%,0.08%,0.01%,0.04%,0.00,0.00,0.00,0.00,0.00,0.00,0.00,0.00,0.00,0.00,0.00,0.00,0.00,0.00,0.00,0.00,0.00,0.00,0.00,0.00,0.00,0.00,0.00,0.00,744,-0.848,636,0,59.96,60.02,60.08
28-Jul-2018 16:40:00,10.000,Y,114.38,116.02,116.50,5.49,6.15,12.23,2.52%,3.21,0.09%,1.75%,0.04%,1.23%,0.02%,0.62%,0.02%,0.88%,0.02%,0.47%,0.01%,0.29%,0.01%,0.43%,0.01%,0.20%,0.01%,0.08%,0.01%,0.19%,0.01%,0.05%,0.01%,0.06%,0.02,2.39,0.02,1.29,0.01,1.05,0.01,1.00,0.01,0.63,0.01,0.44,0.01,0.38,0.01,0.24,0.01,0.14,0.01,0.14,0.01,0.08,0.00,0.08,114.84,116.18,116.76,0.63,0.73,1.21,2.51%,0.33,0.09%,1.61%,0.04%,1.40%,0.02%,0.78%,0.02%,0.74%,0.02%,0.43%,0.02%,0.41%,0.01%,0.33%,0.01%,0.25%,0.01%,0.10%,0.01%,0.12%,0.01%,0.13%,0.01%,0.05%,0.00,0.24,0.00,0.18,0.00,0.11,0.00,0.05,0.00,0.02,0.00,0.04,0.00,0.04,0.00,0.02,0.00,0.01,0.00,0.01,0.00,0.01,0.00,0.01,228.70,231.42,232.24,0.00,0.00,0.00,2.50%,0.00,0.09%,1.68%,0.04%,1.32%,0.02%,0.70%,0.02%,0.81%,0.02%,0.44%,0.01%,0.34%,0.01%,0.38%,0.01%,0.22%,0.01%,0.07%,0.01%,0.16%,0.01%,0.09%,0.01%,0.04%,0.00,0.00,0.00,0.00,0.00,0.00,0.00,0.00,0.00,0.00,0.00,0.00,0.00,0.00,0.00,0.00,0.00,0.00,0.00,0.00,0.00,0.00,0.00,0.00,792,-0.831,672,0,59.93,59.98,60.03
28-Jul-2018 16:50:00,10.000,Y,114.48,115.86,116.34,5.54,6.24,12.51,2.56%,3.28,0.14%,1.79%,0.05%,1.24%,0.03%,0.58%,0.03%,0.90%,0.02%,0.49%,0.02%,0.28%,0.02%,0.44%,0.02%,0.21%,0.01%,0.09%,0.01%,0.20%,0.01%,0.05%,0.01%,0.06%,0.02,2.44,0.01,1.32,0.01,1.06,0.02,1.02,0.02,0.64,0.01,0.45,0.01,0.38,0.01,0.25,0.01,0.14,0.01,0.15,0.01,0.09,0.01,0.08,115.16,116.38,117.02,0.63,0.73,1.23,2.55%,0.33,0.14%,1.66%,0.05%,1.41%,0.03%,0.76%,0.03%,0.78%,0.02%,0.43%,0.02%,0.41%,0.02%,0.33%,0.02%,0.24%,0.01%,0.13%,0.01%,0.12%,0.01%,0.13%,0.01%,0.08%,0.00,0.24,0.00,0.18,0.00,0.11,0.00,0.05,0.00,0.03,0.00,0.04,0.00,0.04,0.00,0.02,0.00,0.01,0.00,0.01,0.00,0.01,0.00,0.01,229.76,231.46,232.30,0.00,0.00,0.00,2.54%,0.00,0.14%,1.72%,0.05%,1.32%,0.03%,0.66%,0.03%,0.83%,0.02%,0.45%,0.02%,0.33%,0.02%,0.38%,0.01%,0.22%,0.01%,0.08%,0.01%,0.16%,0.01%,0.09%,0.01%,0.05%,0.00,0.00,0.00,0.00,0.00,0.00,0.00,0.00,0.00,0.00,0.00,0.00,0.00,0.00,0.00,0.00,0.00,0.00,0.00,0.00,0.00,0.00,0.00,0.00,804,-0.830,672,0,59.96,60.01,60.06
28-Jul-2018 17:00:00,10.000,Y,114.58,116.00,116.76,5.57,6.49,12.71,2.60%,3.48,0.14%,1.83%,0.05%,1.25%,0.03%,0.56%,0.03%,0.94%,0.02%,0.53%,0.02%,0.26%,0.02%,0.45%,0.02%,0.22%,0.01%,0.08%,0.01%,0.20%,0.01%,0.06%,0.01%,0.07%,0.02,2.59,0.02,1.41,0.02,1.12,0.02,1.08,0.02,0.69,0.01,0.46,0.01,0.39,0.01,0.25,0.01,0.14,0.01,0.15,0.01,0.09,0.01,0.08,115.22,116.38,117.04,0.64,0.73,1.19,2.56%,0.34,0.14%,1.65%,0.05%,1.40%,0.03%,0.76%,0.03%,0.79%,0.02%,0.44%,0.02%,0.41%,0.02%,0.33%,0.02%,0.25%,0.01%,0.13%,0.01%,0.12%,0.01%,0.14%,0.01%,0.08%,0.00,0.25,0.00,0.18,0.00,0.11,0.00,0.05,0.00,0.03,0.00,0.04,0.00,0.04,0.00,0.02,0.00,0.01,0.00,0.01,0.00,0.01,0.00,0.01,229.70,231.60,232.74,0.00,0.00,0.00,2.56%,0.00,0.14%,1.74%,0.05%,1.32%,0.03%,0.65%,0.03%,0.86%,0.02%,0.48%,0.02%,0.32%,0.02%,0.38%,0.02%,0.23%,0.01%,0.08%,0.01%,0.16%,0.01%,0.09%,0.01%,0.05%,0.00,0.00,0.00,0.00,0.00,0.00,0.00,0.00,0.00,0.00,0.00,0.00,0.00,0.00,0.00,0.00,0.00,0.00,0.00,0.00,0.00,0.00,0.00,0.00,840,-0.824,696,-12,59.95,60.01,60.06
28-Jul-2018 17:10:00,10.000,Y,114.62,116.18,116.76,5.86,6.50,12.80,2.60%,3.58,0.11%,1.84%,0.04%,1.25%,0.03%,0.53%,0.02%,0.94%,0.02%,0.51%,0.02%,0.23%,0.02%,0.46%,0.01%,0.23%,0.01%,0.07%,0.01%,0.20%,0.01%,0.06%,0.01%,0.07%,0.02,2.66,0.01,1.46,0.01,1.14,0.02,1.11,0.02,0.72,0.01,0.48,0.01,0.40,0.01,0.25,0.01,0.13,0.01,0.14,0.01,0.09,0.00,0.08,114.72,116.38,116.98,0.63,0.73,1.22,2.58%,0.34,0.12%,1.69%,0.05%,1.40%,0.03%,0.72%,0.02%,0.83%,0.02%,0.46%,0.02%,0.39%,0.02%,0.36%,0.01%,0.24%,0.01%,0.13%,0.01%,0.12%,0.01%,0.13%,0.01%,0.08%,0.00,0.25,0.00,0.18,0.00,0.11,0.00,0.05,0.00,0.03,0.00,0.04,0.00,0.04,0.00,0.02,0.00,0.01,0.00,0.01,0.00,0.01,0.00,0.01,228.56,231.78,232.78,0.00,0.00,0.00,2.57%,0.00,0.11%,1.76%,0.05%,1.32%,0.03%,0.62%,0.02%,0.87%,0.02%,0.48%,0.02%,0.30%,0.02%,0.40%,0.01%,0.23%,0.01%,0.08%,0.01%,0.16%,0.01%,0.09%,0.01%,0.06%,0.00,0.00,0.00,0.00,0.00,0.00,0.00,0.00,0.00,0.00,0.00,0.00,0.00,0.00,0.00,0.00,0.00,0.00,0.00,0.00,0.00,0.00,0.00,0.00,840,-0.818,696,-12,59.95,59.99,60.04
28-Jul-2018 17:20:00,10.000,Y,114.96,116.30,116.92,6.08,6.70,12.80,2.63%,3.73,0.13%,1.86%,0.05%,1.23%,0.03%,0.52%,0.03%,0.98%,0.03%,0.56%,0.02%,0.20%,0.02%,0.46%,0.01%,0.24%,0.01%,0.05%,0.01%,0.19%,0.01%,0.07%,0.01%,0.07%,0.02,2.78,0.02,1.53,0.02,1.20,0.02,1.17,0.02,0.77,0.02,0.49,0.01,0.39,0.01,0.24,0.01,0.11,0.01,0.13,0.01,0.09,0.00,0.09,114.86,116.20,116.74,0.64,0.73,1.23,2.60%,0.34,0.13%,1.72%,0.05%,1.40%,0.03%,0.70%,0.03%,0.84%,0.02%,0.48%,0.02%,0.38%,0.02%,0.37%,0.01%,0.23%,0.01%,0.13%,0.01%,0.12%,0.01%,0.13%,0.01%,0.09%,0.00,0.24,0.00,0.18,0.00,0.11,0.00,0.05,0.00,0.02,0.00,0.04,0.00,0.04,0.00,0.02,0.00,0.01,0.00,0.01,0.00,0.01,0.00,0.01,229.06,231.72,232.68,0.00,0.00,0.00,2.60%,0.00,0.13%,1.79%,0.05%,1.32%,0.03%,0.59%,0.03%,0.90%,0.02%,0.52%,0.02%,0.27%,0.02%,0.41%,0.01%,0.23%,0.01%,0.07%,0.01%,0.15%,0.01%,0.10%,0.01%,0.06%,0.00,0.00,0.00,0.00,0.00,0.00,0.00,0.00,0.00,0.00,0.00,0.00,0.00,0.00,0.00,0.00,0.00,0.00,0.00,0.00,0.00,0.00,0.00,0.00,864,-0.813,708,-12,59.92,60.00,60.06
28-Jul-2018 17:30:00,10.000,Y,114.90,116.04,116.52,5.90,6.32,6.63,2.64%,3.71,0.12%,1.87%,0.05%,1.23%,0.03%,0.50%,0.03%,0.99%,0.02%,0.57%,0.02%,0.20%,0.02%,0.45%,0.01%,0.23%,0.01%,0.04%,0.01%,0.19%,0.01%,0.06%,0.01%,0.07%,0.02,2.76,0.01,1.54,0.01,1.19,0.02,1.15,0.02,0.75,0.01,0.46,0.01,0.37,0.01,0.23,0.01,0.10,0.01,0.13,0.01,0.09,0.00,0.10,114.62,115.86,116.54,0.65,1.20,1.80,2.65%,0.54,0.12%,1.80%,0.05%,1.38%,0.03%,0.66%,0.03%,0.89%,0.02%,0.48%,0.02%,0.37%,0.01%,0.39%,0.01%,0.23%,0.01%,0.13%,0.01%,0.13%,0.01%,0.12%,0.01%,0.09%,0.00,0.45,0.00,0.12,0.00,0.12,0.00,0.17,0.00,0.08,0.00,0.08,0.00,0.10,0.00,0.05,0.00,0.03,0.00,0.04,0.00,0.03,0.00,0.03,228.92,231.10,232.10,0.00,0.00,0.00,2.63%,0.00,0.12%,1.83%,0.05%,1.31%,0.03%,0.57%,0.03%,0.94%,0.02%,0.52%,0.02%,0.28%,0.01%,0.41%,0.01%,0.22%,0.01%,0.07%,0.01%,0.16%,0.01%,0.08%,0.01%,0.07%,0.00,0.00,0.00,0.00,0.00,0.00,0.00,0.00,0.00,0.00,0.00,0.00,0.00,0.00,0.00,0.00,0.00,0.00,0.00,0.00,0.00,0.00,0.00,0.00,864,-0.811,708,-24,59.95,60.00,60.06
28-Jul-2018 17:40:00,10.000,Y,114.48,116.12,116.70,5.57,6.00,6.51,2.67%,3.48,0.10%,1.89%,0.04%,1.27%,0.03%,0.50%,0.02%,1.00%,0.02%,0.54%,0.02%,0.22%,0.01%,0.44%,0.01%,0.23%,0.01%,0.05%,0.01%,0.19%,0.01%,0.07%,0.01%,0.07%,0.02,2.60,0.01,1.46,0.01,1.11,0.01,1.06,0.01,0.68,0.01,0.43,0.01,0.35,0.01,0.22,0.01,0.10,0.00,0.12,0.00,0.08,0.00,0.09,114.54,115.94,116.58,0.65,0.87,1.59,2.65%,0.40,0.10%,1.81%,0.04%,1.42%,0.03%,0.63%,0.02%,0.86%,0.02%,0.45%,0.01%,0.38%,0.01%,0.35%,0.01%,0.25%,0.01%,0.13%,0.01%,0.10%,0.01%,0.13%,0.01%,0.08%,0.00,0.31,0.00,0.18,0.00,0.11,0.00,0.08,0.00,0.04,0.00,0.04,0.00,0.06,0.00,0.03,0.00,0.01,0.00,0.02,0.00,0.02,0.00,0.01,228.28,231.28,232.38,0.00,0.00,0.00,2.64%,0.00,0.10%,1.85%,0.04%,1.34%,0.03%,0.56%,0.02%,0.93%,0.02%,0.49%,0.01%,0.29%,0.01%,0.39%,0.01%,0.24%,0.01%,0.07%,0.01%,0.15%,0.01%,0.09%,0.01%,0.06%,0.00,0.00,0.00,0.00,0.00,0.00,0.00,0.00,0.00,0.00,0.00,0.00,0.00,0.00,0.00,0.00,0.00,0.00,0.00,0.00,0.00,0.00,0.00,0.00,792,-0.813,648,-12,59.95,59.99,60.04
28-Jul-2018 17:50:00,10.000,Y,114.60,115.96,116.54,5.84,6.18,6.62,2.71%,3.63,0.11%,1.96%,0.04%,1.28%,0.03%,0.45%,0.03%,1.01%,0.02%,0.54%,0.02%,0.20%,0.01%,0.44%,0.01%,0.24%,0.01%,0.05%,0.01%,0.19%,0.01%,0.07%,0.01%,0.06%,0.02,2.71,0.01,1.55,0.01,1.14,0.02,1.09,0.01,0.72,0.01,0.45,0.01,0.36,0.01,0.24,0.01,0.11,0.00,0.12,0.00,0.08,0.00,0.08,114.80,115.98,116.88,0.64,0.73,1.19,2.66%,0.33,0.11%,1.83%,0.04%,1.40%,0.03%,0.61%,0.02%,0.90%,0.02%,0.45%,0.02%,0.39%,0.02%,0.34%,0.01%,0.25%,0.01%,0.15%,0.01%,0.09%,0.01%,0.12%,0.01%,0.09%,0.00,0.24,0.00,0.18,0.00,0.11,0.00,0.05,0.00,0.02,0.00,0.03,0.00,0.04,0.00,0.02,0.00,0.01,0.00,0.01,0.00,0.01,0.00,0.01,229.42,231.16,232.04,0.00,0.00,0.00,2.67%,0.00,0.11%,1.90%,0.04%,1.33%,0.03%,0.52%,0.02%,0.95%,0.02%,0.49%,0.02%,0.29%,0.01%,0.39%,0.01%,0.24%,0.01%,0.08%,0.01%,0.14%,0.01%,0.08%,0.01%,0.06%,0.00,0.00,0.00,0.00,0.00,0.00,0.00,0.00,0.00,0.00,0.00,0.00,0.00,0.00,0.00,0.00,0.00,0.00,0.00,0.00,0.00,0.00,0.00,0.00,804,-0.806,648,-12,59.96,59.99,60.03
28-Jul-2018 18:00:00,10.000,Y,114.46,115.74,116.16,4.94,5.45,6.87,2.77%,3.06,0.15%,2.03%,0.06%,1.31%,0.04%,0.43%,0.03%,1.00%,0.02%,0.52%,0.02%,0.22%,0.02%,0.42%,0.02%,0.23%,0.01%,0.05%,0.01%,0.18%,0.01%,0.06%,0.01%,0.06%,0.01,2.33,0.02,1.30,0.02,0.93,0.02,0.89,0.02,0.57,0.01,0.36,0.01,0.28,0.01,0.19,0.01,0.09,0.01,0.11,0.01,0.08,0.01,0.08,114.74,116.14,116.84,0.63,0.76,1.32,2.75%,0.35,0.15%,1.90%,0.06%,1.41%,0.04%,0.62%,0.03%,0.96%,0.02%,0.48%,0.02%,0.40%,0.02%,0.35%,0.02%,0.26%,0.01%,0.16%,0.01%,0.11%,0.01%,0.12%,0.01%,0.10%,0.00,0.26,0.00,0.19,0.00,0.11,0.00,0.05,0.00,0.03,0.00,0.04,0.00,0.04,0.00,0.02,0.00,0.01,0.00,0.01,0.00,0.01,0.00,0.01,228.60,231.08,232.06,0.00,0.00,0.00,2.75%,0.00,0.15%,1.97%,0.06%,1.36%,0.04%,0.52%,0.03%,0.97%,0.02%,0.50%,0.02%,0.30%,0.02%,0.38%,0.01%,0.25%,0.01%,0.09%,0.01%,0.14%,0.01%,0.09%,0.01%,0.06%,0.00,0.00,0.00,0.00,0.00,0.00,0.00,0.00,0.00,0.00,0.00,0.00,0.00,0.00,0.00,0.00,0.00,0.00,0.00,0.00,0.00,0.00,0.00,0.00,720,-0.824,588,0,59.98,60.02,60.07
28-Jul-2018 18:10:00,10.000,Y,114.42,115.60,116.10,4.68,5.27,6.18,2.95%,2.89,0.13%,2.09%,0.05%,1.49%,0.03%,0.45%,0.03%,1.19%,0.02%,0.45%,0.02%,0.27%,0.02%,0.40%,0.02%,0.17%,0.01%,0.08%,0.01%,0.15%,0.01%,0.05%,0.01%,0.08%,0.02,2.23,0.01,1.25,0.01,0.87,0.01,0.80,0.01,0.49,0.01,0.29,0.01,0.22,0.01,0.14,0.01,0.07,0.01,0.10,0.01,0.08,0.00,0.07,114.86,115.84,116.32,0.48,0.76,1.31,2.99%,0.36,0.13%,1.99%,0.05%,1.60%,0.03%,0.62%,0.03%,1.17%,0.02%,0.48%,0.02%,0.40%,0.02%,0.34%,0.02%,0.24%,0.01%,0.14%,0.01%,0.09%,0.01%,0.14%,0.01%,0.07%,0.00,0.27,0.00,0.19,0.00,0.10,0.00,0.03,0.00,0.03,0.00,0.04,0.00,0.03,0.00,0.01,0.00,0.01,0.00,0.02,0.00,0.01,0.00,0.01,229.04,230.66,231.54,0.00,0.00,0.00,2.96%,0.00,0.13%,2.04%,0.05%,1.55%,0.03%,0.53%,0.03%,1.17%,0.02%,0.46%,0.02%,0.32%,0.02%,0.36%,0.02%,0.20%,0.01%,0.09%,0.01%,0.12%,0.01%,0.09%,0.01%,0.05%,0.00,0.00,0.00,0.00,0.00,0.00,0.00,0.00,0.00,0.00,0.00,0.00,0.00,0.00,0.00,0.00,0.00,0.00,0.00,0.00,0.00,0.00,0.00,0.00,696,-0.830,576,0,59.94,60.00,60.08
28-Jul-2018 18:20:00,10.000,Y,114.28,115.64,116.18,4.96,5.75,6.12,3.08%,3.25,0.11%,2.21%,0.04%,1.52%,0.03%,0.47%,0.02%,1.27%,0.02%,0.40%,0.02%,0.25%,0.02%,0.38%,0.01%,0.15%,0.01%,0.08%,0.01%,0.15%,0.01%,0.03%,0.01%,0.07%,0.02,2.51,0.01,1.43,0.01,0.99,0.01,0.88,0.01,0.54,0.01,0.30,0.01,0.22,0.01,0.15,0.00,0.07,0.01,0.11,0.01,0.09,0.00,0.08,114.30,115.88,116.42,0.48,0.58,0.90,3.09%,0.21,0.11%,2.11%,0.04%,1.62%,0.03%,0.64%,0.03%,1.24%,0.02%,0.43%,0.02%,0.38%,0.02%,0.29%,0.01%,0.23%,0.01%,0.14%,0.01%,0.09%,0.01%,0.13%,0.01%,0.05%,0.00,0.15,0.00,0.12,0.00,0.07,0.00,0.04,0.00,0.02,0.00,0.02,0.00,0.02,0.00,0.01,0.00,0.01,0.00,0.01,0.00,0.00,0.00,0.01,228.82,230.72,231.72,0.00,0.00,0.00,3.07%,0.00,0.11%,2.16%,0.04%,1.57%,0.03%,0.55%,0.02%,1.25%,0.02%,0.41%,0.02%,0.30%,0.01%,0.33%,0.01%,0.18%,0.01%,0.08%,0.01%,0.12%,0.01%,0.07%,0.01%,0.03%,0.00,0.00,0.00,0.00,0.00,0.00,0.00,0.00,0.00,0.00,0.00,0.00,0.00,0.00,0.00,0.00,0.00,0.00,0.00,0.00,0.00,0.00,0.00,0.00,732,-0.823,600,0,59.92,59.99,60.05
28-Jul-2018 18:30:00,10.000,Y,114.20,115.54,115.98,0.94,4.84,5.86,3.16%,2.64,0.16%,2.27%,0.06%,1.59%,0.04%,0.46%,0.03%,1.25%,0.03%,0.42%,0.02%,0.27%,0.02%,0.37%,0.02%,0.17%,0.02%,0.08%,0.01%,0.15%,0.01%,0.04%,0.01%,0.06%,0.02,2.04,0.01,1.15,0.01,0.79,0.01,0.71,0.01,0.44,0.01,0.24,0.01,0.18,0.01,0.11,0.00,0.06,0.00,0.10,0.01,0.08,0.00,0.07,114.10,115.62,116.26,0.24,0.63,1.28,3.17%,0.28,0.15%,2.19%,0.06%,1.68%,0.04%,0.62%,0.03%,1.25%,0.03%,0.42%,0.02%,0.39%,0.02%,0.29%,0.02%,0.20%,0.02%,0.16%,0.01%,0.07%,0.01%,0.12%,0.01%,0.06%,0.00,0.21,0.00,0.15,0.00,0.09,0.00,0.04,0.00,0.02,0.00,0.03,0.00,0.03,0.00,0.02,0.00,0.01,0.00,0.01,0.00,0.01,0.00,0.01,227.50,230.38,231.22,0.00,0.00,0.00,3.15%,0.00,0.16%,2.23%,0.06%,1.64%,0.04%,0.53%,0.03%,1.24%,0.03%,0.42%,0.02%,0.32%,0.02%,0.33%,0.02%,0.18%,0.01%,0.09%,0.01%,0.11%,0.01%,0.07%,0.01%,0.03%,0.00,0.00,0.00,0.00,0.00,0.00,0.00,0.00,0.00,0.00,0.00,0.00,0.00,0.00,0.00,0.00,0.00,0.00,0.00,0.00,0.00,0.00,0.00,0.00,624,-0.893,528,0,59.97,60.02,60.06
28-Jul-2018 18:40:00,10.000,Y,114.92,116.00,116.32,0.93,1.01,1.07,3.02%,0.16,0.13%,2.10%,0.05%,1.67%,0.04%,0.53%,0.03%,1.11%,0.03%,0.37%,0.02%,0.30%,0.02%,0.30%,0.01%,0.16%,0.01%,0.06%,0.01%,0.13%,0.01%,0.07%,0.01%,0.03%,0.01,0.12,0.00,0.04,0.00,0.03,0.00,0.09,0.00,0.03,0.00,0.04,0.00,0.02,0.00,0.00,0.00,0.01,0.00,0.00,0.00,0.00,0.00,0.00,114.54,115.58,115.98,0.00,0.00,0.33,3.27%,0.00,0.13%,2.28%,0.05%,1.71%,0.04%,0.60%,0.03%,1.29%,0.03%,0.43%,0.02%,0.40%,0.02%,0.30%,0.01%,0.19%,0.01%,0.15%,0.01%,0.10%,0.01%,0.10%,0.01%,0.06%,0.00,0.00,0.00,0.00,0.00,0.00,0.00,0.00,0.00,0.00,0.00,0.00,0.00,0.00,0.00,0.00,0.00,0.00,0.00,0.00,0.00,0.00,0.00,0.00,229.54,230.80,231.40,0.00,0.00,0.00,3.14%,0.00,0.13%,2.19%,0.05%,1.69%,0.04%,0.56%,0.03%,1.19%,0.03%,0.40%,0.02%,0.35%,0.02%,0.29%,0.01%,0.18%,0.01%,0.10%,0.01%,0.10%,0.01%,0.08%,0.01%,0.03%,0.00,0.00,0.00,0.00,0.00,0.00,0.00,0.00,0.00,0.00,0.00,0.00,0.00,0.00,0.00,0.00,0.00,0.00,0.00,0.00,0.00,0.00,0.00,0.00,120,0.675,84,84,59.94,60.00,60.07
28-Jul-2018 18:50:00,10.000,Y,114.80,116.12,116.66,0.93,1.01,1.07,3.04%,0.16,0.10%,2.13%,0.04%,1.65%,0.03%,0.53%,0.02%,1.13%,0.02%,0.37%,0.01%,0.31%,0.01%,0.30%,0.01%,0.16%,0.01%,0.07%,0.01%,0.12%,0.01%,0.07%,0.01%,0.03%,0.01,0.11,0.00,0.04,0.00,0.03,0.00,0.09,0.00,0.03,0.00,0.04,0.00,0.02,0.00,0.00,0.00,0.01,0.00,0.00,0.00,0.00,0.00,0.00,114.88,115.78,116.18,0.00,0.00,0.32,3.27%,0.00,0.10%,2.30%,0.04%,1.68%,0.03%,0.64%,0.02%,1.29%,0.02%,0.41%,0.02%,0.41%,0.02%,0.27%,0.01%,0.20%,0.01%,0.17%,0.01%,0.06%,0.01%,0.11%,0.01%,0.06%,0.00,0.00,0.00,0.00,0.00,0.00,0.00,0.00,0.00,0.00,0.00,0.00,0.00,0.00,0.00,0.00,0.00,0.00,0.00,0.00,0.00,0.00,0.00,0.00,229.54,231.10,231.98,0.00,0.00,0.00,3.15%,0.00,0.10%,2.22%,0.04%,1.67%,0.03%,0.59%,0.02%,1.21%,0.02%,0.39%,0.01%,0.36%,0.01%,0.28%,0.01%,0.18%,0.01%,0.11%,0.01%,0.08%,0.01%,0.09%,0.01%,0.03%,0.00,0.00,0.00,0.00,0.00,0.00,0.00,0.00,0.00,0.00,0.00,0.00,0.00,0.00,0.00,0.00,0.00,0.00,0.00,0.00,0.00,0.00,0.00,0.00,120,0.671,84,84,59.93,59.99,60.05
28-Jul-2018 19:00:00,10.000,Y,115.34,116.42,116.90,0.93,1.01,1.07,3.01%,0.16,0.15%,2.12%,0.05%,1.60%,0.04%,0.53%,0.03%,1.15%,0.03%,0.37%,0.02%,0.30%,0.02%,0.30%,0.01%,0.16%,0.01%,0.05%,0.01%,0.10%,0.01%,0.06%,0.01%,0.03%,0.01,0.11,0.00,0.04,0.00,0.03,0.00,0.09,0.00,0.03,0.00,0.04,0.00,0.02,0.00,0.00,0.00,0.01,0.00,0.00,0.00,0.00,0.00,0.00,115.10,116.02,116.64,0.00,0.00,0.33,3.17%,0.00,0.15%,2.24%,0.05%,1.62%,0.04%,0.61%,0.03%,1.26%,0.03%,0.39%,0.02%,0.39%,0.02%,0.22%,0.01%,0.19%,0.01%,0.16%,0.01%,0.03%,0.01%,0.08%,0.01%,0.07%,0.00,0.00,0.00,0.00,0.00,0.00,0.00,0.00,0.00,0.00,0.00,0.00,0.00,0.00,0.00,0.00,0.00,0.00,0.00,0.00,0.00,0.00,0.00,0.00,230.26,231.66,232.72,0.00,0.00,0.00,3.08%,0.00,0.15%,2.18%,0.05%,1.61%,0.04%,0.57%,0.03%,1.20%,0.02%,0.38%,0.02%,0.34%,0.02%,0.26%,0.01%,0.17%,0.01%,0.10%,0.01%,0.05%,0.01%,0.07%,0.01%,0.04%,0.00,0.00,0.00,0.00,0.00,0.00,0.00,0.00,0.00,0.00,0.00,0.00,0.00,0.00,0.00,0.00,0.00,0.00,0.00,0.00,0.00,0.00,0.00,0.00,120,0.670,84,84,59.97,60.01,60.06
28-Jul-2018 19:10:00,10.000,Y,115.76,116.64,116.96,0.93,1.01,1.07,3.05%,0.16,0.12%,2.15%,0.04%,1.65%,0.03%,0.54%,0.03%,1.14%,0.02%,0.38%,0.02%,0.31%,0.01%,0.30%,0.01%,0.16%,0.01%,0.07%,0.01%,0.11%,0.01%,0.06%,0.01%,0.03%,0.01,0.11,0.00,0.04,0.00,0.03,0.00,0.09,0.00,0.03,0.00,0.04,0.00,0.02,0.00,0.00,0.00,0.01,0.00,0.00,0.00,0.00,0.00,0.00,115.48,116.40,116.80,0.00,0.00,0.32,3.26%,0.00,0.12%,2.32%,0.04%,1.65%,0.03%,0.60%,0.03%,1.29%,0.02%,0.41%,0.02%,0.40%,0.01%,0.25%,0.01%,0.20%,0.01%,0.18%,0.01%,0.03%,0.01%,0.09%,0.01%,0.06%,0.00,0.00,0.00,0.00,0.00,0.00,0.00,0.00,0.00,0.00,0.00,0.00,0.00,0.00,0.00,0.00,0.00,0.00,0.00,0.00,0.00,0.00,0.00,0.00,230.94,232.26,232.84,0.00,0.00,0.00,3.15%,0.00,0.12%,2.23%,0.04%,1.65%,0.03%,0.57%,0.03%,1.22%,0.02%,0.39%,0.02%,0.34%,0.01%,0.27%,0.01%,0.18%,0.01%,0.11%,0.01%,0.06%,0.01%,0.08%,0.01%,0.03%,0.00,0.00,0.00,0.00,0.00,0.00,0.00,0.00,0.00,0.00,0.00,0.00,0.00,0.00,0.00,0.00,0.00,0.00,0.00,0.00,0.00,0.00,0.00,0.00,120,0.669,84,84,59.93,59.99,60.05
28-Jul-2018 19:20:00,10.000,Y,115.84,116.78,117.06,0.93,1.01,1.07,3.08%,0.16,0.12%,2.16%,0.04%,1.67%,0.03%,0.54%,0.03%,1.15%,0.02%,0.41%,0.02%,0.30%,0.02%,0.30%,0.01%,0.16%,0.01%,0.07%,0.01%,0.11%,0.01%,0.06%,0.01%,0.03%,0.01,0.11,0.00,0.04,0.00,0.03,0.00,0.09,0.00,0.03,0.00,0.04,0.00,0.02,0.00,0.00,0.00,0.01,0.00,0.00,0.00,0.00,0.00,0.00,115.84,116.78,117.14,0.00,0.00,0.32,3.23%,0.00,0.12%,2.25%,0.04%,1.65%,0.03%,0.62%,0.03%,1.32%,0.02%,0.42%,0.02%,0.38%,0.02%,0.26%,0.01%,0.20%,0.01%,0.17%,0.01%,0.04%,0.01%,0.10%,0.01%,0.05%,0.00,0.00,0.00,0.00,0.00,0.00,0.00,0.00,0.00,0.00,0.00,0.00,0.00,0.00,0.00,0.00,0.00,0.00,0.00,0.00,0.00,0.00,0.00,0.00,231.76,232.76,233.36,0.00,0.00,0.00,3.15%,0.00,0.12%,2.20%,0.04%,1.66%,0.03%,0.58%,0.03%,1.23%,0.02%,0.41%,0.02%,0.34%,0.01%,0.27%,0.01%,0.18%,0.01%,0.10%,0.01%,0.07%,0.01%,0.08%,0.01%,0.03%,0.00,0.00,0.00,0.00,0.00,0.00,0.00,0.00,0.00,0.00,0.00,0.00,0.00,0.00,0.00,0.00,0.00,0.00,0.00,0.00,0.00,0.00,0.00,0.00,120,0.668,84,84,59.95,60.00,60.07
28-Jul-2018 19:30:00,10.000,Y,115.94,116.86,117.16,0.93,1.01,1.06,3.02%,0.16,0.12%,2.11%,0.04%,1.63%,0.03%,0.53%,0.03%,1.16%,0.02%,0.42%,0.02%,0.29%,0.01%,0.29%,0.01%,0.15%,0.01%,0.07%,0.01%,0.10%,0.01%,0.06%,0.01%,0.04%,0.01,0.11,0.00,0.04,0.00,0.03,0.00,0.09,0.00,0.03,0.00,0.04,0.00,0.02,0.00,0.00,0.00,0.01,0.00,0.00,0.00,0.00,0.00,0.00,115.82,116.84,117.16,0.00,0.00,0.37,3.25%,0.00,0.12%,2.28%,0.05%,1.65%,0.03%,0.62%,0.03%,1.32%,0.02%,0.44%,0.02%,0.38%,0.01%,0.26%,0.01%,0.21%,0.01%,0.17%,0.01%,0.04%,0.01%,0.10%,0.01%,0.06%,0.00,0.00,0.00,0.00,0.00,0.00,0.00,0.00,0.00,0.00,0.00,0.00,0.00,0.00,0.00,0.00,0.00,0.00,0.00,0.00,0.00,0.00,0.00,0.00,231.52,232.92,233.46,0.00,0.00,0.00,3.13%,0.00,0.12%,2.19%,0.05%,1.64%,0.03%,0.57%,0.03%,1.24%,0.02%,0.43%,0.02%,0.33%,0.01%,0.27%,0.01%,0.18%,0.01%,0.11%,0.01%,0.07%,0.01%,0.08%,0.01%,0.03%,0.00,0.00,0.00,0.00,0.00,0.00,0.00,0.00,0.00,0.00,0.00,0.00,0.00,0.00,0.00,0.00,0.00,0.00,0.00,0.00,0.00,0.00,0.00,0.00,120,0.665,84,84,59.95,59.99,60.06
28-Jul-2018 19:40:00,10.000,Y,115.90,116.94,117.36,0.92,1.00,1.07,3.01%,0.16,0.11%,2.11%,0.04%,1.62%,0.03%,0.53%,0.02%,1.15%,0.02%,0.40%,0.02%,0.31%,0.02%,0.28%,0.01%,0.15%,0.01%,0.07%,0.01%,0.10%,0.01%,0.06%,0.01%,0.04%,0.01,0.11,0.00,0.03,0.00,0.03,0.00,0.09,0.00,0.03,0.00,0.04,0.00,0.02,0.00,0.00,0.00,0.01,0.00,0.00,0.00,0.00,0.00,0.00,115.04,116.20,116.84,0.00,0.00,0.32,3.40%,0.00,0.11%,2.45%,0.05%,1.68%,0.03%,0.60%,0.02%,1.34%,0.02%,0.46%,0.02%,0.38%,0.02%,0.31%,0.01%,0.23%,0.01%,0.15%,0.01%,0.08%,0.01%,0.10%,0.01%,0.06%,0.00,0.00,0.00,0.00,0.00,0.00,0.00,0.00,0.00,0.00,0.00,0.00,0.00,0.00,0.00,0.00,0.00,0.00,0.00,0.00,0.00,0.00,0.00,0.00,230.88,232.34,232.98,0.00,0.00,0.00,3.20%,0.00,0.11%,2.28%,0.04%,1.65%,0.03%,0.56%,0.02%,1.24%,0.02%,0.42%,0.02%,0.34%,0.01%,0.29%,0.01%,0.19%,0.01%,0.10%,0.01%,0.09%,0.01%,0.08%,0.01%,0.03%,0.00,0.00,0.00,0.00,0.00,0.00,0.00,0.00,0.00,0.00,0.00,0.00,0.00,0.00,0.00,0.00,0.00,0.00,0.00,0.00,0.00,0.00,0.00,0.00,120,0.660,72,84,59.94,59.99,60.05
28-Jul-2018 19:50:00,10.000,Y,116.06,117.20,117.68,0.92,1.00,1.07,3.06%,0.16,0.09%,2.13%,0.03%,1.64%,0.02%,0.56%,0.02%,1.17%,0.02%,0.41%,0.01%,0.31%,0.01%,0.29%,0.01%,0.16%,0.01%,0.08%,0.01%,0.09%,0.01%,0.06%,0.01%,0.04%,0.01,0.11,0.00,0.03,0.00,0.03,0.00,0.09,0.00,0.03,0.00,0.04,0.00,0.02,0.00,0.00,0.00,0.01,0.00,0.00,0.00,0.00,0.00,0.00,114.66,116.00,116.80,0.00,0.00,0.32,3.44%,0.00,0.09%,2.50%,0.04%,1.74%,0.02%,0.60%,0.02%,1.29%,0.02%,0.41%,0.02%,0.42%,0.01%,0.28%,0.01%,0.21%,0.01%,0.15%,0.01%,0.09%,0.01%,0.12%,0.01%,0.04%,0.00,0.00,0.00,0.00,0.00,0.00,0.00,0.00,0.00,0.00,0.00,0.00,0.00,0.00,0.00,0.00,0.00,0.00,0.00,0.00,0.00,0.00,0.00,0.00,230.44,232.42,233.52,0.00,0.00,0.00,3.24%,0.00,0.09%,2.32%,0.04%,1.69%,0.02%,0.58%,0.02%,1.23%,0.02%,0.41%,0.01%,0.36%,0.01%,0.28%,0.01%,0.18%,0.01%,0.11%,0.01%,0.09%,0.01%,0.09%,0.01%,0.03%,0.00,0.00,0.00,0.00,0.00,0.00,0.00,0.00,0.00,0.00,0.00,0.00,0.00,0.00,0.00,0.00,0.00,0.00,0.00,0.00,0.00,0.00,0.00,0.00,120,0.658,72,84,59.94,59.98,60.03
28-Jul-2018 20:00:00,10.000,Y,115.94,117.14,117.72,0.92,1.00,1.07,3.11%,0.16,0.12%,2.20%,0.05%,1.66%,0.03%,0.53%,0.03%,1.18%,0.02%,0.42%,0.02%,0.30%,0.01%,0.30%,0.01%,0.17%,0.01%,0.08%,0.01%,0.10%,0.01%,0.06%,0.01%,0.05%,0.01,0.12,0.00,0.03,0.00,0.03,0.00,0.09,0.00,0.03,0.00,0.04,0.00,0.02,0.00,0.00,0.00,0.01,0.00,0.00,0.00,0.00,0.00,0.00,115.54,116.38,116.84,0.00,0.00,0.32,3.39%,0.00,0.12%,2.45%,0.05%,1.72%,0.03%,0.60%,0.03%,1.27%,0.02%,0.40%,0.02%,0.45%,0.02%,0.29%,0.01%,0.20%,0.01%,0.13%,0.01%,0.07%,0.01%,0.12%,0.01%,0.06%,0.00,0.00,0.00,0.00,0.00,0.00,0.00,0.00,0.00,0.00,0.00,0.00,0.00,0.00,0.00,0.00,0.00,0.00,0.00,0.00,0.00,0.00,0.00,0.00,231.16,232.72,233.58,0.00,0.00,0.00,3.24%,0.00,0.12%,2.32%,0.05%,1.69%,0.03%,0.56%,0.03%,1.22%,0.02%,0.41%,0.02%,0.37%,0.01%,0.28%,0.01%,0.18%,0.01%,0.09%,0.01%,0.08%,0.01%,0.08%,0.01%,0.03%,0.00,0.00,0.00,0.00,0.00,0.00,0.00,0.00,0.00,0.00,0.00,0.00,0.00,0.00,0.00,0.00,0.00,0.00,0.00,0.00,0.00,0.00,0.00,0.00,120,0.658,72,84,59.96,60.00,60.06
28-Jul-2018 20:10:00,10.000,Y,116.28,117.14,117.54,0.04,0.82,1.07,3.10%,0.13,0.13%,2.19%,0.05%,1.66%,0.03%,0.55%,0.03%,1.18%,0.02%,0.39%,0.02%,0.30%,0.02%,0.30%,0.02%,0.17%,0.01%,0.07%,0.01%,0.11%,0.01%,0.05%,0.01%,0.04%,0.01,0.10,0.00,0.03,0.00,0.02,0.00,0.07,0.00,0.02,0.00,0.03,0.00,0.02,0.00,0.00,0.00,0.01,0.00,0.00,0.00,0.00,0.00,0.00,115.88,116.78,117.36,0.00,0.00,0.45,3.33%,0.00,0.13%,2.39%,0.05%,1.69%,0.03%,0.60%,0.03%,1.28%,0.02%,0.38%,0.02%,0.45%,0.02%,0.28%,0.02%,0.20%,0.01%,0.13%,0.01%,0.06%,0.01%,0.11%,0.01%,0.06%,0.00,0.00,0.00,0.00,0.00,0.00,0.00,0.00,0.00,0.00,0.00,0.00,0.00,0.00,0.00,0.00,0.00,0.00,0.00,0.00,0.00,0.00,0.00,0.00,231.98,233.14,233.96,0.00,0.00,0.00,3.21%,0.00,0.13%,2.29%,0.05%,1.67%,0.03%,0.57%,0.03%,1.22%,0.02%,0.38%,0.02%,0.37%,0.02%,0.28%,0.02%,0.18%,0.01%,0.08%,0.01%,0.08%,0.01%,0.08%,0.01%,0.03%,0.00,0.00,0.00,0.00,0.00,0.00,0.00,0.00,0.00,0.00,0.00,0.00,0.00,0.00,0.00,0.00,0.00,0.00,0.00,0.00,0.00,0.00,0.00,0.00,96,0.718,60,72,59.96,60.00,60.06
28-Jul-2018 20:20:00,10.000,Y,116.14,117.32,117.94,0.00,0.00,0.16,3.05%,0.00,0.12%,2.11%,0.04%,1.66%,0.03%,0.57%,0.03%,1.18%,0.02%,0.37%,0.02%,0.31%,0.01%,0.30%,0.01%,0.16%,0.01%,0.07%,0.01%,0.10%,0.01%,0.05%,0.01%,0.04%,0.00,0.00,0.00,0.00,0.00,0.00,0.00,0.00,0.00,0.00,0.00,0.00,0.00,0.00,0.00,0.00,0.00,0.00,0.00,0.00,0.00,0.00,0.00,0.00,115.16,116.92,117.38,0.00,0.00,0.33,3.25%,0.00,0.12%,2.30%,0.05%,1.66%,0.03%,0.59%,0.03%,1.27%,0.02%,0.37%,0.02%,0.44%,0.02%,0.26%,0.02%,0.18%,0.01%,0.12%,0.01%,0.05%,0.01%,0.10%,0.01%,0.06%,0.00,0.00,0.00,0.00,0.00,0.00,0.00,0.00,0.00,0.00,0.00,0.00,0.00,0.00,0.00,0.00,0.00,0.00,0.00,0.00,0.00,0.00,0.00,0.00,230.80,233.44,234.42,0.00,0.00,0.00,3.14%,0.00,0.12%,2.21%,0.04%,1.66%,0.03%,0.58%,0.03%,1.22%,0.02%,0.37%,0.02%,0.37%,0.01%,0.27%,0.01%,0.17%,0.01%,0.08%,0.01%,0.08%,0.01%,0.07%,0.01%,0.03%,0.00,0.00,0.00,0.00,0.00,0.00,0.00,0.00,0.00,0.00,0.00,0.00,0.00,0.00,0.00,0.00,0.00,0.00,0.00,0.00,0.00,0.00,0.00,0.00,0,1.000,0,0,59.97,60.00,60.05
28-Jul-2018 20:30:00,10.000,Y,115.80,116.84,117.30,0.00,0.00,0.16,3.13%,0.00,0.12%,2.14%,0.04%,1.76%,0.04%,0.55%,0.03%,1.18%,0.02%,0.36%,0.02%,0.32%,0.02%,0.31%,0.01%,0.14%,0.01%,0.07%,0.01%,0.09%,0.01%,0.04%,0.01%,0.03%,0.00,0.00,0.00,0.00,0.00,0.00,0.00,0.00,0.00,0.00,0.00,0.00,0.00,0.00,0.00,0.00,0.00,0.00,0.00,0.00,0.00,0.00,0.00,0.00,115.28,116.44,117.02,0.00,0.00,0.32,3.31%,0.00,0.12%,2.31%,0.04%,1.77%,0.03%,0.60%,0.03%,1.28%,0.02%,0.36%,0.02%,0.45%,0.02%,0.26%,0.01%,0.16%,0.01%,0.10%,0.01%,0.05%,0.01%,0.09%,0.01%,0.06%,0.00,0.00,0.00,0.00,0.00,0.00,0.00,0.00,0.00,0.00,0.00,0.00,0.00,0.00,0.00,0.00,0.00,0.00,0.00,0.00,0.00,0.00,0.00,0.00,231.10,232.48,233.48,0.00,0.00,0.00,3.21%,0.00,0.12%,2.22%,0.04%,1.76%,0.03%,0.58%,0.03%,1.23%,0.02%,0.36%,0.02%,0.38%,0.02%,0.28%,0.01%,0.15%,0.01%,0.07%,0.01%,0.07%,0.01%,0.07%,0.01%,0.02%,0.00,0.00,0.00,0.00,0.00,0.00,0.00,0.00,0.00,0.00,0.00,0.00,0.00,0.00,0.00,0.00,0.00,0.00,0.00,0.00,0.00,0.00,0.00,0.00,0,1.000,0,0,59.94,60.00,60.05
28-Jul-2018 20:40:00,10.000,Y,115.50,116.50,116.96,0.00,0.00,0.16,3.09%,0.00,0.10%,2.10%,0.04%,1.76%,0.03%,0.56%,0.02%,1.16%,0.02%,0.35%,0.01%,0.32%,0.01%,0.31%,0.01%,0.13%,0.01%,0.07%,0.01%,0.09%,0.01%,0.04%,0.01%,0.03%,0.00,0.00,0.00,0.00,0.00,0.00,0.00,0.00,0.00,0.00,0.00,0.00,0.00,0.00,0.00,0.00,0.00,0.00,0.00,0.00,0.00,0.00,0.00,0.00,115.06,116.28,116.78,0.00,0.00,0.32,3.32%,0.00,0.09%,2.35%,0.04%,1.76%,0.03%,0.61%,0.02%,1.26%,0.02%,0.35%,0.01%,0.43%,0.01%,0.28%,0.01%,0.18%,0.01%,0.11%,0.01%,0.06%,0.01%,0.09%,0.01%,0.05%,0.00,0.00,0.00,0.00,0.00,0.00,0.00,0.00,0.00,0.00,0.00,0.00,0.00,0.00,0.00,0.00,0.00,0.00,0.00,0.00,0.00,0.00,0.00,0.00,230.42,232.00,232.78,0.00,0.00,0.00,3.20%,0.00,0.09%,2.22%,0.04%,1.76%,0.03%,0.58%,0.02%,1.21%,0.02%,0.35%,0.01%,0.37%,0.01%,0.29%,0.01%,0.15%,0.01%,0.07%,0.01%,0.08%,0.01%,0.06%,0.01%,0.02%,0.00,0.00,0.00,0.00,0.00,0.00,0.00,0.00,0.00,0.00,0.00,0.00,0.00,0.00,0.00,0.00,0.00,0.00,0.00,0.00,0.00,0.00,0.00,0.00,0,1.000,0,0,59.90,59.98,60.05
28-Jul-2018 20:50:00,10.000,Y,115.34,116.70,117.10,0.05,0.72,13.79,3.14%,0.11,0.11%,2.10%,0.04%,1.83%,0.03%,0.57%,0.02%,1.18%,0.02%,0.36%,0.02%,0.31%,0.01%,0.32%,0.01%,0.13%,0.01%,0.07%,0.01%,0.09%,0.01%,0.05%,0.01%,0.02%,0.01,0.08,0.00,0.02,0.00,0.02,0.00,0.06,0.00,0.02,0.00,0.03,0.00,0.01,0.00,0.00,0.00,0.01,0.00,0.00,0.00,0.00,0.00,0.00,115.58,116.60,117.16,0.00,0.00,0.34,3.27%,0.00,0.11%,2.23%,0.04%,1.81%,0.03%,0.62%,0.02%,1.25%,0.02%,0.37%,0.02%,0.44%,0.02%,0.27%,0.01%,0.16%,0.01%,0.10%,0.01%,0.06%,0.01%,0.09%,0.01%,0.04%,0.00,0.00,0.00,0.00,0.00,0.00,0.00,0.00,0.00,0.00,0.00,0.00,0.00,0.00,0.00,0.00,0.00,0.00,0.00,0.00,0.00,0.00,0.00,0.00,230.76,232.50,233.16,0.00,0.00,0.00,3.20%,0.00,0.11%,2.17%,0.04%,1.82%,0.03%,0.60%,0.02%,1.21%,0.02%,0.36%,0.02%,0.37%,0.01%,0.29%,0.01%,0.15%,0.01%,0.07%,0.01%,0.07%,0.01%,0.07%,0.01%,0.02%,0.00,0.00,0.00,0.00,0.00,0.00,0.00,0.00,0.00,0.00,0.00,0.00,0.00,0.00,0.00,0.00,0.00,0.00,0.00,0.00,0.00,0.00,0.00,0.00,84,0.798,60,60,59.93,59.99,60.04
28-Jul-2018 21:00:00,10.000,Y,114.58,116.10,117.04,0.92,1.01,1.08,3.14%,0.17,0.13%,2.07%,0.05%,1.85%,0.03%,0.60%,0.03%,1.19%,0.02%,0.35%,0.02%,0.32%,0.02%,0.32%,0.01%,0.13%,0.01%,0.07%,0.01%,0.10%,0.01%,0.06%,0.01%,0.03%,0.01,0.12,0.00,0.03,0.00,0.03,0.00,0.09,0.00,0.03,0.00,0.04,0.00,0.02,0.00,0.01,0.00,0.01,0.00,0.00,0.00,0.00,0.00,0.00,115.20,117.16,117.88,0.00,0.00,0.32,3.32%,0.00,0.13%,2.24%,0.05%,1.84%,0.03%,0.67%,0.03%,1.29%,0.03%,0.36%,0.02%,0.47%,0.02%,0.27%,0.01%,0.14%,0.01%,0.12%,0.01%,0.06%,0.01%,0.09%,0.01%,0.04%,0.00,0.00,0.00,0.00,0.00,0.00,0.00,0.00,0.00,0.00,0.00,0.00,0.00,0.00,0.00,0.00,0.00,0.00,0.00,0.00,0.00,0.00,0.00,0.00,229.60,232.46,233.36,0.00,0.00,0.00,3.22%,0.00,0.13%,2.15%,0.05%,1.84%,0.03%,0.63%,0.03%,1.23%,0.02%,0.35%,0.02%,0.39%,0.02%,0.28%,0.01%,0.13%,0.01%,0.08%,0.01%,0.08%,0.01%,0.07%,0.01%,0.02%,0.00,0.00,0.00,0.00,0.00,0.00,0.00,0.00,0.00,0.00,0.00,0.00,0.00,0.00,0.00,0.00,0.00,0.00,0.00,0.00,0.00,0.00,0.00,0.00,120,0.667,72,84,59.96,60.00,60.06
28-Jul-2018 21:10:00,10.000,Y,115.30,117.18,117.64,0.92,1.01,1.07,3.13%,0.16,0.13%,2.05%,0.05%,1.84%,0.03%,0.58%,0.03%,1.21%,0.02%,0.37%,0.02%,0.32%,0.01%,0.31%,0.01%,0.13%,0.01%,0.07%,0.01%,0.11%,0.01%,0.06%,0.01%,0.04%,0.01,0.12,0.00,0.03,0.00,0.03,0.00,0.09,0.00,0.03,0.00,0.04,0.00,0.02,0.00,0.00,0.00,0.01,0.00,0.00,0.00,0.00,0.00,0.00,116.28,117.26,117.78,0.00,0.00,0.32,3.32%,0.00,0.13%,2.20%,0.05%,1.88%,0.03%,0.69%,0.03%,1.29%,0.02%,0.35%,0.02%,0.48%,0.02%,0.27%,0.01%,0.15%,0.01%,0.12%,0.01%,0.07%,0.01%,0.10%,0.01%,0.04%,0.00,0.00,0.00,0.00,0.00,0.00,0.00,0.00,0.00,0.00,0.00,0.00,0.00,0.00,0.00,0.00,0.00,0.00,0.00,0.00,0.00,0.00,0.00,0.00,231.72,233.66,234.48,0.00,0.00,0.00,3.22%,0.00,0.13%,2.13%,0.05%,1.86%,0.03%,0.63%,0.03%,1.25%,0.02%,0.36%,0.02%,0.39%,0.02%,0.28%,0.01%,0.14%,0.01%,0.08%,0.01%,0.09%,0.01%,0.08%,0.01%,0.02%,0.00,0.00,0.00,0.00,0.00,0.00,0.00,0.00,0.00,0.00,0.00,0.00,0.00,0.00,0.00,0.00,0.00,0.00,0.00,0.00,0.00,0.00,0.00,0.00,120,0.660,72,84,59.96,60.00,60.05
28-Jul-2018 21:20:00,10.000,Y,116.32,117.38,117.84,0.93,1.01,1.07,3.13%,0.16,0.14%,2.08%,0.05%,1.83%,0.04%,0.59%,0.03%,1.18%,0.03%,0.35%,0.02%,0.32%,0.02%,0.30%,0.01%,0.13%,0.01%,0.08%,0.01%,0.12%,0.01%,0.06%,0.01%,0.04%,0.01,0.12,0.00,0.03,0.00,0.03,0.00,0.09,0.00,0.03,0.00,0.04,0.00,0.02,0.00,0.00,0.00,0.01,0.00,0.00,0.00,0.00,0.00,0.00,116.58,117.50,117.96,0.00,0.00,0.32,3.31%,0.00,0.14%,2.20%,0.05%,1.86%,0.04%,0.70%,0.03%,1.29%,0.03%,0.33%,0.02%,0.48%,0.02%,0.28%,0.01%,0.15%,0.01%,0.12%,0.01%,0.09%,0.01%,0.10%,0.01%,0.04%,0.00,0.00,0.00,0.00,0.00,0.00,0.00,0.00,0.00,0.00,0.00,0.00,0.00,0.00,0.00,0.00,0.00,0.00,0.00,0.00,0.00,0.00,0.00,0.00,232.72,234.08,234.90,0.00,0.00,0.00,3.21%,0.00,0.14%,2.14%,0.05%,1.84%,0.04%,0.64%,0.03%,1.23%,0.03%,0.34%,0.02%,0.40%,0.02%,0.28%,0.01%,0.14%,0.01%,0.09%,0.01%,0.10%,0.01%,0.08%,0.01%,0.02%,0.00,0.00,0.00,0.00,0.00,0.00,0.00,0.00,0.00,0.00,0.00,0.00,0.00,0.00,0.00,0.00,0.00,0.00,0.00,0.00,0.00,0.00,0.00,0.00,120,0.658,72,84,59.96,60.01,60.06
28-Jul-2018 21:30:00,10.000,Y,116.26,117.38,117.72,0.92,1.01,1.07,3.05%,0.16,0.14%,1.97%,0.05%,1.83%,0.03%,0.59%,0.03%,1.17%,0.02%,0.34%,0.02%,0.33%,0.02%,0.29%,0.02%,0.11%,0.01%,0.08%,0.01%,0.09%,0.01%,0.05%,0.01%,0.04%,0.01,0.11,0.00,0.03,0.00,0.03,0.00,0.09,0.00,0.03,0.00,0.04,0.00,0.02,0.00,0.01,0.00,0.01,0.00,0.00,0.00,0.00,0.00,0.00,116.46,117.44,117.92,0.00,0.00,0.32,3.27%,0.00,0.14%,2.15%,0.05%,1.85%,0.03%,0.67%,0.03%,1.29%,0.02%,0.34%,0.02%,0.46%,0.02%,0.28%,0.02%,0.15%,0.01%,0.10%,0.01%,0.08%,0.01%,0.09%,0.01%,0.03%,0.00,0.00,0.00,0.00,0.00,0.00,0.00,0.00,0.00,0.00,0.00,0.00,0.00,0.00,0.00,0.00,0.00,0.00,0.00,0.00,0.00,0.00,0.00,0.00,232.60,234.02,234.76,0.00,0.00,0.00,3.15%,0.00,0.14%,2.06%,0.05%,1.84%,0.03%,0.63%,0.03%,1.22%,0.02%,0.34%,0.02%,0.39%,0.02%,0.27%,0.01%,0.13%,0.01%,0.07%,0.01%,0.09%,0.01%,0.06%,0.01%,0.02%,0.00,0.00,0.00,0.00,0.00,0.00,0.00,0.00,0.00,0.00,0.00,0.00,0.00,0.00,0.00,0.00,0.00,0.00,0.00,0.00,0.00,0.00,0.00,0.00,120,0.658,72,84,59.95,60.01,60.05
28-Jul-2018 21:40:00,10.000,Y,116.52,117.70,118.22,0.92,1.01,1.07,3.00%,0.16,0.13%,1.90%,0.05%,1.81%,0.03%,0.61%,0.02%,1.18%,0.02%,0.33%,0.02%,0.34%,0.01%,0.27%,0.01%,0.10%,0.01%,0.07%,0.01%,0.08%,0.01%,0.04%,0.01%,0.03%,0.01,0.11,0.00,0.03,0.00,0.03,0.00,0.09,0.00,0.03,0.00,0.04,0.00,0.02,0.00,0.01,0.00,0.01,0.00,0.00,0.00,0.00,0.00,0.00,116.82,117.72,118.12,0.00,0.00,0.31,3.13%,0.00,0.12%,2.01%,0.05%,1.82%,0.03%,0.64%,0.03%,1.25%,0.02%,0.35%,0.02%,0.43%,0.02%,0.24%,0.01%,0.13%,0.01%,0.07%,0.01%,0.08%,0.01%,0.07%,0.01%,0.02%,0.00,0.00,0.00,0.00,0.00,0.00,0.00,0.00,0.00,0.00,0.00,0.00,0.00,0.00,0.00,0.00,0.00,0.00,0.00,0.00,0.00,0.00,0.00,0.00,233.10,234.64,235.44,0.00,0.00,0.00,3.06%,0.00,0.12%,1.95%,0.05%,1.82%,0.03%,0.62%,0.03%,1.21%,0.02%,0.33%,0.02%,0.38%,0.01%,0.25%,0.01%,0.11%,0.01%,0.06%,0.01%,0.08%,0.01%,0.05%,0.01%,0.01%,0.00,0.00,0.00,0.00,0.00,0.00,0.00,0.00,0.00,0.00,0.00,0.00,0.00,0.00,0.00,0.00,0.00,0.00,0.00,0.00,0.00,0.00,0.00,0.00,120,0.655,72,84,59.96,60.00,60.04
28-Jul-2018 21:50:00,10.000,Y,116.88,118.06,118.38,0.93,1.01,1.07,2.98%,0.16,0.14%,1.89%,0.05%,1.78%,0.03%,0.61%,0.02%,1.17%,0.02%,0.34%,0.02%,0.33%,0.02%,0.29%,0.01%,0.11%,0.01%,0.06%,0.01%,0.09%,0.01%,0.05%,0.01%,0.03%,0.01,0.11,0.00,0.03,0.00,0.03,0.00,0.09,0.00,0.03,0.00,0.04,0.00,0.02,0.00,0.00,0.00,0.01,0.00,0.00,0.00,0.00,0.00,0.00,116.96,117.96,118.50,0.00,0.00,0.32,3.10%,0.00,0.13%,1.97%,0.05%,1.83%,0.03%,0.65%,0.03%,1.21%,0.03%,0.37%,0.02%,0.42%,0.02%,0.26%,0.01%,0.14%,0.01%,0.06%,0.01%,0.09%,0.01%,0.08%,0.01%,0.02%,0.00,0.00,0.00,0.00,0.00,0.00,0.00,0.00,0.00,0.00,0.00,0.00,0.00,0.00,0.00,0.00,0.00,0.00,0.00,0.00,0.00,0.00,0.00,0.00,234.08,235.20,235.86,0.00,0.00,0.00,3.03%,0.00,0.13%,1.93%,0.05%,1.80%,0.03%,0.63%,0.03%,1.19%,0.03%,0.35%,0.02%,0.37%,0.02%,0.27%,0.01%,0.13%,0.01%,0.06%,0.01%,0.09%,0.01%,0.06%,0.01%,0.01%,0.00,0.00,0.00,0.00,0.00,0.00,0.00,0.00,0.00,0.00,0.00,0.00,0.00,0.00,0.00,0.00,0.00,0.00,0.00,0.00,0.00,0.00,0.00,0.00,120,0.654,72,84,59.96,60.01,60.07
28-Jul-2018 22:00:00,10.000,Y,116.78,117.90,118.26,0.93,1.01,1.08,2.91%,0.16,0.12%,1.82%,0.05%,1.76%,0.04%,0.57%,0.03%,1.17%,0.02%,0.32%,0.02%,0.32%,0.02%,0.29%,0.01%,0.11%,0.01%,0.06%,0.01%,0.09%,0.01%,0.05%,0.01%,0.03%,0.01,0.11,0.00,0.03,0.00,0.03,0.00,0.09,0.00,0.03,0.00,0.04,0.00,0.02,0.00,0.00,0.00,0.01,0.00,0.00,0.00,0.00,0.00,0.00,117.10,118.04,118.62,0.00,0.00,0.32,3.13%,0.00,0.13%,2.01%,0.04%,1.87%,0.04%,0.62%,0.03%,1.20%,0.02%,0.34%,0.02%,0.42%,0.02%,0.28%,0.01%,0.15%,0.01%,0.05%,0.01%,0.10%,0.01%,0.08%,0.01%,0.02%,0.00,0.00,0.00,0.00,0.00,0.00,0.00,0.00,0.00,0.00,0.00,0.00,0.00,0.00,0.00,0.00,0.00,0.00,0.00,0.00,0.00,0.00,0.00,0.00,233.44,235.14,235.92,0.00,0.00,0.00,3.02%,0.00,0.12%,1.92%,0.04%,1.82%,0.04%,0.60%,0.03%,1.18%,0.02%,0.33%,0.02%,0.36%,0.02%,0.28%,0.01%,0.13%,0.01%,0.05%,0.01%,0.09%,0.01%,0.06%,0.01%,0.01%,0.00,0.00,0.00,0.00,0.00,0.00,0.00,0.00,0.00,0.00,0.00,0.00,0.00,0.00,0.00,0.00,0.00,0.00,0.00,0.00,0.00,0.00,0.00,0.00,120,0.655,72,84,59.95,60.00,60.05
28-Jul-2018 22:10:00,10.000,Y,116.70,118.20,118.54,0.92,1.01,1.08,2.86%,0.15,0.11%,1.73%,0.04%,1.77%,0.03%,0.61%,0.02%,1.16%,0.02%,0.31%,0.02%,0.32%,0.01%,0.30%,0.01%,0.09%,0.01%,0.06%,0.01%,0.09%,0.01%,0.05%,0.01%,0.02%,0.01,0.11,0.00,0.03,0.00,0.03,0.00,0.09,0.00,0.03,0.00,0.04,0.00,0.02,0.00,0.01,0.00,0.01,0.00,0.00,0.00,0.00,0.00,0.00,117.54,118.46,118.78,0.00,0.00,0.39,3.00%,0.00,0.11%,1.83%,0.04%,1.83%,0.03%,0.65%,0.02%,1.20%,0.02%,0.35%,0.01%,0.42%,0.01%,0.28%,0.01%,0.14%,0.01%,0.05%,0.01%,0.10%,0.01%,0.07%,0.01%,0.01%,0.00,0.00,0.00,0.00,0.00,0.00,0.00,0.00,0.00,0.00,0.00,0.00,0.00,0.00,0.00,0.00,0.00,0.00,0.00,0.00,0.00,0.00,0.00,0.00,234.30,235.84,236.46,0.00,0.00,0.00,2.92%,0.00,0.11%,1.78%,0.04%,1.80%,0.03%,0.63%,0.02%,1.18%,0.02%,0.33%,0.01%,0.36%,0.01%,0.28%,0.01%,0.11%,0.01%,0.05%,0.01%,0.10%,0.01%,0.06%,0.01%,0.01%,0.00,0.00,0.00,0.00,0.00,0.00,0.00,0.00,0.00,0.00,0.00,0.00,0.00,0.00,0.00,0.00,0.00,0.00,0.00,0.00,0.00,0.00,0.00,0.00,120,0.653,72,84,59.95,59.99,60.03
28-Jul-2018 22:20:00,10.000,Y,117.70,118.58,118.98,0.93,1.01,1.08,2.82%,0.15,0.09%,1.67%,0.03%,1.74%,0.02%,0.61%,0.02%,1.20%,0.02%,0.34%,0.01%,0.31%,0.01%,0.32%,0.01%,0.10%,0.01%,0.06%,0.01%,0.11%,0.01%,0.04%,0.01%,0.03%,0.01,0.10,0.00,0.03,0.00,0.03,0.00,0.09,0.00,0.03,0.00,0.04,0.00,0.02,0.00,0.00,0.00,0.01,0.00,0.00,0.00,0.00,0.00,0.00,118.08,118.90,119.18,0.00,0.00,0.38,2.98%,0.00,0.09%,1.77%,0.03%,1.84%,0.02%,0.66%,0.02%,1.21%,0.02%,0.38%,0.01%,0.42%,0.01%,0.28%,0.01%,0.15%,0.01%,0.06%,0.01%,0.11%,0.01%,0.08%,0.01%,0.02%,0.00,0.00,0.00,0.00,0.00,0.00,0.00,0.00,0.00,0.00,0.00,0.00,0.00,0.00,0.00,0.00,0.00,0.00,0.00,0.00,0.00,0.00,0.00,0.00,235.44,236.68,237.20,0.00,0.00,0.00,2.90%,0.00,0.09%,1.72%,0.03%,1.79%,0.02%,0.64%,0.02%,1.20%,0.02%,0.36%,0.01%,0.36%,0.01%,0.30%,0.01%,0.13%,0.01%,0.05%,0.01%,0.11%,0.01%,0.06%,0.01%,0.02%,0.00,0.00,0.00,0.00,0.00,0.00,0.00,0.00,0.00,0.00,0.00,0.00,0.00,0.00,0.00,0.00,0.00,0.00,0.00,0.00,0.00,0.00,0.00,0.00,120,0.651,72,84,59.94,59.98,60.03
28-Jul-2018 22:30:00,10.000,Y,117.00,118.02,118.46,0.93,1.00,1.07,2.80%,0.15,0.10%,1.65%,0.04%,1.73%,0.03%,0.62%,0.02%,1.18%,0.02%,0.32%,0.01%,0.31%,0.01%,0.32%,0.01%,0.09%,0.01%,0.07%,0.01%,0.10%,0.01%,0.04%,0.01%,0.04%,0.01,0.10,0.00,0.03,0.00,0.03,0.00,0.09,0.00,0.03,0.00,0.04,0.00,0.02,0.00,0.00,0.00,0.01,0.00,0.00,0.00,0.00,0.00,0.00,117.24,118.20,118.94,0.00,0.00,0.32,3.03%,0.00,0.10%,1.79%,0.04%,1.90%,0.03%,0.71%,0.02%,1.19%,0.02%,0.37%,0.01%,0.44%,0.01%,0.28%,0.01%,0.15%,0.01%,0.06%,0.01%,0.11%,0.01%,0.09%,0.01%,0.02%,0.00,0.00,0.00,0.00,0.00,0.00,0.00,0.00,0.00,0.00,0.00,0.00,0.00,0.00,0.00,0.00,0.00,0.00,0.00,0.00,0.00,0.00,0.00,0.00,234.26,235.42,236.54,0.00,0.00,0.00,2.91%,0.00,0.10%,1.72%,0.04%,1.81%,0.02%,0.66%,0.02%,1.19%,0.02%,0.34%,0.01%,0.37%,0.01%,0.30%,0.01%,0.12%,0.01%,0.05%,0.01%,0.10%,0.01%,0.06%,0.01%,0.02%,0.00,0.00,0.00,0.00,0.00,0.00,0.00,0.00,0.00,0.00,0.00,0.00,0.00,0.00,0.00,0.00,0.00,0.00,0.00,0.00,0.00,0.00,0.00,0.00,120,0.649,72,84,59.94,59.99,60.04
28-Jul-2018 22:40:00,10.000,Y,116.88,118.14,118.42,0.93,1.00,1.06,2.71%,0.15,0.11%,1.56%,0.05%,1.70%,0.03%,0.62%,0.03%,1.15%,0.02%,0.30%,0.01%,0.31%,0.01%,0.30%,0.01%,0.08%,0.01%,0.07%,0.01%,0.09%,0.01%,0.03%,0.01%,0.03%,0.01,0.10,0.00,0.03,0.00,0.03,0.00,0.08,0.00,0.03,0.00,0.04,0.00,0.02,0.00,0.01,0.00,0.01,0.00,0.00,0.00,0.00,0.00,0.00,117.42,118.26,118.52,0.00,0.00,0.32,2.95%,0.00,0.11%,1.69%,0.05%,1.88%,0.03%,0.73%,0.03%,1.16%,0.02%,0.35%,0.02%,0.43%,0.01%,0.26%,0.01%,0.15%,0.01%,0.06%,0.01%,0.09%,0.01%,0.09%,0.01%,0.02%,0.00,0.00,0.00,0.00,0.00,0.00,0.00,0.00,0.00,0.00,0.00,0.00,0.00,0.00,0.00,0.00,0.00,0.00,0.00,0.00,0.00,0.00,0.00,0.00,234.20,235.58,236.06,0.00,0.00,0.00,2.82%,0.00,0.11%,1.62%,0.05%,1.78%,0.03%,0.67%,0.03%,1.15%,0.02%,0.32%,0.01%,0.36%,0.01%,0.28%,0.01%,0.11%,0.01%,0.05%,0.01%,0.09%,0.01%,0.05%,0.01%,0.01%,0.00,0.00,0.00,0.00,0.00,0.00,0.00,0.00,0.00,0.00,0.00,0.00,0.00,0.00,0.00,0.00,0.00,0.00,0.00,0.00,0.00,0.00,0.00,0.00,120,0.647,72,84,59.93,59.99,60.06
28-Jul-2018 22:50:00,10.000,Y,117.24,118.34,118.66,0.93,1.00,1.06,2.60%,0.15,0.12%,1.43%,0.05%,1.65%,0.03%,0.63%,0.03%,1.13%,0.02%,0.28%,0.01%,0.29%,0.01%,0.30%,0.01%,0.08%,0.01%,0.06%,0.01%,0.09%,0.01%,0.03%,0.01%,0.03%,0.01,0.10,0.00,0.03,0.00,0.03,0.00,0.08,0.00,0.03,0.00,0.04,0.00,0.02,0.00,0.01,0.00,0.01,0.00,0.00,0.00,0.00,0.00,0.00,117.46,118.40,118.82,0.00,0.00,0.32,2.84%,0.00,0.12%,1.57%,0.05%,1.85%,0.03%,0.70%,0.03%,1.12%,0.02%,0.36%,0.01%,0.40%,0.01%,0.26%,0.01%,0.13%,0.01%,0.04%,0.01%,0.11%,0.01%,0.06%,0.01%,0.02%,0.00,0.00,0.00,0.00,0.00,0.00,0.00,0.00,0.00,0.00,0.00,0.00,0.00,0.00,0.00,0.00,0.00,0.00,0.00,0.00,0.00,0.00,0.00,0.00,234.72,235.92,236.62,0.00,0.00,0.00,2.71%,0.00,0.12%,1.50%,0.05%,1.75%,0.03%,0.66%,0.03%,1.12%,0.02%,0.32%,0.01%,0.33%,0.01%,0.27%,0.01%,0.10%,0.01%,0.04%,0.01%,0.10%,0.01%,0.04%,0.01%,0.02%,0.00,0.00,0.00,0.00,0.00,0.00,0.00,0.00,0.00,0.00,0.00,0.00,0.00,0.00,0.00,0.00,0.00,0.00,0.00,0.00,0.00,0.00,0.00,0.00,120,0.646,72,84,59.96,60.00,60.04
28-Jul-2018 23:00:00,10.000,Y,117.52,118.64,119.12,0.93,1.00,1.06,2.57%,0.15,0.11%,1.37%,0.04%,1.66%,0.03%,0.61%,0.03%,1.12%,0.02%,0.29%,0.01%,0.30%,0.01%,0.30%,0.01%,0.06%,0.01%,0.07%,0.01%,0.09%,0.01%,0.03%,0.01%,0.04%,0.01,0.10,0.00,0.03,0.00,0.03,0.00,0.08,0.00,0.03,0.00,0.04,0.00,0.02,0.00,0.01,0.00,0.01,0.00,0.00,0.00,0.00,0.00,0.00,117.72,118.66,118.98,0.00,0.00,0.32,2.77%,0.00,0.11%,1.50%,0.04%,1.84%,0.03%,0.67%,0.03%,1.10%,0.02%,0.36%,0.01%,0.39%,0.01%,0.26%,0.01%,0.11%,0.01%,0.04%,0.01%,0.10%,0.01%,0.05%,0.01%,0.02%,0.00,0.00,0.00,0.00,0.00,0.00,0.00,0.00,0.00,0.00,0.00,0.00,0.00,0.00,0.00,0.00,0.00,0.00,0.00,0.00,0.00,0.00,0.00,0.00,234.96,236.50,237.22,0.00,0.00,0.00,2.66%,0.00,0.11%,1.43%,0.04%,1.75%,0.03%,0.64%,0.03%,1.11%,0.02%,0.32%,0.01%,0.33%,0.01%,0.28%,0.01%,0.09%,0.01%,0.05%,0.01%,0.09%,0.01%,0.04%,0.01%,0.03%,0.00,0.00,0.00,0.00,0.00,0.00,0.00,0.00,0.00,0.00,0.00,0.00,0.00,0.00,0.00,0.00,0.00,0.00,0.00,0.00,0.00,0.00,0.00,0.00,120,0.645,72,84,59.94,59.99,60.04
28-Jul-2018 23:10:00,10.000,Y,117.88,118.80,119.12,0.93,1.00,1.06,2.52%,0.14,0.09%,1.29%,0.04%,1.66%,0.03%,0.60%,0.02%,1.13%,0.02%,0.25%,0.01%,0.31%,0.01%,0.27%,0.01%,0.04%,0.01%,0.08%,0.01%,0.07%,0.01%,0.03%,0.01%,0.03%,0.01,0.10,0.00,0.03,0.00,0.03,0.00,0.08,0.00,0.03,0.00,0.04,0.00,0.02,0.00,0.01,0.00,0.01,0.00,0.00,0.00,0.00,0.00,0.00,117.76,118.80,119.12,0.00,0.00,0.32,2.69%,0.00,0.08%,1.42%,0.04%,1.79%,0.03%,0.65%,0.02%,1.11%,0.02%,0.33%,0.01%,0.38%,0.01%,0.24%,0.01%,0.09%,0.01%,0.05%,0.01%,0.09%,0.01%,0.04%,0.01%,0.02%,0.00,0.00,0.00,0.00,0.00,0.00,0.00,0.00,0.00,0.00,0.00,0.00,0.00,0.00,0.00,0.00,0.00,0.00,0.00,0.00,0.00,0.00,0.00,0.00,235.32,236.80,237.36,0.00,0.00,0.00,2.60%,0.00,0.09%,1.35%,0.04%,1.73%,0.03%,0.62%,0.02%,1.12%,0.02%,0.28%,0.01%,0.34%,0.01%,0.26%,0.01%,0.07%,0.01%,0.06%,0.01%,0.08%,0.01%,0.03%,0.01%,0.02%,0.00,0.00,0.00,0.00,0.00,0.00,0.00,0.00,0.00,0.00,0.00,0.00,0.00,0.00,0.00,0.00,0.00,0.00,0.00,0.00,0.00,0.00,0.00,0.00,120,0.643,72,84,59.94,59.98,60.02
28-Jul-2018 23:20:00,10.000,Y,117.90,118.96,119.38,0.93,1.00,1.07,2.46%,0.14,0.11%,1.22%,0.04%,1.62%,0.03%,0.61%,0.03%,1.13%,0.02%,0.24%,0.02%,0.29%,0.01%,0.27%,0.01%,0.05%,0.01%,0.07%,0.01%,0.08%,0.01%,0.04%,0.01%,0.03%,0.01,0.09,0.00,0.03,0.00,0.03,0.00,0.08,0.00,0.03,0.00,0.04,0.00,0.02,0.00,0.01,0.00,0.01,0.00,0.00,0.00,0.00,0.00,0.00,118.12,118.92,119.28,0.00,0.00,0.32,2.63%,0.00,0.11%,1.36%,0.04%,1.74%,0.03%,0.65%,0.02%,1.12%,0.02%,0.33%,0.02%,0.36%,0.01%,0.23%,0.01%,0.10%,0.01%,0.05%,0.01%,0.09%,0.01%,0.05%,0.01%,0.02%,0.00,0.00,0.00,0.00,0.00,0.00,0.00,0.00,0.00,0.00,0.00,0.00,0.00,0.00,0.00,0.00,0.00,0.00,0.00,0.00,0.00,0.00,0.00,0.00,235.82,237.08,237.78,0.00,0.00,0.00,2.53%,0.00,0.11%,1.29%,0.04%,1.68%,0.03%,0.62%,0.02%,1.12%,0.02%,0.29%,0.02%,0.32%,0.01%,0.25%,0.01%,0.07%,0.01%,0.05%,0.01%,0.08%,0.01%,0.04%,0.01%,0.02%,0.00,0.00,0.00,0.00,0.00,0.00,0.00,0.00,0.00,0.00,0.00,0.00,0.00,0.00,0.00,0.00,0.00,0.00,0.00,0.00,0.00,0.00,0.00,0.00,120,0.643,72,84,59.94,59.99,60.05
28-Jul-2018 23:30:00,10.000,Y,118.08,119.08,119.36,0.93,1.01,1.09,2.45%,0.14,0.10%,1.20%,0.04%,1.63%,0.03%,0.67%,0.02%,1.11%,0.02%,0.24%,0.01%,0.31%,0.01%,0.28%,0.01%,0.05%,0.01%,0.07%,0.01%,0.09%,0.01%,0.05%,0.01%,0.03%,0.01,0.09,0.00,0.03,0.00,0.02,0.00,0.08,0.00,0.03,0.00,0.04,0.00,0.02,0.00,0.01,0.00,0.01,0.00,0.00,0.00,0.00,0.00,0.00,118.36,119.36,120.00,0.00,0.00,0.32,2.61%,0.00,0.10%,1.32%,0.04%,1.71%,0.03%,0.69%,0.02%,1.14%,0.02%,0.34%,0.02%,0.37%,0.01%,0.25%,0.01%,0.10%,0.01%,0.06%,0.01%,0.09%,0.01%,0.06%,0.01%,0.02%,0.00,0.00,0.00,0.00,0.00,0.00,0.00,0.00,0.00,0.00,0.00,0.00,0.00,0.00,0.00,0.00,0.00,0.00,0.00,0.00,0.00,0.00,0.00,0.00,236.20,237.62,238.42,0.00,0.00,0.00,2.53%,0.00,0.10%,1.26%,0.04%,1.67%,0.03%,0.68%,0.02%,1.12%,0.02%,0.29%,0.01%,0.33%,0.01%,0.26%,0.01%,0.08%,0.01%,0.06%,0.01%,0.09%,0.01%,0.05%,0.01%,0.02%,0.00,0.00,0.00,0.00,0.00,0.00,0.00,0.00,0.00,0.00,0.00,0.00,0.00,0.00,0.00,0.00,0.00,0.00,0.00,0.00,0.00,0.00,0.00,0.00,120,0.646,72,84,59.93,59.99,60.06
28-Jul-2018 23:40:00,10.000,Y,117.80,119.24,119.58,0.94,1.01,1.08,2.42%,0.14,0.13%,1.16%,0.05%,1.60%,0.04%,0.67%,0.03%,1.09%,0.02%,0.25%,0.02%,0.32%,0.01%,0.28%,0.01%,0.04%,0.01%,0.08%,0.01%,0.08%,0.01%,0.04%,0.01%,0.03%,0.01,0.09,0.00,0.04,0.00,0.02,0.00,0.08,0.00,0.03,0.00,0.04,0.00,0.02,0.00,0.01,0.00,0.01,0.00,0.00,0.00,0.00,0.00,0.00,118.80,119.72,119.98,0.00,0.00,0.32,2.56%,0.00,0.13%,1.26%,0.05%,1.68%,0.04%,0.71%,0.03%,1.13%,0.02%,0.32%,0.02%,0.37%,0.01%,0.25%,0.01%,0.08%,0.01%,0.06%,0.01%,0.07%,0.01%,0.05%,0.01%,0.02%,0.00,0.00,0.00,0.00,0.00,0.00,0.00,0.00,0.00,0.00,0.00,0.00,0.00,0.00,0.00,0.00,0.00,0.00,0.00,0.00,0.00,0.00,0.00,0.00,236.34,238.14,238.70,0.00,0.00,0.00,2.48%,0.00,0.13%,1.21%,0.05%,1.64%,0.04%,0.69%,0.03%,1.11%,0.02%,0.28%,0.02%,0.33%,0.01%,0.26%,0.01%,0.06%,0.01%,0.06%,0.01%,0.07%,0.01%,0.04%,0.01%,0.01%,0.00,0.00,0.00,0.00,0.00,0.00,0.00,0.00,0.00,0.00,0.00,0.00,0.00,0.00,0.00,0.00,0.00,0.00,0.00,0.00,0.00,0.00,0.00,0.00,120,0.648,72,84,59.96,60.00,60.06
28-Jul-2018 23:50:00,10.000,Y,118.52,119.56,120.06,0.93,1.01,1.06,2.38%,0.14,0.09%,1.11%,0.03%,1.62%,0.03%,0.65%,0.02%,1.08%,0.02%,0.24%,0.01%,0.31%,0.01%,0.26%,0.01%,0.06%,0.01%,0.08%,0.01%,0.08%,0.01%,0.04%,0.01%,0.03%,0.01,0.09,0.00,0.03,0.00,0.03,0.00,0.08,0.00,0.03,0.00,0.04,0.00,0.02,0.00,0.01,0.00,0.01,0.00,0.00,0.00,0.00,0.00,0.00,118.52,119.50,119.78,0.00,0.00,0.32,2.45%,0.00,0.10%,1.15%,0.03%,1.68%,0.03%,0.66%,0.02%,1.07%,0.02%,0.28%,0.01%,0.34%,0.01%,0.22%,0.01%,0.08%,0.01%,0.06%,0.01%,0.07%,0.01%,0.05%,0.01%,0.01%,0.00,0.00,0.00,0.00,0.00,0.00,0.00,0.00,0.00,0.00,0.00,0.00,0.00,0.00,0.00,0.00,0.00,0.00,0.00,0.00,0.00,0.00,0.00,0.00,236.86,238.26,238.90,0.00,0.00,0.00,2.41%,0.00,0.10%,1.13%,0.03%,1.65%,0.03%,0.65%,0.02%,1.07%,0.02%,0.26%,0.01%,0.32%,0.01%,0.24%,0.01%,0.07%,0.01%,0.06%,0.01%,0.07%,0.01%,0.05%,0.01%,0.02%,0.00,0.00,0.00,0.00,0.00,0.00,0.00,0.00,0.00,0.00,0.00,0.00,0.00,0.00,0.00,0.00,0.00,0.00,0.00,0.00,0.00,0.00,0.00,0.00,120,0.641,72,96,59.95,59.98,60.02
29-Jul-2018 00:00:00,10.000,Y,118.86,119.74,120.02,0.93,1.01,1.07,2.37%,0.14,0.09%,1.04%,0.04%,1.65%,0.03%,0.66%,0.02%,1.04%,0.02%,0.25%,0.01%,0.32%,0.01%,0.24%,0.01%,0.06%,0.01%,0.07%,0.01%,0.07%,0.01%,0.03%,0.01%,0.03%,0.01,0.09,0.00,0.03,0.00,0.03,0.00,0.07,0.00,0.03,0.00,0.04,0.00,0.02,0.00,0.01,0.00,0.01,0.00,0.00,0.00,0.00,0.00,0.00,118.70,119.46,119.72,0.00,0.00,0.32,2.40%,0.00,0.09%,1.07%,0.04%,1.68%,0.03%,0.67%,0.02%,1.04%,0.02%,0.27%,0.01%,0.33%,0.01%,0.21%,0.01%,0.07%,0.01%,0.06%,0.01%,0.06%,0.01%,0.05%,0.01%,0.01%,0.00,0.00,0.00,0.00,0.00,0.00,0.00,0.00,0.00,0.00,0.00,0.00,0.00,0.00,0.00,0.00,0.00,0.00,0.00,0.00,0.00,0.00,0.00,0.00,237.24,238.38,238.92,0.00,0.00,0.00,2.38%,0.00,0.09%,1.06%,0.04%,1.67%,0.03%,0.66%,0.02%,1.04%,0.02%,0.26%,0.01%,0.32%,0.01%,0.23%,0.01%,0.06%,0.01%,0.06%,0.01%,0.06%,0.01%,0.04%,0.01%,0.02%,0.00,0.00,0.00,0.00,0.00,0.00,0.00,0.00,0.00,0.00,0.00,0.00,0.00,0.00,0.00,0.00,0.00,0.00,0.00,0.00,0.00,0.00,0.00,0.00,120,0.639,72,96,59.93,59.98,60.04
29-Jul-2018 00:10:00,10.000,Y,118.66,119.58,119.96,0.93,1.01,1.07,2.28%,0.13,0.13%,0.96%,0.05%,1.63%,0.03%,0.66%,0.02%,0.99%,0.02%,0.22%,0.02%,0.30%,0.01%,0.23%,0.01%,0.03%,0.01%,0.06%,0.01%,0.06%,0.01%,0.03%,0.01%,0.03%,0.01,0.09,0.00,0.04,0.00,0.02,0.00,0.07,0.00,0.03,0.00,0.03,0.00,0.02,0.00,0.01,0.00,0.01,0.00,0.00,0.00,0.00,0.00,0.00,118.64,119.56,120.02,0.00,0.00,0.32,2.40%,0.00,0.13%,1.04%,0.05%,1.69%,0.03%,0.71%,0.03%,1.05%,0.02%,0.27%,0.02%,0.32%,0.02%,0.21%,0.01%,0.06%,0.01%,0.06%,0.01%,0.05%,0.01%,0.06%,0.01%,0.02%,0.00,0.00,0.00,0.00,0.00,0.00,0.00,0.00,0.00,0.00,0.00,0.00,0.00,0.00,0.00,0.00,0.00,0.00,0.00,0.00,0.00,0.00,0.00,0.00,236.98,238.34,239.12,0.00,0.00,0.00,2.34%,0.00,0.13%,1.00%,0.05%,1.65%,0.03%,0.68%,0.02%,1.01%,0.02%,0.24%,0.02%,0.30%,0.01%,0.21%,0.01%,0.05%,0.01%,0.05%,0.01%,0.05%,0.01%,0.04%,0.01%,0.02%,0.00,0.00,0.00,0.00,0.00,0.00,0.00,0.00,0.00,0.00,0.00,0.00,0.00,0.00,0.00,0.00,0.00,0.00,0.00,0.00,0.00,0.00,0.00,0.00,120,0.640,72,96,59.96,60.00,60.06
29-Jul-2018 00:20:00,10.000,Y,118.94,120.02,120.60,0.94,1.01,1.07,2.30%,0.13,0.11%,0.92%,0.04%,1.65%,0.03%,0.72%,0.02%,0.99%,0.02%,0.21%,0.01%,0.30%,0.01%,0.22%,0.01%,0.05%,0.01%,0.06%,0.01%,0.05%,0.01%,0.04%,0.01%,0.03%,0.01,0.09,0.00,0.03,0.00,0.02,0.00,0.07,0.00,0.03,0.00,0.03,0.00,0.02,0.00,0.01,0.00,0.01,0.00,0.00,0.00,0.00,0.00,0.00,119.10,119.98,120.36,0.00,0.00,0.31,2.40%,0.00,0.10%,1.02%,0.04%,1.68%,0.03%,0.73%,0.02%,1.04%,0.02%,0.26%,0.01%,0.33%,0.01%,0.22%,0.01%,0.07%,0.01%,0.07%,0.01%,0.06%,0.01%,0.05%,0.01%,0.02%,0.00,0.00,0.00,0.00,0.00,0.00,0.00,0.00,0.00,0.00,0.00,0.00,0.00,0.00,0.00,0.00,0.00,0.00,0.00,0.00,0.00,0.00,0.00,0.00,237.64,239.20,240.10,0.00,0.00,0.00,2.34%,0.00,0.11%,0.97%,0.04%,1.66%,0.03%,0.72%,0.02%,1.02%,0.02%,0.23%,0.01%,0.31%,0.01%,0.22%,0.01%,0.06%,0.01%,0.06%,0.01%,0.05%,0.01%,0.04%,0.01%,0.02%,0.00,0.00,0.00,0.00,0.00,0.00,0.00,0.00,0.00,0.00,0.00,0.00,0.00,0.00,0.00,0.00,0.00,0.00,0.00,0.00,0.00,0.00,0.00,0.00,120,0.640,72,96,59.94,59.99,60.04
29-Jul-2018 00:30:00,10.000,Y,119.24,120.16,120.46,0.94,1.01,1.07,2.27%,0.13,0.12%,0.88%,0.04%,1.63%,0.03%,0.70%,0.03%,1.00%,0.02%,0.21%,0.01%,0.30%,0.01%,0.21%,0.01%,0.06%,0.01%,0.07%,0.01%,0.03%,0.01%,0.04%,0.01%,0.04%,0.01,0.09,0.00,0.04,0.00,0.02,0.00,0.07,0.00,0.03,0.00,0.03,0.00,0.02,0.00,0.01,0.00,0.01,0.00,0.00,0.00,0.00,0.00,0.00,119.32,120.14,120.44,0.00,0.00,0.31,2.35%,0.00,0.12%,0.94%,0.04%,1.68%,0.03%,0.71%,0.03%,1.02%,0.02%,0.25%,0.02%,0.33%,0.01%,0.22%,0.01%,0.06%,0.01%,0.07%,0.01%,0.07%,0.01%,0.04%,0.01%,0.03%,0.00,0.00,0.00,0.00,0.00,0.00,0.00,0.00,0.00,0.00,0.00,0.00,0.00,0.00,0.00,0.00,0.00,0.00,0.00,0.00,0.00,0.00,0.00,0.00,238.30,239.48,240.00,0.00,0.00,0.00,2.30%,0.00,0.12%,0.91%,0.04%,1.65%,0.03%,0.70%,0.03%,1.01%,0.02%,0.23%,0.01%,0.31%,0.01%,0.21%,0.01%,0.06%,0.01%,0.07%,0.01%,0.05%,0.01%,0.03%,0.01%,0.03%,0.00,0.00,0.00,0.00,0.00,0.00,0.00,0.00,0.00,0.00,0.00,0.00,0.00,0.00,0.00,0.00,0.00,0.00,0.00,0.00,0.00,0.00,0.00,0.00,120,0.637,72,96,59.94,59.99,60.05
29-Jul-2018 00:40:00,10.000,Y,119.24,120.18,120.44,0.94,1.01,1.07,2.23%,0.13,0.13%,0.82%,0.05%,1.63%,0.03%,0.69%,0.03%,0.98%,0.02%,0.21%,0.02%,0.31%,0.01%,0.22%,0.01%,0.05%,0.01%,0.07%,0.01%,0.04%,0.01%,0.04%,0.01%,0.04%,0.01,0.08,0.00,0.04,0.00,0.02,0.00,0.07,0.00,0.03,0.00,0.03,0.00,0.02,0.00,0.01,0.00,0.01,0.00,0.00,0.00,0.00,0.00,0.00,119.50,120.36,120.70,0.00,0.00,0.31,2.34%,0.00,0.13%,0.91%,0.05%,1.69%,0.03%,0.70%,0.03%,1.01%,0.02%,0.26%,0.02%,0.33%,0.01%,0.23%,0.01%,0.07%,0.01%,0.06%,0.01%,0.07%,0.01%,0.04%,0.01%,0.03%,0.00,0.00,0.00,0.00,0.00,0.00,0.00,0.00,0.00,0.00,0.00,0.00,0.00,0.00,0.00,0.00,0.00,0.00,0.00,0.00,0.00,0.00,0.00,0.00,238.40,239.72,240.20,0.00,0.00,0.00,2.28%,0.00,0.13%,0.86%,0.05%,1.66%,0.03%,0.70%,0.03%,0.99%,0.02%,0.23%,0.02%,0.31%,0.01%,0.22%,0.01%,0.06%,0.01%,0.06%,0.01%,0.05%,0.01%,0.03%,0.01%,0.03%,0.00,0.00,0.00,0.00,0.00,0.00,0.00,0.00,0.00,0.00,0.00,0.00,0.00,0.00,0.00,0.00,0.00,0.00,0.00,0.00,0.00,0.00,0.00,0.00,120,0.639,72,96,59.94,60.00,60.08
29-Jul-2018 00:50:00,10.000,Y,119.24,120.40,120.74,0.94,1.02,1.08,2.22%,0.13,0.09%,0.77%,0.04%,1.65%,0.03%,0.70%,0.02%,0.97%,0.02%,0.21%,0.01%,0.29%,0.01%,0.22%,0.01%,0.06%,0.01%,0.06%,0.01%,0.04%,0.01%,0.03%,0.01%,0.03%,0.01,0.08,0.00,0.04,0.00,0.02,0.00,0.07,0.00,0.03,0.00,0.03,0.00,0.02,0.00,0.01,0.00,0.01,0.00,0.00,0.00,0.00,0.00,0.00,119.54,120.36,120.80,0.00,0.00,0.31,2.36%,0.00,0.09%,0.87%,0.04%,1.71%,0.03%,0.74%,0.02%,1.04%,0.02%,0.27%,0.01%,0.31%,0.01%,0.24%,0.01%,0.09%,0.01%,0.06%,0.01%,0.06%,0.01%,0.05%,0.01%,0.02%,0.00,0.00,0.00,0.00,0.00,0.00,0.00,0.00,0.00,0.00,0.00,0.00,0.00,0.00,0.00,0.00,0.00,0.00,0.00,0.00,0.00,0.00,0.00,0.00,238.44,239.94,240.60,0.00,0.00,0.00,2.29%,0.00,0.09%,0.82%,0.04%,1.68%,0.03%,0.72%,0.02%,1.00%,0.02%,0.24%,0.01%,0.30%,0.01%,0.22%,0.01%,0.07%,0.01%,0.06%,0.01%,0.05%,0.01%,0.04%,0.01%,0.02%,0.00,0.00,0.00,0.00,0.00,0.00,0.00,0.00,0.00,0.00,0.00,0.00,0.00,0.00,0.00,0.00,0.00,0.00,0.00,0.00,0.00,0.00,0.00,0.00,120,0.641,72,96,59.91,59.98,60.06
29-Jul-2018 01:00:00,10.000,Y,117.14,119.86,120.08,0.94,1.01,1.10,2.17%,0.12,0.13%,0.72%,0.05%,1.62%,0.03%,0.70%,0.02%,0.92%,0.02%,0.20%,0.02%,0.28%,0.01%,0.20%,0.01%,0.05%,0.01%,0.05%,0.01%,0.05%,0.01%,0.03%,0.01%,0.03%,0.01,0.08,0.00,0.04,0.00,0.02,0.00,0.07,0.00,0.03,0.00,0.03,0.00,0.02,0.00,0.01,0.00,0.01,0.00,0.00,0.00,0.00,0.00,0.00,117.44,120.04,120.30,0.00,0.00,0.32,2.30%,0.00,0.12%,0.83%,0.05%,1.68%,0.03%,0.73%,0.03%,1.01%,0.02%,0.24%,0.02%,0.29%,0.01%,0.22%,0.01%,0.08%,0.01%,0.05%,0.01%,0.05%,0.01%,0.04%,0.01%,0.02%,0.00,0.00,0.00,0.00,0.00,0.00,0.00,0.00,0.00,0.00,0.00,0.00,0.00,0.00,0.00,0.00,0.00,0.00,0.00,0.00,0.00,0.00,0.00,0.00,233.78,239.10,239.50,0.00,0.00,0.00,2.23%,0.00,0.12%,0.78%,0.05%,1.65%,0.03%,0.71%,0.02%,0.97%,0.02%,0.22%,0.02%,0.28%,0.01%,0.21%,0.01%,0.07%,0.01%,0.04%,0.01%,0.04%,0.01%,0.03%,0.01%,0.02%,0.00,0.00,0.00,0.00,0.00,0.00,0.00,0.00,0.00,0.00,0.00,0.00,0.00,0.00,0.00,0.00,0.00,0.00,0.00,0.00,0.00,0.00,0.00,0.00,120,0.642,72,96,59.94,60.00,60.07
29-Jul-2018 01:10:00,10.000,Y,119.08,120.16,120.58,0.93,1.01,1.07,2.18%,0.12,0.11%,0.72%,0.04%,1.62%,0.03%,0.71%,0.02%,0.96%,0.02%,0.20%,0.01%,0.27%,0.01%,0.21%,0.01%,0.05%,0.01%,0.05%,0.01%,0.04%,0.01%,0.03%,0.01%,0.03%,0.01,0.08,0.00,0.04,0.00,0.02,0.00,0.07,0.00,0.03,0.00,0.03,0.00,0.02,0.00,0.01,0.00,0.01,0.00,0.00,0.00,0.00,0.00,0.00,119.12,120.14,120.56,0.00,0.00,0.31,2.28%,0.00,0.11%,0.78%,0.04%,1.68%,0.03%,0.74%,0.02%,0.99%,0.02%,0.24%,0.01%,0.28%,0.01%,0.21%,0.01%,0.07%,0.01%,0.04%,0.01%,0.05%,0.01%,0.04%,0.01%,0.02%,0.00,0.00,0.00,0.00,0.00,0.00,0.00,0.00,0.00,0.00,0.00,0.00,0.00,0.00,0.00,0.00,0.00,0.00,0.00,0.00,0.00,0.00,0.00,0.00,238.02,239.50,240.30,0.00,0.00,0.00,2.22%,0.00,0.11%,0.75%,0.04%,1.65%,0.03%,0.73%,0.02%,0.97%,0.02%,0.22%,0.01%,0.27%,0.01%,0.21%,0.01%,0.06%,0.01%,0.04%,0.01%,0.04%,0.01%,0.03%,0.01%,0.02%,0.00,0.00,0.00,0.00,0.00,0.00,0.00,0.00,0.00,0.00,0.00,0.00,0.00,0.00,0.00,0.00,0.00,0.00,0.00,0.00,0.00,0.00,0.00,0.00,120,0.638,72,96,59.96,59.99,60.03
29-Jul-2018 01:20:00,10.000,Y,119.58,120.48,120.80,0.93,1.01,1.07,2.17%,0.12,0.13%,0.70%,0.05%,1.61%,0.03%,0.72%,0.03%,0.95%,0.02%,0.21%,0.02%,0.27%,0.01%,0.22%,0.01%,0.05%,0.01%,0.04%,0.01%,0.05%,0.01%,0.03%,0.01%,0.03%,0.01,0.08,0.00,0.04,0.00,0.02,0.00,0.07,0.00,0.03,0.00,0.03,0.00,0.02,0.00,0.01,0.00,0.00,0.00,0.00,0.00,0.00,0.00,0.00,119.44,120.32,120.62,0.00,0.00,0.31,2.26%,0.00,0.13%,0.75%,0.05%,1.67%,0.03%,0.75%,0.02%,0.98%,0.02%,0.24%,0.02%,0.27%,0.02%,0.22%,0.01%,0.08%,0.01%,0.04%,0.01%,0.05%,0.01%,0.05%,0.01%,0.01%,0.00,0.00,0.00,0.00,0.00,0.00,0.00,0.00,0.00,0.00,0.00,0.00,0.00,0.00,0.00,0.00,0.00,0.00,0.00,0.00,0.00,0.00,0.00,0.00,238.82,240.00,240.54,0.00,0.00,0.00,2.21%,0.00,0.13%,0.72%,0.05%,1.64%,0.03%,0.74%,0.02%,0.97%,0.02%,0.22%,0.02%,0.26%,0.01%,0.22%,0.01%,0.06%,0.01%,0.03%,0.01%,0.05%,0.01%,0.04%,0.01%,0.02%,0.00,0.00,0.00,0.00,0.00,0.00,0.00,0.00,0.00,0.00,0.00,0.00,0.00,0.00,0.00,0.00,0.00,0.00,0.00,0.00,0.00,0.00,0.00,0.00,120,0.636,72,96,59.97,60.00,60.06
29-Jul-2018 01:30:00,10.000,Y,119.04,120.40,120.64,0.94,1.01,1.07,2.14%,0.12,0.10%,0.66%,0.04%,1.60%,0.03%,0.71%,0.02%,0.95%,0.02%,0.21%,0.01%,0.25%,0.01%,0.21%,0.01%,0.06%,0.01%,0.04%,0.01%,0.05%,0.01%,0.03%,0.01%,0.03%,0.01,0.08,0.00,0.04,0.00,0.02,0.00,0.07,0.00,0.03,0.00,0.03,0.00,0.02,0.00,0.01,0.00,0.00,0.00,0.00,0.00,0.00,0.00,0.00,119.54,120.40,120.72,0.00,0.00,0.32,2.24%,0.00,0.10%,0.73%,0.04%,1.66%,0.03%,0.73%,0.02%,0.99%,0.02%,0.25%,0.01%,0.26%,0.01%,0.22%,0.01%,0.09%,0.01%,0.04%,0.01%,0.06%,0.01%,0.05%,0.01%,0.01%,0.00,0.00,0.00,0.00,0.00,0.00,0.00,0.00,0.00,0.00,0.00,0.00,0.00,0.00,0.00,0.00,0.00,0.00,0.00,0.00,0.00,0.00,0.00,0.00,238.80,240.00,240.44,0.00,0.00,0.00,2.19%,0.00,0.10%,0.69%,0.04%,1.63%,0.03%,0.72%,0.02%,0.97%,0.02%,0.23%,0.01%,0.26%,0.01%,0.22%,0.01%,0.07%,0.01%,0.04%,0.01%,0.05%,0.01%,0.04%,0.01%,0.02%,0.00,0.00,0.00,0.00,0.00,0.00,0.00,0.00,0.00,0.00,0.00,0.00,0.00,0.00,0.00,0.00,0.00,0.00,0.00,0.00,0.00,0.00,0.00,0.00,120,0.635,72,96,59.93,59.98,60.06
29-Jul-2018 01:40:00,10.000,Y,119.36,120.14,120.44,0.93,1.01,1.07,2.12%,0.12,0.09%,0.61%,0.03%,1.63%,0.02%,0.71%,0.02%,0.89%,0.02%,0.20%,0.01%,0.26%,0.01%,0.20%,0.01%,0.05%,0.01%,0.05%,0.01%,0.04%,0.01%,0.04%,0.01%,0.03%,0.01,0.08,0.00,0.04,0.00,0.02,0.00,0.06,0.00,0.03,0.00,0.03,0.00,0.02,0.00,0.01,0.00,0.01,0.00,0.00,0.00,0.00,0.00,0.00,119.68,120.40,120.76,0.00,0.00,0.31,2.24%,0.00,0.09%,0.72%,0.04%,1.68%,0.02%,0.74%,0.02%,0.96%,0.02%,0.26%,0.01%,0.28%,0.01%,0.21%,0.01%,0.08%,0.01%,0.06%,0.01%,0.06%,0.01%,0.05%,0.01%,0.02%,0.00,0.00,0.00,0.00,0.00,0.00,0.00,0.00,0.00,0.00,0.00,0.00,0.00,0.00,0.00,0.00,0.00,0.00,0.00,0.00,0.00,0.00,0.00,0.00,238.70,239.72,240.32,0.00,0.00,0.00,2.18%,0.00,0.09%,0.67%,0.04%,1.65%,0.02%,0.72%,0.02%,0.93%,0.02%,0.23%,0.01%,0.27%,0.01%,0.20%,0.01%,0.06%,0.01%,0.05%,0.01%,0.05%,0.01%,0.04%,0.01%,0.03%,0.00,0.00,0.00,0.00,0.00,0.00,0.00,0.00,0.00,0.00,0.00,0.00,0.00,0.00,0.00,0.00,0.00,0.00,0.00,0.00,0.00,0.00,0.00,0.00,120,0.638,72,96,59.95,59.98,60.03
29-Jul-2018 01:50:00,10.000,Y,119.54,120.46,120.92,0.94,1.01,1.08,2.14%,0.12,0.10%,0.63%,0.04%,1.62%,0.03%,0.72%,0.02%,0.92%,0.02%,0.21%,0.01%,0.27%,0.01%,0.20%,0.01%,0.06%,0.01%,0.06%,0.01%,0.04%,0.01%,0.04%,0.01%,0.03%,0.01,0.08,0.00,0.04,0.00,0.02,0.00,0.07,0.00,0.03,0.00,0.03,0.00,0.02,0.00,0.01,0.00,0.01,0.00,0.00,0.00,0.00,0.00,0.00,119.76,120.60,120.86,0.00,0.00,0.31,2.26%,0.00,0.10%,0.72%,0.04%,1.68%,0.03%,0.75%,0.02%,0.98%,0.02%,0.26%,0.01%,0.29%,0.01%,0.21%,0.01%,0.09%,0.01%,0.06%,0.01%,0.06%,0.01%,0.05%,0.01%,0.02%,0.00,0.00,0.00,0.00,0.00,0.00,0.00,0.00,0.00,0.00,0.00,0.00,0.00,0.00,0.00,0.00,0.00,0.00,0.00,0.00,0.00,0.00,0.00,0.00,238.98,240.24,240.96,0.00,0.00,0.00,2.20%,0.00,0.10%,0.68%,0.04%,1.65%,0.03%,0.73%,0.02%,0.95%,0.02%,0.23%,0.01%,0.27%,0.01%,0.20%,0.01%,0.07%,0.01%,0.06%,0.01%,0.05%,0.01%,0.04%,0.01%,0.03%,0.00,0.00,0.00,0.00,0.00,0.00,0.00,0.00,0.00,0.00,0.00,0.00,0.00,0.00,0.00,0.00,0.00,0.00,0.00,0.00,0.00,0.00,0.00,0.00,120,0.637,72,96,59.94,59.99,60.04
29-Jul-2018 02:00:00,10.000,Y,118.80,120.16,120.80,0.94,1.01,1.07,2.08%,0.12,0.12%,0.63%,0.05%,1.53%,0.03%,0.75%,0.03%,0.91%,0.02%,0.22%,0.02%,0.28%,0.01%,0.20%,0.01%,0.06%,0.01%,0.06%,0.01%,0.04%,0.01%,0.04%,0.01%,0.03%,0.01,0.08,0.00,0.04,0.00,0.02,0.00,0.06,0.00,0.03,0.00,0.03,0.00,0.02,0.00,0.01,0.00,0.01,0.00,0.00,0.00,0.00,0.00,0.00,119.26,120.20,120.96,0.00,0.00,0.31,2.20%,0.00,0.12%,0.72%,0.05%,1.59%,0.03%,0.78%,0.03%,0.96%,0.02%,0.26%,0.02%,0.30%,0.01%,0.21%,0.01%,0.09%,0.01%,0.06%,0.01%,0.06%,0.01%,0.06%,0.01%,0.02%,0.00,0.00,0.00,0.00,0.00,0.00,0.00,0.00,0.00,0.00,0.00,0.00,0.00,0.00,0.00,0.00,0.00,0.00,0.00,0.00,0.00,0.00,0.00,0.00,237.94,239.56,240.92,0.00,0.00,0.00,2.13%,0.00,0.12%,0.68%,0.05%,1.56%,0.03%,0.76%,0.03%,0.93%,0.02%,0.24%,0.02%,0.28%,0.01%,0.20%,0.01%,0.07%,0.01%,0.05%,0.01%,0.05%,0.01%,0.04%,0.01%,0.03%,0.00,0.00,0.00,0.00,0.00,0.00,0.00,0.00,0.00,0.00,0.00,0.00,0.00,0.00,0.00,0.00,0.00,0.00,0.00,0.00,0.00,0.00,0.00,0.00,120,0.640,72,96,59.95,60.00,60.05
29-Jul-2018 02:10:00,10.000,Y,118.92,119.90,120.26,0.94,1.01,1.07,2.06%,0.12,0.12%,0.60%,0.05%,1.53%,0.03%,0.73%,0.02%,0.90%,0.02%,0.21%,0.02%,0.27%,0.01%,0.19%,0.01%,0.06%,0.01%,0.05%,0.01%,0.04%,0.01%,0.04%,0.01%,0.04%,0.01,0.08,0.00,0.04,0.00,0.02,0.00,0.07,0.00,0.03,0.00,0.03,0.00,0.02,0.00,0.01,0.00,0.01,0.00,0.00,0.00,0.00,0.00,0.00,119.18,120.04,120.32,0.00,0.00,0.31,2.17%,0.00,0.12%,0.69%,0.05%,1.59%,0.03%,0.76%,0.02%,0.95%,0.02%,0.26%,0.02%,0.28%,0.02%,0.21%,0.01%,0.09%,0.01%,0.05%,0.01%,0.06%,0.01%,0.06%,0.01%,0.03%,0.00,0.00,0.00,0.00,0.00,0.00,0.00,0.00,0.00,0.00,0.00,0.00,0.00,0.00,0.00,0.00,0.00,0.00,0.00,0.00,0.00,0.00,0.00,0.00,237.82,239.12,239.74,0.00,0.00,0.00,2.11%,0.00,0.12%,0.65%,0.05%,1.56%,0.03%,0.74%,0.02%,0.92%,0.02%,0.23%,0.01%,0.27%,0.01%,0.20%,0.01%,0.07%,0.01%,0.05%,0.01%,0.05%,0.01%,0.04%,0.01%,0.03%,0.00,0.00,0.00,0.00,0.00,0.00,0.00,0.00,0.00,0.00,0.00,0.00,0.00,0.00,0.00,0.00,0.00,0.00,0.00,0.00,0.00,0.00,0.00,0.00,120,0.646,72,96,59.95,60.00,60.04
29-Jul-2018 02:20:00,10.000,Y,118.76,119.76,120.06,0.94,1.01,1.07,2.04%,0.12,0.08%,0.57%,0.03%,1.53%,0.02%,0.72%,0.02%,0.88%,0.02%,0.21%,0.01%,0.26%,0.01%,0.19%,0.01%,0.05%,0.01%,0.05%,0.01%,0.04%,0.01%,0.04%,0.01%,0.04%,0.01,0.08,0.00,0.04,0.00,0.02,0.00,0.06,0.00,0.03,0.00,0.03,0.00,0.02,0.00,0.01,0.00,0.00,0.00,0.00,0.00,0.00,0.00,0.00,119.02,119.94,120.28,0.00,0.00,0.31,2.14%,0.00,0.08%,0.66%,0.03%,1.59%,0.02%,0.74%,0.02%,0.92%,0.02%,0.25%,0.01%,0.28%,0.01%,0.20%,0.01%,0.08%,0.01%,0.05%,0.01%,0.05%,0.01%,0.05%,0.01%,0.02%,0.00,0.00,0.00,0.00,0.00,0.00,0.00,0.00,0.00,0.00,0.00,0.00,0.00,0.00,0.00,0.00,0.00,0.00,0.00,0.00,0.00,0.00,0.00,0.00,237.46,238.88,239.40,0.00,0.00,0.00,2.09%,0.00,0.08%,0.62%,0.03%,1.56%,0.02%,0.73%,0.02%,0.90%,0.02%,0.23%,0.01%,0.26%,0.01%,0.20%,0.01%,0.06%,0.01%,0.05%,0.01%,0.05%,0.01%,0.04%,0.01%,0.03%,0.00,0.00,0.00,0.00,0.00,0.00,0.00,0.00,0.00,0.00,0.00,0.00,0.00,0.00,0.00,0.00,0.00,0.00,0.00,0.00,0.00,0.00,0.00,0.00,120,0.641,72,96,59.93,59.98,60.02
29-Jul-2018 02:30:00,10.000,Y,118.76,119.54,119.82,0.93,1.00,1.06,2.02%,0.12,0.11%,0.57%,0.04%,1.52%,0.03%,0.75%,0.02%,0.86%,0.02%,0.20%,0.01%,0.25%,0.01%,0.19%,0.01%,0.05%,0.01%,0.05%,0.01%,0.04%,0.01%,0.03%,0.01%,0.03%,0.01,0.08,0.00,0.04,0.00,0.02,0.00,0.06,0.00,0.03,0.00,0.03,0.00,0.02,0.00,0.01,0.00,0.00,0.00,0.00,0.00,0.00,0.00,0.00,118.92,119.70,120.04,0.00,0.00,0.32,2.14%,0.00,0.11%,0.66%,0.04%,1.59%,0.03%,0.78%,0.02%,0.92%,0.02%,0.25%,0.01%,0.27%,0.01%,0.19%,0.01%,0.07%,0.01%,0.05%,0.01%,0.05%,0.01%,0.05%,0.01%,0.02%,0.00,0.00,0.00,0.00,0.00,0.00,0.00,0.00,0.00,0.00,0.00,0.00,0.00,0.00,0.00,0.00,0.00,0.00,0.00,0.00,0.00,0.00,0.00,0.00,237.34,238.44,238.88,0.00,0.00,0.00,2.08%,0.00,0.11%,0.61%,0.04%,1.55%,0.03%,0.76%,0.02%,0.89%,0.02%,0.22%,0.01%,0.26%,0.01%,0.19%,0.01%,0.06%,0.01%,0.04%,0.01%,0.04%,0.01%,0.04%,0.01%,0.03%,0.00,0.00,0.00,0.00,0.00,0.00,0.00,0.00,0.00,0.00,0.00,0.00,0.00,0.00,0.00,0.00,0.00,0.00,0.00,0.00,0.00,0.00,0.00,0.00,120,0.641,72,96,59.93,59.99,60.05
29-Jul-2018 02:40:00,10.000,Y,118.72,119.64,119.92,0.93,1.01,1.06,2.04%,0.12,0.14%,0.57%,0.05%,1.53%,0.04%,0.74%,0.03%,0.88%,0.02%,0.21%,0.02%,0.26%,0.01%,0.20%,0.01%,0.05%,0.01%,0.05%,0.01%,0.04%,0.01%,0.03%,0.01%,0.04%,0.01,0.08,0.00,0.04,0.00,0.02,0.00,0.06,0.00,0.03,0.00,0.03,0.00,0.02,0.00,0.01,0.00,0.01,0.00,0.00,0.00,0.00,0.00,0.00,118.62,119.76,120.10,0.00,0.00,0.32,2.17%,0.00,0.14%,0.66%,0.05%,1.60%,0.04%,0.78%,0.03%,0.93%,0.02%,0.25%,0.02%,0.28%,0.01%,0.20%,0.01%,0.07%,0.01%,0.05%,0.01%,0.06%,0.01%,0.05%,0.01%,0.02%,0.00,0.00,0.00,0.00,0.00,0.00,0.00,0.00,0.00,0.00,0.00,0.00,0.00,0.00,0.00,0.00,0.00,0.00,0.00,0.00,0.00,0.00,0.00,0.00,237.20,238.60,239.16,0.00,0.00,0.00,2.10%,0.00,0.14%,0.61%,0.05%,1.56%,0.04%,0.76%,0.03%,0.90%,0.02%,0.23%,0.02%,0.26%,0.01%,0.20%,0.01%,0.06%,0.01%,0.05%,0.01%,0.05%,0.01%,0.04%,0.01%,0.03%,0.00,0.00,0.00,0.00,0.00,0.00,0.00,0.00,0.00,0.00,0.00,0.00,0.00,0.00,0.00,0.00,0.00,0.00,0.00,0.00,0.00,0.00,0.00,0.00,120,0.641,72,96,59.96,60.00,60.05
29-Jul-2018 02:50:00,10.000,Y,118.92,119.82,120.12,0.94,1.01,1.07,2.07%,0.12,0.09%,0.57%,0.03%,1.54%,0.03%,0.75%,0.02%,0.90%,0.02%,0.21%,0.01%,0.27%,0.01%,0.20%,0.01%,0.05%,0.01%,0.06%,0.01%,0.04%,0.01%,0.04%,0.01%,0.04%,0.01,0.08,0.00,0.04,0.00,0.02,0.00,0.06,0.00,0.03,0.00,0.03,0.00,0.02,0.00,0.01,0.00,0.01,0.00,0.00,0.00,0.00,0.00,0.00,119.12,119.98,120.30,0.00,0.00,0.30,2.19%,0.00,0.09%,0.66%,0.04%,1.61%,0.03%,0.79%,0.02%,0.95%,0.02%,0.26%,0.01%,0.28%,0.01%,0.22%,0.01%,0.08%,0.01%,0.05%,0.01%,0.06%,0.01%,0.06%,0.01%,0.03%,0.00,0.00,0.00,0.00,0.00,0.00,0.00,0.00,0.00,0.00,0.00,0.00,0.00,0.00,0.00,0.00,0.00,0.00,0.00,0.00,0.00,0.00,0.00,0.00,237.90,239.00,239.48,0.00,0.00,0.00,2.12%,0.00,0.09%,0.62%,0.04%,1.58%,0.03%,0.77%,0.02%,0.92%,0.02%,0.24%,0.01%,0.27%,0.01%,0.21%,0.01%,0.07%,0.01%,0.05%,0.01%,0.05%,0.01%,0.05%,0.01%,0.03%,0.00,0.00,0.00,0.00,0.00,0.00,0.00,0.00,0.00,0.00,0.00,0.00,0.00,0.00,0.00,0.00,0.00,0.00,0.00,0.00,0.00,0.00,0.00,0.00,120,0.640,72,96,59.93,59.98,60.03
29-Jul-2018 03:00:00,10.000,Y,118.78,119.84,120.18,0.94,1.01,1.07,2.06%,0.12,0.06%,0.56%,0.02%,1.55%,0.02%,0.75%,0.02%,0.89%,0.02%,0.21%,0.01%,0.27%,0.01%,0.20%,0.01%,0.05%,0.01%,0.05%,0.01%,0.03%,0.01%,0.04%,0.01%,0.04%,0.01,0.08,0.00,0.04,0.00,0.02,0.00,0.06,0.00,0.03,0.00,0.03,0.00,0.02,0.00,0.01,0.00,0.01,0.00,0.00,0.00,0.00,0.00,0.00,119.06,119.94,120.26,0.00,0.00,0.31,2.16%,0.00,0.06%,0.64%,0.03%,1.60%,0.02%,0.77%,0.02%,0.94%,0.02%,0.26%,0.01%,0.28%,0.01%,0.21%,0.01%,0.08%,0.01%,0.05%,0.01%,0.05%,0.01%,0.06%,0.01%,0.03%,0.00,0.00,0.00,0.00,0.00,0.00,0.00,0.00,0.00,0.00,0.00,0.00,0.00,0.00,0.00,0.00,0.00,0.00,0.00,0.00,0.00,0.00,0.00,0.00,237.74,238.98,239.56,0.00,0.00,0.00,2.11%,0.00,0.06%,0.60%,0.02%,1.57%,0.02%,0.76%,0.02%,0.91%,0.01%,0.23%,0.01%,0.28%,0.01%,0.21%,0.01%,0.06%,0.01%,0.05%,0.00%,0.04%,0.01%,0.05%,0.01%,0.03%,0.00,0.00,0.00,0.00,0.00,0.00,0.00,0.00,0.00,0.00,0.00,0.00,0.00,0.00,0.00,0.00,0.00,0.00,0.00,0.00,0.00,0.00,0.00,0.00,120,0.640,72,96,59.92,59.96,60.00
29-Jul-2018 03:10:00,10.000,Y,118.84,119.78,120.10,0.93,1.01,1.06,2.04%,0.12,0.08%,0.54%,0.03%,1.52%,0.03%,0.78%,0.02%,0.88%,0.02%,0.22%,0.01%,0.26%,0.01%,0.19%,0.01%,0.05%,0.01%,0.05%,0.01%,0.03%,0.01%,0.04%,0.01%,0.03%,0.01,0.08,0.00,0.04,0.00,0.02,0.00,0.06,0.00,0.03,0.00,0.03,0.00,0.02,0.00,0.01,0.00,0.00,0.00,0.00,0.00,0.00,0.00,0.00,119.04,119.88,120.20,0.00,0.00,0.31,2.10%,0.00,0.08%,0.62%,0.03%,1.55%,0.03%,0.77%,0.02%,0.92%,0.02%,0.24%,0.01%,0.28%,0.01%,0.21%,0.01%,0.07%,0.01%,0.04%,0.01%,0.05%,0.01%,0.05%,0.01%,0.02%,0.00,0.00,0.00,0.00,0.00,0.00,0.00,0.00,0.00,0.00,0.00,0.00,0.00,0.00,0.00,0.00,0.00,0.00,0.00,0.00,0.00,0.00,0.00,0.00,237.60,238.84,239.46,0.00,0.00,0.00,2.07%,0.00,0.08%,0.58%,0.03%,1.53%,0.03%,0.78%,0.02%,0.90%,0.02%,0.23%,0.01%,0.27%,0.01%,0.20%,0.01%,0.06%,0.01%,0.05%,0.01%,0.04%,0.01%,0.04%,0.01%,0.03%,0.00,0.00,0.00,0.00,0.00,0.00,0.00,0.00,0.00,0.00,0.00,0.00,0.00,0.00,0.00,0.00,0.00,0.00,0.00,0.00,0.00,0.00,0.00,0.00,120,0.640,72,96,59.93,59.97,60.03
29-Jul-2018 03:20:00,10.000,Y,118.90,119.80,120.10,0.93,1.01,1.07,2.00%,0.12,0.11%,0.54%,0.04%,1.48%,0.03%,0.75%,0.02%,0.88%,0.02%,0.21%,0.01%,0.26%,0.01%,0.19%,0.01%,0.05%,0.01%,0.05%,0.01%,0.04%,0.01%,0.04%,0.01%,0.04%,0.01,0.08,0.00,0.04,0.00,0.02,0.00,0.06,0.00,0.03,0.00,0.03,0.00,0.02,0.00,0.01,0.00,0.01,0.00,0.00,0.00,0.00,0.00,0.00,119.10,119.90,120.20,0.00,0.00,0.31,2.13%,0.00,0.11%,0.63%,0.04%,1.54%,0.03%,0.78%,0.03%,0.95%,0.02%,0.26%,0.01%,0.27%,0.01%,0.21%,0.01%,0.08%,0.01%,0.05%,0.01%,0.05%,0.01%,0.06%,0.01%,0.03%,0.00,0.00,0.00,0.00,0.00,0.00,0.00,0.00,0.00,0.00,0.00,0.00,0.00,0.00,0.00,0.00,0.00,0.00,0.00,0.00,0.00,0.00,0.00,0.00,237.66,238.90,239.42,0.00,0.00,0.00,2.06%,0.00,0.11%,0.58%,0.04%,1.51%,0.03%,0.76%,0.02%,0.91%,0.02%,0.23%,0.01%,0.26%,0.01%,0.20%,0.01%,0.06%,0.01%,0.05%,0.01%,0.04%,0.01%,0.05%,0.01%,0.03%,0.00,0.00,0.00,0.00,0.00,0.00,0.00,0.00,0.00,0.00,0.00,0.00,0.00,0.00,0.00,0.00,0.00,0.00,0.00,0.00,0.00,0.00,0.00,0.00,120,0.643,72,96,59.93,59.99,60.04
29-Jul-2018 03:30:00,10.000,Y,118.76,119.86,120.20,0.93,1.01,1.08,1.98%,0.12,0.13%,0.54%,0.05%,1.46%,0.03%,0.72%,0.03%,0.88%,0.02%,0.22%,0.02%,0.26%,0.01%,0.20%,0.01%,0.05%,0.01%,0.05%,0.01%,0.04%,0.01%,0.04%,0.01%,0.04%,0.01,0.08,0.00,0.04,0.00,0.02,0.00,0.06,0.00,0.03,0.00,0.03,0.00,0.02,0.00,0.01,0.00,0.01,0.00,0.00,0.00,0.00,0.00,0.00,118.86,119.86,120.26,0.00,0.00,0.31,2.10%,0.00,0.12%,0.61%,0.05%,1.53%,0.03%,0.76%,0.03%,0.93%,0.02%,0.28%,0.02%,0.27%,0.01%,0.20%,0.01%,0.09%,0.01%,0.04%,0.01%,0.05%,0.01%,0.06%,0.01%,0.03%,0.00,0.00,0.00,0.00,0.00,0.00,0.00,0.00,0.00,0.00,0.00,0.00,0.00,0.00,0.00,0.00,0.00,0.00,0.00,0.00,0.00,0.00,0.00,0.00,237.48,238.90,239.48,0.00,0.00,0.00,2.04%,0.00,0.12%,0.58%,0.05%,1.50%,0.03%,0.74%,0.03%,0.91%,0.02%,0.24%,0.02%,0.26%,0.01%,0.20%,0.01%,0.07%,0.01%,0.04%,0.01%,0.04%,0.01%,0.05%,0.01%,0.03%,0.00,0.00,0.00,0.00,0.00,0.00,0.00,0.00,0.00,0.00,0.00,0.00,0.00,0.00,0.00,0.00,0.00,0.00,0.00,0.00,0.00,0.00,0.00,0.00,120,0.646,72,96,59.96,60.00,60.05
29-Jul-2018 03:40:00,10.000,Y,118.98,119.80,120.06,0.94,1.01,1.07,1.97%,0.12,0.18%,0.53%,0.07%,1.45%,0.05%,0.72%,0.04%,0.88%,0.03%,0.21%,0.02%,0.25%,0.02%,0.20%,0.02%,0.05%,0.01%,0.04%,0.01%,0.04%,0.01%,0.04%,0.01%,0.04%,0.01,0.08,0.00,0.04,0.00,0.02,0.00,0.06,0.00,0.03,0.00,0.03,0.00,0.02,0.00,0.01,0.00,0.00,0.00,0.00,0.00,0.00,0.00,0.00,118.94,119.74,120.12,0.00,0.00,0.31,2.06%,0.00,0.17%,0.59%,0.06%,1.51%,0.05%,0.74%,0.04%,0.91%,0.03%,0.25%,0.02%,0.26%,0.02%,0.20%,0.02%,0.07%,0.01%,0.04%,0.01%,0.04%,0.01%,0.05%,0.01%,0.02%,0.00,0.00,0.00,0.00,0.00,0.00,0.00,0.00,0.00,0.00,0.00,0.00,0.00,0.00,0.00,0.00,0.00,0.00,0.00,0.00,0.00,0.00,0.00,0.00,237.60,238.74,239.22,0.00,0.00,0.00,2.01%,0.00,0.17%,0.56%,0.07%,1.47%,0.05%,0.72%,0.04%,0.89%,0.03%,0.23%,0.02%,0.25%,0.02%,0.20%,0.02%,0.06%,0.01%,0.03%,0.01%,0.04%,0.01%,0.04%,0.01%,0.02%,0.00,0.00,0.00,0.00,0.00,0.00,0.00,0.00,0.00,0.00,0.00,0.00,0.00,0.00,0.00,0.00,0.00,0.00,0.00,0.00,0.00,0.00,0.00,0.00,120,0.641,72,96,59.97,60.03,60.06
29-Jul-2018 03:50:00,10.000,Y,118.70,119.68,119.98,0.93,1.01,1.06,1.98%,0.12,0.12%,0.50%,0.05%,1.49%,0.03%,0.72%,0.02%,0.85%,0.02%,0.22%,0.01%,0.25%,0.01%,0.19%,0.01%,0.05%,0.01%,0.04%,0.01%,0.03%,0.01%,0.04%,0.01%,0.04%,0.01,0.08,0.00,0.04,0.00,0.02,0.00,0.06,0.00,0.03,0.00,0.03,0.00,0.02,0.00,0.01,0.00,0.00,0.00,0.00,0.00,0.00,0.00,0.00,118.88,119.72,120.02,0.00,0.00,0.31,2.07%,0.00,0.12%,0.57%,0.04%,1.55%,0.03%,0.75%,0.02%,0.90%,0.02%,0.26%,0.01%,0.25%,0.01%,0.19%,0.01%,0.07%,0.01%,0.04%,0.01%,0.05%,0.01%,0.05%,0.01%,0.02%,0.00,0.00,0.00,0.00,0.00,0.00,0.00,0.00,0.00,0.00,0.00,0.00,0.00,0.00,0.00,0.00,0.00,0.00,0.00,0.00,0.00,0.00,0.00,0.00,237.26,238.58,239.08,0.00,0.00,0.00,2.02%,0.00,0.12%,0.54%,0.04%,1.52%,0.03%,0.74%,0.02%,0.87%,0.02%,0.24%,0.01%,0.24%,0.01%,0.19%,0.01%,0.06%,0.01%,0.03%,0.01%,0.04%,0.01%,0.04%,0.01%,0.03%,0.00,0.00,0.00,0.00,0.00,0.00,0.00,0.00,0.00,0.00,0.00,0.00,0.00,0.00,0.00,0.00,0.00,0.00,0.00,0.00,0.00,0.00,0.00,0.00,120,0.641,72,96,59.95,60.00,60.04
29-Jul-2018 04:00:00,10.000,Y,118.70,119.50,119.78,0.92,1.00,1.06,1.97%,0.12,0.08%,0.48%,0.03%,1.50%,0.02%,0.73%,0.02%,0.85%,0.02%,0.20%,0.01%,0.24%,0.01%,0.19%,0.01%,0.05%,0.01%,0.04%,0.01%,0.03%,0.01%,0.04%,0.01%,0.03%,0.01,0.08,0.00,0.04,0.00,0.02,0.00,0.06,0.00,0.03,0.00,0.03,0.00,0.02,0.00,0.01,0.00,0.00,0.00,0.00,0.00,0.00,0.00,0.00,118.76,119.54,119.88,0.00,0.00,0.32,2.06%,0.00,0.07%,0.55%,0.03%,1.55%,0.02%,0.72%,0.02%,0.92%,0.02%,0.25%,0.01%,0.25%,0.01%,0.20%,0.01%,0.08%,0.01%,0.04%,0.01%,0.05%,0.01%,0.06%,0.01%,0.02%,0.00,0.00,0.00,0.00,0.00,0.00,0.00,0.00,0.00,0.00,0.00,0.00,0.00,0.00,0.00,0.00,0.00,0.00,0.00,0.00,0.00,0.00,0.00,0.00,237.14,238.26,238.78,0.00,0.00,0.00,2.01%,0.00,0.08%,0.51%,0.03%,1.52%,0.02%,0.72%,0.02%,0.88%,0.02%,0.22%,0.01%,0.24%,0.01%,0.20%,0.01%,0.06%,0.01%,0.04%,0.01%,0.04%,0.01%,0.05%,0.01%,0.03%,0.00,0.00,0.00,0.00,0.00,0.00,0.00,0.00,0.00,0.00,0.00,0.00,0.00,0.00,0.00,0.00,0.00,0.00,0.00,0.00,0.00,0.00,0.00,0.00,120,0.641,72,96,59.91,59.97,60.04
29-Jul-2018 04:10:00,10.000,Y,118.78,119.66,120.04,0.93,1.01,1.06,1.96%,0.12,0.10%,0.51%,0.04%,1.47%,0.03%,0.72%,0.02%,0.87%,0.02%,0.22%,0.01%,0.25%,0.01%,0.19%,0.01%,0.05%,0.01%,0.05%,0.01%,0.03%,0.01%,0.04%,0.01%,0.04%,0.01,0.08,0.00,0.04,0.00,0.02,0.00,0.06,0.00,0.03,0.00,0.03,0.00,0.02,0.00,0.01,0.00,0.00,0.00,0.00,0.00,0.00,0.00,0.00,118.84,119.84,120.26,0.00,0.00,0.31,2.08%,0.00,0.10%,0.59%,0.04%,1.53%,0.03%,0.75%,0.02%,0.93%,0.02%,0.26%,0.01%,0.26%,0.01%,0.20%,0.01%,0.09%,0.01%,0.05%,0.01%,0.05%,0.01%,0.06%,0.01%,0.03%,0.00,0.00,0.00,0.00,0.00,0.00,0.00,0.00,0.00,0.00,0.00,0.00,0.00,0.00,0.00,0.00,0.00,0.00,0.00,0.00,0.00,0.00,0.00,0.00,237.32,238.68,239.26,0.00,0.00,0.00,2.02%,0.00,0.10%,0.55%,0.04%,1.50%,0.03%,0.73%,0.02%,0.89%,0.02%,0.24%,0.01%,0.25%,0.01%,0.20%,0.01%,0.07%,0.01%,0.05%,0.01%,0.04%,0.01%,0.05%,0.01%,0.03%,0.00,0.00,0.00,0.00,0.00,0.00,0.00,0.00,0.00,0.00,0.00,0.00,0.00,0.00,0.00,0.00,0.00,0.00,0.00,0.00,0.00,0.00,0.00,0.00,120,0.642,72,96,59.93,59.98,60.04
29-Jul-2018 04:20:00,10.000,Y,118.70,119.76,120.12,0.93,1.01,1.07,1.97%,0.12,0.09%,0.50%,0.04%,1.47%,0.03%,0.74%,0.02%,0.88%,0.02%,0.21%,0.01%,0.25%,0.01%,0.18%,0.01%,0.05%,0.01%,0.05%,0.01%,0.03%,0.01%,0.03%,0.01%,0.04%,0.01,0.07,0.00,0.04,0.00,0.02,0.00,0.06,0.00,0.03,0.00,0.03,0.00,0.02,0.00,0.01,0.00,0.00,0.00,0.00,0.00,0.00,0.00,0.00,118.78,119.78,120.14,0.00,0.00,0.31,2.04%,0.00,0.10%,0.59%,0.04%,1.49%,0.03%,0.75%,0.02%,0.92%,0.02%,0.23%,0.01%,0.27%,0.01%,0.20%,0.01%,0.08%,0.01%,0.04%,0.01%,0.05%,0.01%,0.06%,0.01%,0.02%,0.00,0.00,0.00,0.00,0.00,0.00,0.00,0.00,0.00,0.00,0.00,0.00,0.00,0.00,0.00,0.00,0.00,0.00,0.00,0.00,0.00,0.00,0.00,0.00,237.44,238.74,239.28,0.00,0.00,0.00,2.00%,0.00,0.10%,0.55%,0.04%,1.48%,0.03%,0.74%,0.02%,0.90%,0.02%,0.22%,0.01%,0.26%,0.01%,0.19%,0.01%,0.06%,0.01%,0.04%,0.01%,0.04%,0.01%,0.05%,0.01%,0.03%,0.00,0.00,0.00,0.00,0.00,0.00,0.00,0.00,0.00,0.00,0.00,0.00,0.00,0.00,0.00,0.00,0.00,0.00,0.00,0.00,0.00,0.00,0.00,0.00,120,0.640,72,96,59.95,59.98,60.02
29-Jul-2018 04:30:00,10.000,Y,118.84,119.78,120.06,0.93,1.01,1.07,1.97%,0.12,0.12%,0.52%,0.04%,1.46%,0.03%,0.73%,0.03%,0.88%,0.02%,0.21%,0.01%,0.26%,0.01%,0.19%,0.01%,0.05%,0.01%,0.05%,0.01%,0.02%,0.01%,0.02%,0.01%,0.04%,0.01,0.08,0.00,0.04,0.00,0.02,0.00,0.06,0.00,0.03,0.00,0.03,0.00,0.02,0.00,0.01,0.00,0.00,0.00,0.00,0.00,0.00,0.00,0.00,119.00,119.82,120.08,0.00,0.00,0.32,2.04%,0.00,0.11%,0.61%,0.04%,1.47%,0.03%,0.75%,0.03%,0.93%,0.02%,0.22%,0.01%,0.28%,0.01%,0.20%,0.01%,0.07%,0.01%,0.03%,0.01%,0.04%,0.01%,0.05%,0.01%,0.01%,0.00,0.00,0.00,0.00,0.00,0.00,0.00,0.00,0.00,0.00,0.00,0.00,0.00,0.00,0.00,0.00,0.00,0.00,0.00,0.00,0.00,0.00,0.00,0.00,237.50,238.78,239.26,0.00,0.00,0.00,2.00%,0.00,0.11%,0.56%,0.04%,1.46%,0.03%,0.74%,0.03%,0.90%,0.02%,0.21%,0.01%,0.27%,0.01%,0.19%,0.01%,0.06%,0.01%,0.04%,0.01%,0.03%,0.01%,0.04%,0.01%,0.02%,0.00,0.00,0.00,0.00,0.00,0.00,0.00,0.00,0.00,0.00,0.00,0.00,0.00,0.00,0.00,0.00,0.00,0.00,0.00,0.00,0.00,0.00,0.00,0.00,120,0.641,72,96,59.96,59.99,60.04
29-Jul-2018 04:40:00,10.000,Y,118.44,119.58,119.80,0.93,1.01,1.06,1.93%,0.12,0.10%,0.50%,0.04%,1.45%,0.03%,0.71%,0.02%,0.84%,0.02%,0.20%,0.01%,0.24%,0.01%,0.17%,0.01%,0.05%,0.01%,0.04%,0.01%,0.02%,0.01%,0.03%,0.01%,0.04%,0.01,0.08,0.00,0.04,0.00,0.02,0.00,0.06,0.00,0.03,0.00,0.03,0.00,0.02,0.00,0.01,0.00,0.00,0.00,0.00,0.00,0.00,0.00,0.00,118.48,119.72,120.02,0.00,0.00,0.32,2.00%,0.00,0.10%,0.59%,0.04%,1.47%,0.03%,0.72%,0.02%,0.89%,0.02%,0.22%,0.01%,0.27%,0.01%,0.19%,0.01%,0.07%,0.01%,0.03%,0.01%,0.04%,0.01%,0.05%,0.01%,0.02%,0.00,0.00,0.00,0.00,0.00,0.00,0.00,0.00,0.00,0.00,0.00,0.00,0.00,0.00,0.00,0.00,0.00,0.00,0.00,0.00,0.00,0.00,0.00,0.00,237.16,238.50,238.88,0.00,0.00,0.00,1.96%,0.00,0.10%,0.54%,0.04%,1.46%,0.03%,0.72%,0.02%,0.86%,0.02%,0.21%,0.01%,0.26%,0.01%,0.18%,0.01%,0.06%,0.01%,0.03%,0.01%,0.03%,0.01%,0.03%,0.01%,0.02%,0.00,0.00,0.00,0.00,0.00,0.00,0.00,0.00,0.00,0.00,0.00,0.00,0.00,0.00,0.00,0.00,0.00,0.00,0.00,0.00,0.00,0.00,0.00,0.00,120,0.644,72,96,59.96,59.99,60.03
29-Jul-2018 04:50:00,10.000,Y,118.62,119.44,119.72,0.93,1.01,1.07,1.94%,0.12,0.09%,0.49%,0.04%,1.46%,0.03%,0.70%,0.02%,0.86%,0.02%,0.19%,0.01%,0.24%,0.01%,0.18%,0.01%,0.05%,0.01%,0.04%,0.01%,0.03%,0.01%,0.02%,0.01%,0.03%,0.01,0.08,0.00,0.04,0.00,0.02,0.00,0.06,0.00,0.03,0.00,0.03,0.00,0.02,0.00,0.01,0.00,0.00,0.00,0.00,0.00,0.00,0.00,0.00,118.96,119.74,119.96,0.00,0.00,0.32,2.00%,0.00,0.09%,0.59%,0.04%,1.49%,0.03%,0.70%,0.02%,0.88%,0.02%,0.22%,0.01%,0.26%,0.01%,0.20%,0.01%,0.07%,0.01%,0.02%,0.01%,0.05%,0.01%,0.03%,0.01%,0.02%,0.00,0.00,0.00,0.00,0.00,0.00,0.00,0.00,0.00,0.00,0.00,0.00,0.00,0.00,0.00,0.00,0.00,0.00,0.00,0.00,0.00,0.00,0.00,0.00,237.24,238.38,238.82,0.00,0.00,0.00,1.97%,0.00,0.09%,0.54%,0.04%,1.47%,0.03%,0.70%,0.02%,0.87%,0.02%,0.21%,0.01%,0.25%,0.01%,0.19%,0.01%,0.06%,0.01%,0.03%,0.01%,0.04%,0.01%,0.02%,0.01%,0.02%,0.00,0.00,0.00,0.00,0.00,0.00,0.00,0.00,0.00,0.00,0.00,0.00,0.00,0.00,0.00,0.00,0.00,0.00,0.00,0.00,0.00,0.00,0.00,0.00,120,0.646,72,96,59.94,59.98,60.04
29-Jul-2018 05:00:00,10.000,Y,118.76,119.58,119.78,0.93,1.01,1.07,1.94%,0.12,0.08%,0.52%,0.03%,1.45%,0.02%,0.69%,0.02%,0.86%,0.02%,0.21%,0.01%,0.24%,0.01%,0.18%,0.01%,0.06%,0.01%,0.04%,0.01%,0.03%,0.01%,0.02%,0.01%,0.03%,0.01,0.08,0.00,0.04,0.00,0.02,0.00,0.06,0.00,0.03,0.00,0.03,0.00,0.02,0.00,0.01,0.00,0.00,0.00,0.00,0.00,0.00,0.00,0.00,118.52,119.76,119.98,0.00,0.00,0.32,1.99%,0.00,0.08%,0.59%,0.03%,1.48%,0.02%,0.69%,0.02%,0.86%,0.02%,0.23%,0.01%,0.25%,0.01%,0.20%,0.01%,0.07%,0.01%,0.02%,0.01%,0.06%,0.01%,0.03%,0.01%,0.01%,0.00,0.00,0.00,0.00,0.00,0.00,0.00,0.00,0.00,0.00,0.00,0.00,0.00,0.00,0.00,0.00,0.00,0.00,0.00,0.00,0.00,0.00,0.00,0.00,236.88,238.52,238.94,0.00,0.00,0.00,1.96%,0.00,0.08%,0.56%,0.03%,1.47%,0.02%,0.69%,0.02%,0.86%,0.02%,0.22%,0.01%,0.25%,0.01%,0.19%,0.01%,0.06%,0.01%,0.03%,0.01%,0.04%,0.01%,0.02%,0.01%,0.02%,0.00,0.00,0.00,0.00,0.00,0.00,0.00,0.00,0.00,0.00,0.00,0.00,0.00,0.00,0.00,0.00,0.00,0.00,0.00,0.00,0.00,0.00,0.00,0.00,120,0.641,72,96,59.91,59.97,60.04
29-Jul-2018 05:10:00,10.000,Y,118.60,119.68,119.90,0.93,1.00,1.06,1.95%,0.12,0.09%,0.55%,0.03%,1.44%,0.02%,0.70%,0.02%,0.88%,0.02%,0.21%,0.01%,0.24%,0.01%,0.18%,0.01%,0.06%,0.01%,0.04%,0.01%,0.03%,0.01%,0.02%,0.01%,0.03%,0.01,0.08,0.00,0.04,0.00,0.02,0.00,0.06,0.00,0.03,0.00,0.03,0.00,0.02,0.00,0.01,0.00,0.00,0.00,0.00,0.00,0.00,0.00,0.00,118.64,119.66,119.96,0.00,0.00,0.31,2.01%,0.00,0.09%,0.60%,0.03%,1.48%,0.02%,0.71%,0.02%,0.90%,0.02%,0.23%,0.01%,0.25%,0.01%,0.20%,0.01%,0.07%,0.01%,0.02%,0.01%,0.06%,0.01%,0.03%,0.01%,0.01%,0.00,0.00,0.00,0.00,0.00,0.00,0.00,0.00,0.00,0.00,0.00,0.00,0.00,0.00,0.00,0.00,0.00,0.00,0.00,0.00,0.00,0.00,0.00,0.00,236.64,238.54,238.94,0.00,0.00,0.00,1.98%,0.00,0.09%,0.58%,0.03%,1.46%,0.02%,0.70%,0.02%,0.89%,0.02%,0.22%,0.01%,0.24%,0.01%,0.19%,0.01%,0.06%,0.01%,0.03%,0.01%,0.05%,0.01%,0.02%,0.01%,0.02%,0.00,0.00,0.00,0.00,0.00,0.00,0.00,0.00,0.00,0.00,0.00,0.00,0.00,0.00,0.00,0.00,0.00,0.00,0.00,0.00,0.00,0.00,0.00,0.00,120,0.639,72,96,59.95,59.98,60.03
29-Jul-2018 05:20:00,10.000,Y,118.72,119.76,120.08,0.93,1.01,1.07,1.93%,0.12,0.12%,0.53%,0.05%,1.40%,0.03%,0.73%,0.03%,0.87%,0.02%,0.22%,0.02%,0.24%,0.01%,0.19%,0.01%,0.05%,0.01%,0.05%,0.01%,0.03%,0.01%,0.02%,0.01%,0.04%,0.01,0.08,0.00,0.04,0.00,0.02,0.00,0.06,0.00,0.03,0.00,0.03,0.00,0.02,0.00,0.01,0.00,0.00,0.00,0.00,0.00,0.00,0.00,0.00,118.88,119.66,120.00,0.00,0.00,0.31,1.98%,0.00,0.12%,0.59%,0.05%,1.43%,0.03%,0.73%,0.03%,0.90%,0.02%,0.24%,0.01%,0.25%,0.01%,0.21%,0.01%,0.07%,0.01%,0.03%,0.01%,0.05%,0.01%,0.04%,0.01%,0.02%,0.00,0.00,0.00,0.00,0.00,0.00,0.00,0.00,0.00,0.00,0.00,0.00,0.00,0.00,0.00,0.00,0.00,0.00,0.00,0.00,0.00,0.00,0.00,0.00,237.40,238.62,239.20,0.00,0.00,0.00,1.95%,0.00,0.12%,0.56%,0.05%,1.41%,0.03%,0.73%,0.02%,0.88%,0.02%,0.23%,0.01%,0.25%,0.01%,0.19%,0.01%,0.06%,0.01%,0.04%,0.01%,0.04%,0.01%,0.02%,0.01%,0.02%,0.00,0.00,0.00,0.00,0.00,0.00,0.00,0.00,0.00,0.00,0.00,0.00,0.00,0.00,0.00,0.00,0.00,0.00,0.00,0.00,0.00,0.00,0.00,0.00,120,0.641,72,96,59.95,60.00,60.04
29-Jul-2018 05:30:00,10.000,Y,118.48,119.44,119.78,0.92,1.00,1.06,1.81%,0.11,0.09%,0.50%,0.04%,1.36%,0.03%,0.67%,0.02%,0.66%,0.02%,0.34%,0.01%,0.28%,0.01%,0.23%,0.01%,0.07%,0.01%,0.08%,0.01%,0.08%,0.01%,0.02%,0.01%,0.05%,0.01,0.07,0.00,0.04,0.00,0.02,0.00,0.05,0.00,0.03,0.00,0.02,0.00,0.02,0.00,0.00,0.00,0.00,0.00,0.01,0.00,0.00,0.00,0.00,118.96,119.90,120.28,0.00,0.00,0.32,1.88%,0.00,0.09%,0.58%,0.04%,1.38%,0.02%,0.69%,0.02%,0.69%,0.02%,0.37%,0.01%,0.30%,0.01%,0.27%,0.01%,0.10%,0.01%,0.08%,0.01%,0.09%,0.01%,0.04%,0.01%,0.05%,0.00,0.00,0.00,0.00,0.00,0.00,0.00,0.00,0.00,0.00,0.00,0.00,0.00,0.00,0.00,0.00,0.00,0.00,0.00,0.00,0.00,0.00,0.00,0.00,237.32,238.54,239.08,0.00,0.00,0.00,1.84%,0.00,0.09%,0.54%,0.04%,1.37%,0.02%,0.68%,0.02%,0.67%,0.02%,0.35%,0.01%,0.29%,0.01%,0.25%,0.01%,0.08%,0.01%,0.08%,0.01%,0.08%,0.01%,0.03%,0.01%,0.05%,0.00,0.00,0.00,0.00,0.00,0.00,0.00,0.00,0.00,0.00,0.00,0.00,0.00,0.00,0.00,0.00,0.00,0.00,0.00,0.00,0.00,0.00,0.00,0.00,120,0.641,72,96,59.94,59.98,60.03
29-Jul-2018 05:40:00,10.000,Y,118.58,119.68,120.00,0.93,1.01,1.06,1.76%,0.11,0.12%,0.52%,0.05%,1.31%,0.03%,0.64%,0.03%,0.59%,0.02%,0.35%,0.02%,0.29%,0.02%,0.25%,0.01%,0.10%,0.01%,0.08%,0.01%,0.11%,0.01%,0.04%,0.01%,0.04%,0.01,0.07,0.00,0.04,0.00,0.02,0.00,0.05,0.00,0.03,0.00,0.02,0.00,0.02,0.00,0.00,0.00,0.00,0.00,0.01,0.00,0.00,0.00,0.00,119.04,119.96,120.24,0.00,0.00,0.31,1.83%,0.00,0.12%,0.58%,0.05%,1.35%,0.03%,0.66%,0.02%,0.61%,0.02%,0.38%,0.02%,0.32%,0.02%,0.29%,0.01%,0.13%,0.01%,0.08%,0.01%,0.11%,0.01%,0.06%,0.01%,0.05%,0.00,0.00,0.00,0.00,0.00,0.00,0.00,0.00,0.00,0.00,0.00,0.00,0.00,0.00,0.00,0.00,0.00,0.00,0.00,0.00,0.00,0.00,0.00,0.00,236.82,238.84,239.30,0.00,0.00,0.00,1.79%,0.00,0.12%,0.55%,0.05%,1.33%,0.03%,0.65%,0.02%,0.60%,0.02%,0.36%,0.02%,0.30%,0.01%,0.27%,0.01%,0.11%,0.01%,0.08%,0.01%,0.11%,0.01%,0.05%,0.01%,0.04%,0.00,0.00,0.00,0.00,0.00,0.00,0.00,0.00,0.00,0.00,0.00,0.00,0.00,0.00,0.00,0.00,0.00,0.00,0.00,0.00,0.00,0.00,0.00,0.00,120,0.641,72,96,59.95,60.00,60.04
29-Jul-2018 05:50:00,10.000,Y,118.46,119.38,119.94,0.04,0.48,1.06,1.74%,0.05,0.11%,0.54%,0.04%,1.30%,0.03%,0.63%,0.02%,0.59%,0.02%,0.35%,0.01%,0.29%,0.01%,0.25%,0.01%,0.10%,0.01%,0.08%,0.01%,0.11%,0.01%,0.04%,0.01%,0.04%,0.00,0.03,0.00,0.02,0.00,0.01,0.00,0.02,0.00,0.02,0.00,0.01,0.00,0.01,0.00,0.00,0.00,0.00,0.00,0.00,0.00,0.00,0.00,0.00,118.50,119.54,120.08,0.00,0.00,0.32,1.81%,0.00,0.11%,0.59%,0.04%,1.35%,0.02%,0.64%,0.02%,0.59%,0.02%,0.36%,0.01%,0.30%,0.01%,0.28%,0.01%,0.13%,0.01%,0.08%,0.01%,0.11%,0.01%,0.05%,0.01%,0.05%,0.00,0.00,0.00,0.00,0.00,0.00,0.00,0.00,0.00,0.00,0.00,0.00,0.00,0.00,0.00,0.00,0.00,0.00,0.00,0.00,0.00,0.00,0.00,0.00,236.26,238.12,239.10,0.00,0.00,0.00,1.78%,0.00,0.11%,0.56%,0.04%,1.32%,0.03%,0.64%,0.02%,0.59%,0.02%,0.35%,0.01%,0.30%,0.01%,0.26%,0.01%,0.11%,0.01%,0.08%,0.01%,0.11%,0.01%,0.04%,0.01%,0.04%,0.00,0.00,0.00,0.00,0.00,0.00,0.00,0.00,0.00,0.00,0.00,0.00,0.00,0.00,0.00,0.00,0.00,0.00,0.00,0.00,0.00,0.00,0.00,0.00,60,0.829,36,48,59.95,59.99,60.02
29-Jul-2018 06:00:00,10.000,Y,117.94,119.12,119.50,0.00,0.00,0.16,1.74%,0.00,0.12%,0.58%,0.05%,1.26%,0.03%,0.67%,0.02%,0.58%,0.02%,0.34%,0.02%,0.30%,0.01%,0.25%,0.01%,0.11%,0.01%,0.09%,0.01%,0.11%,0.01%,0.04%,0.01%,0.04%,0.00,0.00,0.00,0.00,0.00,0.00,0.00,0.00,0.00,0.00,0.00,0.00,0.00,0.00,0.00,0.00,0.00,0.00,0.00,0.00,0.00,0.00,0.00,0.00,118.18,119.36,119.74,0.00,0.00,0.32,1.81%,0.00,0.12%,0.62%,0.05%,1.30%,0.03%,0.68%,0.02%,0.59%,0.02%,0.36%,0.02%,0.31%,0.01%,0.27%,0.01%,0.13%,0.01%,0.08%,0.01%,0.11%,0.01%,0.05%,0.01%,0.05%,0.00,0.00,0.00,0.00,0.00,0.00,0.00,0.00,0.00,0.00,0.00,0.00,0.00,0.00,0.00,0.00,0.00,0.00,0.00,0.00,0.00,0.00,0.00,0.00,235.90,237.68,238.34,0.00,0.00,0.00,1.77%,0.00,0.12%,0.60%,0.05%,1.28%,0.03%,0.67%,0.02%,0.59%,0.02%,0.35%,0.02%,0.30%,0.01%,0.26%,0.01%,0.12%,0.01%,0.08%,0.01%,0.11%,0.01%,0.04%,0.01%,0.04%,0.00,0.00,0.00,0.00,0.00,0.00,0.00,0.00,0.00,0.00,0.00,0.00,0.00,0.00,0.00,0.00,0.00,0.00,0.00,0.00,0.00,0.00,0.00,0.00,0,1.000,0,0,59.95,60.00,60.03
29-Jul-2018 06:10:00,10.000,Y,117.80,118.84,119.44,0.00,0.00,0.16,1.71%,0.00,0.11%,0.61%,0.04%,1.20%,0.03%,0.68%,0.02%,0.57%,0.02%,0.34%,0.01%,0.30%,0.01%,0.24%,0.01%,0.11%,0.01%,0.09%,0.01%,0.12%,0.01%,0.03%,0.01%,0.05%,0.00,0.00,0.00,0.00,0.00,0.00,0.00,0.00,0.00,0.00,0.00,0.00,0.00,0.00,0.00,0.00,0.00,0.00,0.00,0.00,0.00,0.00,0.00,0.00,118.02,118.94,119.42,0.00,0.00,0.32,1.78%,0.00,0.11%,0.65%,0.04%,1.25%,0.03%,0.71%,0.02%,0.57%,0.02%,0.35%,0.02%,0.31%,0.01%,0.26%,0.01%,0.13%,0.01%,0.08%,0.01%,0.12%,0.01%,0.05%,0.01%,0.05%,0.00,0.00,0.00,0.00,0.00,0.00,0.00,0.00,0.00,0.00,0.00,0.00,0.00,0.00,0.00,0.00,0.00,0.00,0.00,0.00,0.00,0.00,0.00,0.00,235.74,236.98,238.04,0.00,0.00,0.00,1.74%,0.00,0.11%,0.63%,0.04%,1.22%,0.03%,0.69%,0.02%,0.57%,0.02%,0.34%,0.01%,0.30%,0.01%,0.25%,0.01%,0.11%,0.01%,0.08%,0.01%,0.12%,0.01%,0.04%,0.01%,0.04%,0.00,0.00,0.00,0.00,0.00,0.00,0.00,0.00,0.00,0.00,0.00,0.00,0.00,0.00,0.00,0.00,0.00,0.00,0.00,0.00,0.00,0.00,0.00,0.00,0,1.000,0,0,59.95,60.00,60.05
29-Jul-2018 06:20:00,10.000,Y,117.56,118.60,119.16,0.03,0.03,13.95,1.69%,0.00,0.12%,0.62%,0.05%,1.16%,0.03%,0.71%,0.03%,0.54%,0.02%,0.34%,0.02%,0.31%,0.01%,0.25%,0.01%,0.10%,0.01%,0.09%,0.01%,0.11%,0.01%,0.04%,0.01%,0.04%,0.00,0.00,0.00,0.00,0.00,0.00,0.00,0.00,0.00,0.00,0.00,0.00,0.00,0.00,0.00,0.00,0.00,0.00,0.00,0.00,0.00,0.00,0.00,0.00,117.92,118.84,119.36,0.00,0.00,0.33,1.72%,0.00,0.12%,0.65%,0.05%,1.18%,0.03%,0.71%,0.03%,0.56%,0.02%,0.35%,0.02%,0.31%,0.01%,0.26%,0.01%,0.12%,0.01%,0.08%,0.01%,0.11%,0.01%,0.04%,0.01%,0.05%,0.00,0.00,0.00,0.00,0.00,0.00,0.00,0.00,0.00,0.00,0.00,0.00,0.00,0.00,0.00,0.00,0.00,0.00,0.00,0.00,0.00,0.00,0.00,0.00,235.12,236.64,237.62,0.00,0.00,0.00,1.70%,0.00,0.12%,0.63%,0.05%,1.16%,0.03%,0.71%,0.03%,0.55%,0.02%,0.34%,0.02%,0.31%,0.01%,0.25%,0.01%,0.11%,0.01%,0.08%,0.01%,0.11%,0.01%,0.04%,0.01%,0.04%,0.00,0.00,0.00,0.00,0.00,0.00,0.00,0.00,0.00,0.00,0.00,0.00,0.00,0.00,0.00,0.00,0.00,0.00,0.00,0.00,0.00,0.00,0.00,0.00,0,0.999,0,0,59.95,60.00,60.05
29-Jul-2018 06:30:00,10.000,Y,115.88,118.46,118.94,0.94,1.04,1.44,1.72%,0.12,0.11%,0.68%,0.04%,1.17%,0.03%,0.73%,0.02%,0.53%,0.02%,0.33%,0.01%,0.31%,0.01%,0.25%,0.01%,0.10%,0.01%,0.08%,0.01%,0.12%,0.01%,0.03%,0.01%,0.04%,0.01,0.09,0.00,0.04,0.00,0.02,0.00,0.05,0.00,0.03,0.00,0.02,0.00,0.02,0.00,0.00,0.00,0.00,0.00,0.01,0.00,0.00,0.00,0.00,116.38,118.80,119.22,0.00,0.00,0.34,1.74%,0.00,0.11%,0.69%,0.04%,1.18%,0.03%,0.71%,0.02%,0.55%,0.02%,0.37%,0.01%,0.30%,0.01%,0.25%,0.01%,0.13%,0.01%,0.08%,0.01%,0.10%,0.01%,0.04%,0.01%,0.05%,0.00,0.00,0.00,0.00,0.00,0.00,0.00,0.00,0.00,0.00,0.00,0.00,0.00,0.00,0.00,0.00,0.00,0.00,0.00,0.00,0.00,0.00,0.00,0.00,231.48,236.46,237.22,0.00,0.00,0.00,1.73%,0.00,0.11%,0.69%,0.04%,1.17%,0.03%,0.72%,0.02%,0.54%,0.02%,0.35%,0.01%,0.30%,0.01%,0.25%,0.01%,0.12%,0.01%,0.08%,0.01%,0.11%,0.01%,0.03%,0.01%,0.04%,0.00,0.00,0.00,0.00,0.00,0.00,0.00,0.00,0.00,0.00,0.00,0.00,0.00,0.00,0.00,0.00,0.00,0.00,0.00,0.00,0.00,0.00,0.00,0.00,120,0.673,84,84,59.97,60.00,60.05
29-Jul-2018 06:40:00,10.000,Y,117.20,118.64,118.96,0.93,1.01,1.07,1.71%,0.11,0.16%,0.71%,0.06%,1.12%,0.04%,0.72%,0.03%,0.53%,0.02%,0.35%,0.02%,0.30%,0.02%,0.24%,0.02%,0.10%,0.01%,0.08%,0.01%,0.12%,0.01%,0.03%,0.01%,0.04%,0.01,0.08,0.00,0.04,0.00,0.02,0.00,0.04,0.00,0.03,0.00,0.02,0.00,0.02,0.00,0.00,0.00,0.01,0.00,0.01,0.00,0.00,0.00,0.00,117.14,118.54,118.94,0.00,0.00,0.33,1.74%,0.00,0.16%,0.74%,0.06%,1.13%,0.04%,0.71%,0.03%,0.55%,0.02%,0.38%,0.02%,0.30%,0.02%,0.25%,0.02%,0.14%,0.01%,0.08%,0.01%,0.10%,0.01%,0.05%,0.01%,0.05%,0.00,0.00,0.00,0.00,0.00,0.00,0.00,0.00,0.00,0.00,0.00,0.00,0.00,0.00,0.00,0.00,0.00,0.00,0.00,0.00,0.00,0.00,0.00,0.00,233.56,236.38,236.96,0.00,0.00,0.00,1.72%,0.00,0.16%,0.73%,0.05%,1.13%,0.04%,0.71%,0.03%,0.54%,0.02%,0.36%,0.02%,0.30%,0.02%,0.24%,0.02%,0.12%,0.01%,0.07%,0.01%,0.11%,0.01%,0.03%,0.01%,0.04%,0.00,0.00,0.00,0.00,0.00,0.00,0.00,0.00,0.00,0.00,0.00,0.00,0.00,0.00,0.00,0.00,0.00,0.00,0.00,0.00,0.00,0.00,0.00,0.00,120,0.651,72,84,59.98,60.02,60.05
29-Jul-2018 06:50:00,10.000,Y,117.12,118.16,118.48,0.92,1.00,1.06,1.69%,0.11,0.14%,0.71%,0.05%,1.12%,0.03%,0.72%,0.03%,0.51%,0.02%,0.33%,0.02%,0.29%,0.01%,0.23%,0.01%,0.10%,0.01%,0.07%,0.01%,0.11%,0.01%,0.03%,0.01%,0.04%,0.01,0.08,0.00,0.04,0.00,0.02,0.00,0.04,0.00,0.03,0.00,0.02,0.00,0.02,0.00,0.00,0.00,0.00,0.00,0.01,0.00,0.00,0.00,0.00,116.74,117.96,118.42,0.00,0.00,0.33,1.71%,0.00,0.14%,0.74%,0.05%,1.12%,0.03%,0.70%,0.03%,0.54%,0.02%,0.37%,0.02%,0.28%,0.02%,0.24%,0.01%,0.13%,0.01%,0.07%,0.01%,0.09%,0.01%,0.05%,0.01%,0.05%,0.00,0.00,0.00,0.00,0.00,0.00,0.00,0.00,0.00,0.00,0.00,0.00,0.00,0.00,0.00,0.00,0.00,0.00,0.00,0.00,0.00,0.00,0.00,0.00,233.26,235.34,236.04,0.00,0.00,0.00,1.70%,0.00,0.14%,0.73%,0.05%,1.12%,0.03%,0.71%,0.03%,0.52%,0.02%,0.35%,0.02%,0.29%,0.01%,0.23%,0.01%,0.11%,0.01%,0.07%,0.01%,0.10%,0.01%,0.04%,0.01%,0.04%,0.00,0.00,0.00,0.00,0.00,0.00,0.00,0.00,0.00,0.00,0.00,0.00,0.00,0.00,0.00,0.00,0.00,0.00,0.00,0.00,0.00,0.00,0.00,0.00,120,0.650,72,84,59.95,60.01,60.05
29-Jul-2018 07:00:00,10.000,Y,116.16,117.80,118.26,0.92,1.00,1.06,1.72%,0.11,0.11%,0.75%,0.04%,1.16%,0.03%,0.71%,0.03%,0.51%,0.02%,0.32%,0.01%,0.30%,0.01%,0.23%,0.01%,0.10%,0.01%,0.08%,0.01%,0.11%,0.01%,0.03%,0.01%,0.03%,0.01,0.08,0.00,0.04,0.00,0.02,0.00,0.04,0.00,0.03,0.00,0.02,0.00,0.02,0.00,0.00,0.00,0.00,0.00,0.00,0.00,0.00,0.00,0.00,117.04,118.08,118.70,0.00,0.00,0.33,1.76%,0.00,0.11%,0.79%,0.04%,1.16%,0.03%,0.71%,0.03%,0.56%,0.02%,0.36%,0.01%,0.30%,0.01%,0.24%,0.01%,0.14%,0.01%,0.09%,0.01%,0.09%,0.01%,0.05%,0.01%,0.05%,0.00,0.00,0.00,0.00,0.00,0.00,0.00,0.00,0.00,0.00,0.00,0.00,0.00,0.00,0.00,0.00,0.00,0.00,0.00,0.00,0.00,0.00,0.00,0.00,233.18,235.10,235.76,0.00,0.00,0.00,1.74%,0.00,0.11%,0.77%,0.04%,1.16%,0.03%,0.71%,0.03%,0.53%,0.02%,0.34%,0.01%,0.29%,0.01%,0.23%,0.01%,0.12%,0.01%,0.08%,0.01%,0.10%,0.01%,0.04%,0.01%,0.04%,0.00,0.00,0.00,0.00,0.00,0.00,0.00,0.00,0.00,0.00,0.00,0.00,0.00,0.00,0.00,0.00,0.00,0.00,0.00,0.00,0.00,0.00,0.00,0.00,120,0.650,72,84,59.94,59.99,60.04
29-Jul-2018 07:10:00,10.000,Y,116.14,118.02,118.50,0.92,1.00,1.07,1.74%,0.11,0.13%,0.78%,0.05%,1.14%,0.04%,0.74%,0.03%,0.52%,0.02%,0.32%,0.02%,0.28%,0.02%,0.23%,0.01%,0.10%,0.01%,0.07%,0.01%,0.11%,0.01%,0.04%,0.01%,0.03%,0.01,0.08,0.00,0.04,0.00,0.02,0.00,0.04,0.00,0.03,0.00,0.02,0.00,0.02,0.00,0.00,0.00,0.00,0.00,0.00,0.00,0.00,0.00,0.00,116.20,117.50,118.68,0.00,0.00,0.33,1.78%,0.00,0.13%,0.84%,0.05%,1.13%,0.03%,0.72%,0.03%,0.56%,0.02%,0.36%,0.02%,0.29%,0.02%,0.24%,0.01%,0.13%,0.01%,0.09%,0.01%,0.10%,0.01%,0.05%,0.01%,0.05%,0.00,0.00,0.00,0.00,0.00,0.00,0.00,0.00,0.00,0.00,0.00,0.00,0.00,0.00,0.00,0.00,0.00,0.00,0.00,0.00,0.00,0.00,0.00,0.00,232.68,234.72,236.04,0.00,0.00,0.00,1.75%,0.00,0.13%,0.81%,0.05%,1.13%,0.04%,0.73%,0.03%,0.54%,0.02%,0.34%,0.02%,0.28%,0.02%,0.24%,0.01%,0.11%,0.01%,0.07%,0.01%,0.10%,0.01%,0.04%,0.01%,0.04%,0.00,0.00,0.00,0.00,0.00,0.00,0.00,0.00,0.00,0.00,0.00,0.00,0.00,0.00,0.00,0.00,0.00,0.00,0.00,0.00,0.00,0.00,0.00,0.00,120,0.650,72,84,59.94,60.00,60.05
29-Jul-2018 07:20:00,10.000,Y,116.82,117.78,118.12,0.92,1.00,1.06,1.75%,0.11,0.13%,0.82%,0.05%,1.09%,0.03%,0.77%,0.03%,0.54%,0.02%,0.31%,0.02%,0.29%,0.01%,0.24%,0.01%,0.09%,0.01%,0.08%,0.01%,0.11%,0.01%,0.04%,0.01%,0.03%,0.01,0.08,0.00,0.04,0.00,0.02,0.00,0.05,0.00,0.03,0.00,0.02,0.00,0.02,0.00,0.00,0.00,0.00,0.00,0.00,0.00,0.00,0.00,0.00,115.32,116.72,117.32,0.00,0.00,0.33,1.78%,0.00,0.13%,0.88%,0.05%,1.10%,0.03%,0.75%,0.03%,0.56%,0.02%,0.37%,0.02%,0.28%,0.01%,0.24%,0.01%,0.13%,0.01%,0.09%,0.01%,0.09%,0.01%,0.05%,0.01%,0.05%,0.00,0.00,0.00,0.00,0.00,0.00,0.00,0.00,0.00,0.00,0.00,0.00,0.00,0.00,0.00,0.00,0.00,0.00,0.00,0.00,0.00,0.00,0.00,0.00,231.92,233.72,234.60,0.00,0.00,0.00,1.76%,0.00,0.13%,0.85%,0.05%,1.09%,0.03%,0.76%,0.03%,0.55%,0.02%,0.34%,0.02%,0.28%,0.01%,0.24%,0.01%,0.11%,0.01%,0.08%,0.01%,0.10%,0.01%,0.05%,0.01%,0.04%,0.00,0.00,0.00,0.00,0.00,0.00,0.00,0.00,0.00,0.00,0.00,0.00,0.00,0.00,0.00,0.00,0.00,0.00,0.00,0.00,0.00,0.00,0.00,0.00,120,0.656,72,84,59.87,60.00,60.07
29-Jul-2018 07:30:00,10.000,Y,116.38,117.40,118.02,0.92,0.99,1.06,1.76%,0.11,0.11%,0.85%,0.04%,1.09%,0.03%,0.78%,0.02%,0.55%,0.02%,0.29%,0.02%,0.28%,0.01%,0.23%,0.01%,0.09%,0.01%,0.07%,0.01%,0.11%,0.01%,0.05%,0.01%,0.03%,0.01,0.08,0.00,0.04,0.00,0.02,0.00,0.05,0.00,0.03,0.00,0.02,0.00,0.02,0.00,0.00,0.00,0.01,0.00,0.00,0.00,0.00,0.00,0.00,114.82,116.38,116.78,0.00,0.00,0.33,1.78%,0.00,0.11%,0.88%,0.04%,1.11%,0.03%,0.76%,0.02%,0.54%,0.02%,0.33%,0.01%,0.27%,0.01%,0.23%,0.01%,0.12%,0.01%,0.08%,0.01%,0.10%,0.01%,0.06%,0.01%,0.04%,0.00,0.00,0.00,0.00,0.00,0.00,0.00,0.00,0.00,0.00,0.00,0.00,0.00,0.00,0.00,0.00,0.00,0.00,0.00,0.00,0.00,0.00,0.00,0.00,231.34,233.00,233.56,0.00,0.00,0.00,1.77%,0.00,0.11%,0.87%,0.04%,1.10%,0.03%,0.77%,0.02%,0.54%,0.02%,0.31%,0.01%,0.28%,0.01%,0.23%,0.01%,0.11%,0.01%,0.08%,0.01%,0.10%,0.01%,0.05%,0.01%,0.04%,0.00,0.00,0.00,0.00,0.00,0.00,0.00,0.00,0.00,0.00,0.00,0.00,0.00,0.00,0.00,0.00,0.00,0.00,0.00,0.00,0.00,0.00,0.00,0.00,120,0.653,72,84,59.93,59.99,60.04
29-Jul-2018 07:40:00,10.000,Y,116.12,117.36,118.12,0.92,0.99,1.05,1.78%,0.11,0.11%,0.89%,0.04%,1.09%,0.03%,0.79%,0.02%,0.56%,0.02%,0.29%,0.01%,0.28%,0.01%,0.24%,0.01%,0.09%,0.01%,0.07%,0.01%,0.11%,0.01%,0.04%,0.01%,0.03%,0.01,0.08,0.00,0.04,0.00,0.02,0.00,0.05,0.00,0.03,0.00,0.02,0.00,0.02,0.00,0.00,0.00,0.01,0.00,0.00,0.00,0.00,0.00,0.00,114.98,116.00,116.88,0.00,0.00,0.35,1.79%,0.00,0.11%,0.92%,0.04%,1.10%,0.03%,0.75%,0.02%,0.54%,0.02%,0.32%,0.01%,0.27%,0.01%,0.23%,0.01%,0.12%,0.01%,0.08%,0.01%,0.09%,0.01%,0.05%,0.01%,0.04%,0.00,0.00,0.00,0.00,0.00,0.00,0.00,0.00,0.00,0.00,0.00,0.00,0.00,0.00,0.00,0.00,0.00,0.00,0.00,0.00,0.00,0.00,0.00,0.00,230.40,232.60,233.78,0.00,0.00,0.00,1.79%,0.00,0.11%,0.90%,0.04%,1.09%,0.03%,0.77%,0.02%,0.55%,0.02%,0.31%,0.01%,0.28%,0.01%,0.24%,0.01%,0.11%,0.01%,0.07%,0.01%,0.10%,0.01%,0.04%,0.01%,0.04%,0.00,0.00,0.00,0.00,0.00,0.00,0.00,0.00,0.00,0.00,0.00,0.00,0.00,0.00,0.00,0.00,0.00,0.00,0.00,0.00,0.00,0.00,0.00,0.00,120,0.652,72,84,59.93,59.99,60.04
29-Jul-2018 07:50:00,10.000,Y,115.86,117.06,117.72,0.91,0.99,1.05,1.76%,0.11,0.11%,0.88%,0.04%,1.09%,0.02%,0.77%,0.02%,0.54%,0.02%,0.29%,0.01%,0.28%,0.01%,0.23%,0.01%,0.10%,0.01%,0.06%,0.01%,0.11%,0.01%,0.03%,0.01%,0.03%,0.01,0.08,0.00,0.04,0.00,0.02,0.00,0.05,0.00,0.03,0.00,0.02,0.00,0.02,0.00,0.00,0.00,0.00,0.00,0.00,0.00,0.00,0.00,0.00,114.60,115.90,116.62,0.00,0.00,0.33,1.88%,0.00,0.10%,1.05%,0.04%,1.13%,0.03%,0.74%,0.02%,0.58%,0.02%,0.34%,0.02%,0.28%,0.01%,0.22%,0.01%,0.13%,0.01%,0.09%,0.01%,0.08%,0.01%,0.04%,0.01%,0.05%,0.00,0.00,0.00,0.00,0.00,0.00,0.00,0.00,0.00,0.00,0.00,0.00,0.00,0.00,0.00,0.00,0.00,0.00,0.00,0.00,0.00,0.00,0.00,0.00,230.50,232.18,233.36,0.00,0.00,0.00,1.82%,0.00,0.10%,0.96%,0.04%,1.11%,0.02%,0.75%,0.02%,0.56%,0.02%,0.31%,0.01%,0.28%,0.01%,0.22%,0.01%,0.11%,0.01%,0.07%,0.01%,0.10%,0.01%,0.04%,0.01%,0.04%,0.00,0.00,0.00,0.00,0.00,0.00,0.00,0.00,0.00,0.00,0.00,0.00,0.00,0.00,0.00,0.00,0.00,0.00,0.00,0.00,0.00,0.00,0.00,0.00,120,0.654,72,84,59.92,59.99,60.03
29-Jul-2018 08:00:00,10.000,Y,115.84,117.42,118.12,0.91,0.99,1.06,1.78%,0.11,0.08%,0.90%,0.03%,1.12%,0.02%,0.75%,0.02%,0.54%,0.02%,0.29%,0.01%,0.30%,0.01%,0.22%,0.01%,0.10%,0.01%,0.07%,0.01%,0.10%,0.01%,0.03%,0.01%,0.03%,0.01,0.08,0.00,0.04,0.00,0.02,0.00,0.05,0.00,0.03,0.00,0.02,0.00,0.02,0.00,0.00,0.00,0.00,0.00,0.00,0.00,0.00,0.00,0.00,115.54,116.74,118.12,0.00,0.00,0.37,1.79%,0.00,0.08%,0.94%,0.03%,1.10%,0.02%,0.72%,0.02%,0.56%,0.02%,0.34%,0.01%,0.29%,0.01%,0.22%,0.01%,0.12%,0.01%,0.08%,0.01%,0.08%,0.01%,0.04%,0.01%,0.05%,0.00,0.00,0.00,0.00,0.00,0.00,0.00,0.00,0.00,0.00,0.00,0.00,0.00,0.00,0.00,0.00,0.00,0.00,0.00,0.00,0.00,0.00,0.00,0.00,231.32,233.38,235.08,0.00,0.00,0.00,1.79%,0.00,0.08%,0.92%,0.03%,1.11%,0.02%,0.74%,0.02%,0.55%,0.02%,0.31%,0.01%,0.29%,0.01%,0.22%,0.01%,0.11%,0.01%,0.07%,0.01%,0.09%,0.01%,0.03%,0.01%,0.04%,0.00,0.00,0.00,0.00,0.00,0.00,0.00,0.00,0.00,0.00,0.00,0.00,0.00,0.00,0.00,0.00,0.00,0.00,0.00,0.00,0.00,0.00,0.00,0.00,120,0.652,72,84,59.91,59.97,60.05
29-Jul-2018 08:10:00,10.000,Y,116.84,118.02,118.72,0.93,1.07,1.72,1.78%,0.16,0.10%,0.93%,0.04%,1.07%,0.03%,0.74%,0.02%,0.57%,0.02%,0.30%,0.01%,0.32%,0.01%,0.24%,0.01%,0.09%,0.01%,0.06%,0.01%,0.12%,0.01%,0.03%,0.01%,0.03%,0.01,0.07,0.00,0.06,0.00,0.05,0.00,0.08,0.00,0.04,0.00,0.04,0.00,0.03,0.00,0.03,0.00,0.03,0.00,0.02,0.00,0.02,0.00,0.02,115.26,117.26,118.08,0.00,0.00,0.35,1.82%,0.00,0.10%,0.98%,0.04%,1.08%,0.03%,0.72%,0.02%,0.58%,0.02%,0.34%,0.01%,0.31%,0.01%,0.22%,0.01%,0.13%,0.01%,0.08%,0.01%,0.08%,0.01%,0.05%,0.01%,0.05%,0.00,0.00,0.00,0.00,0.00,0.00,0.00,0.00,0.00,0.00,0.00,0.00,0.00,0.00,0.00,0.00,0.00,0.00,0.00,0.00,0.00,0.00,0.00,0.00,231.76,234.50,235.38,0.00,0.00,0.00,1.80%,0.00,0.10%,0.95%,0.04%,1.08%,0.02%,0.73%,0.02%,0.57%,0.02%,0.32%,0.01%,0.31%,0.01%,0.23%,0.01%,0.11%,0.01%,0.07%,0.01%,0.10%,0.01%,0.04%,0.01%,0.03%,0.00,0.00,0.00,0.00,0.00,0.00,0.00,0.00,0.00,0.00,0.00,0.00,0.00,0.00,0.00,0.00,0.00,0.00,0.00,0.00,0.00,0.00,0.00,0.00,132,0.755,96,84,59.91,59.98,60.03
29-Jul-2018 08:20:00,10.000,Y,116.98,117.82,118.10,1.01,1.08,1.14,1.82%,0.17,0.12%,0.98%,0.04%,1.09%,0.03%,0.73%,0.02%,0.57%,0.02%,0.30%,0.02%,0.31%,0.01%,0.24%,0.01%,0.09%,0.01%,0.06%,0.01%,0.11%,0.01%,0.03%,0.01%,0.03%,0.01,0.08,0.00,0.06,0.00,0.06,0.00,0.09,0.00,0.04,0.00,0.05,0.00,0.03,0.00,0.03,0.00,0.03,0.00,0.02,0.00,0.02,0.00,0.02,116.36,117.34,117.78,0.00,0.00,0.33,1.82%,0.00,0.11%,1.01%,0.04%,1.08%,0.03%,0.71%,0.02%,0.55%,0.02%,0.32%,0.02%,0.31%,0.01%,0.22%,0.01%,0.11%,0.01%,0.08%,0.01%,0.08%,0.01%,0.05%,0.01%,0.04%,0.00,0.00,0.00,0.00,0.00,0.00,0.00,0.00,0.00,0.00,0.00,0.00,0.00,0.00,0.00,0.00,0.00,0.00,0.00,0.00,0.00,0.00,0.00,0.00,233.14,234.36,234.96,0.00,0.00,0.00,1.81%,0.00,0.11%,1.00%,0.04%,1.08%,0.03%,0.72%,0.02%,0.56%,0.02%,0.31%,0.02%,0.31%,0.01%,0.23%,0.01%,0.10%,0.01%,0.07%,0.01%,0.09%,0.01%,0.04%,0.01%,0.03%,0.00,0.00,0.00,0.00,0.00,0.00,0.00,0.00,0.00,0.00,0.00,0.00,0.00,0.00,0.00,0.00,0.00,0.00,0.00,0.00,0.00,0.00,0.00,0.00,132,0.773,96,72,59.93,60.00,60.06
29-Jul-2018 08:30:00,10.000,Y,112.66,117.44,117.82,0.95,1.09,1.18,1.85%,0.17,0.07%,1.00%,0.03%,1.15%,0.02%,0.74%,0.02%,0.56%,0.02%,0.27%,0.01%,0.30%,0.01%,0.24%,0.01%,0.08%,0.01%,0.07%,0.01%,0.10%,0.01%,0.04%,0.01%,0.02%,0.01,0.08,0.00,0.06,0.00,0.06,0.00,0.08,0.00,0.04,0.00,0.04,0.00,0.03,0.00,0.03,0.00,0.02,0.00,0.02,0.00,0.02,0.00,0.01,113.22,117.64,118.08,0.00,0.00,0.36,1.88%,0.00,0.07%,1.05%,0.03%,1.15%,0.02%,0.72%,0.02%,0.55%,0.01%,0.30%,0.01%,0.32%,0.01%,0.23%,0.01%,0.10%,0.01%,0.09%,0.01%,0.08%,0.01%,0.05%,0.01%,0.03%,0.00,0.00,0.00,0.00,0.00,0.00,0.00,0.00,0.00,0.00,0.00,0.00,0.00,0.00,0.00,0.00,0.00,0.00,0.00,0.00,0.00,0.00,0.00,0.00,225.10,234.28,234.90,0.00,0.00,0.00,1.86%,0.00,0.07%,1.02%,0.03%,1.15%,0.02%,0.73%,0.02%,0.55%,0.01%,0.29%,0.01%,0.31%,0.01%,0.23%,0.01%,0.09%,0.01%,0.07%,0.01%,0.09%,0.01%,0.04%,0.01%,0.02%,0.00,0.00,0.00,0.00,0.00,0.00,0.00,0.00,0.00,0.00,0.00,0.00,0.00,0.00,0.00,0.00,0.00,0.00,0.00,0.00,0.00,0.00,0.00,0.00,132,0.779,96,72,59.91,59.97,60.01
29-Jul-2018 08:40:00,10.000,Y,116.36,117.74,118.22,1.00,1.10,1.17,1.88%,0.17,0.12%,1.05%,0.05%,1.14%,0.03%,0.74%,0.03%,0.55%,0.02%,0.28%,0.02%,0.29%,0.01%,0.24%,0.01%,0.08%,0.01%,0.07%,0.01%,0.10%,0.01%,0.04%,0.01%,0.02%,0.01,0.08,0.00,0.06,0.00,0.06,0.00,0.08,0.00,0.04,0.00,0.04,0.00,0.03,0.00,0.02,0.00,0.02,0.00,0.02,0.00,0.02,0.00,0.01,114.36,116.16,117.94,0.00,0.00,0.40,1.88%,0.00,0.12%,1.09%,0.05%,1.13%,0.03%,0.71%,0.02%,0.53%,0.02%,0.30%,0.02%,0.30%,0.01%,0.22%,0.01%,0.09%,0.01%,0.08%,0.01%,0.08%,0.01%,0.05%,0.01%,0.03%,0.00,0.00,0.00,0.00,0.00,0.00,0.00,0.00,0.00,0.00,0.00,0.00,0.00,0.00,0.00,0.00,0.00,0.00,0.00,0.00,0.00,0.00,0.00,0.00,231.36,233.12,234.60,0.00,0.00,0.00,1.88%,0.00,0.12%,1.07%,0.05%,1.14%,0.03%,0.72%,0.02%,0.54%,0.02%,0.29%,0.01%,0.30%,0.01%,0.23%,0.01%,0.09%,0.01%,0.07%,0.01%,0.09%,0.01%,0.04%,0.01%,0.02%,0.00,0.00,0.00,0.00,0.00,0.00,0.00,0.00,0.00,0.00,0.00,0.00,0.00,0.00,0.00,0.00,0.00,0.00,0.00,0.00,0.00,0.00,0.00,0.00,132,0.781,96,72,59.92,59.99,60.04
29-Jul-2018 08:50:00,10.000,Y,116.28,117.08,117.42,1.01,1.09,1.16,1.90%,0.17,0.10%,1.08%,0.04%,1.15%,0.03%,0.73%,0.02%,0.56%,0.02%,0.28%,0.01%,0.29%,0.01%,0.24%,0.01%,0.08%,0.01%,0.07%,0.01%,0.10%,0.01%,0.03%,0.01%,0.02%,0.01,0.08,0.00,0.07,0.00,0.06,0.00,0.08,0.00,0.04,0.00,0.04,0.00,0.03,0.00,0.02,0.00,0.02,0.00,0.02,0.00,0.02,0.00,0.01,114.94,116.74,117.40,0.00,0.00,0.33,1.90%,0.00,0.10%,1.11%,0.04%,1.14%,0.03%,0.70%,0.02%,0.53%,0.02%,0.31%,0.01%,0.30%,0.01%,0.22%,0.01%,0.10%,0.01%,0.08%,0.01%,0.08%,0.01%,0.05%,0.01%,0.03%,0.00,0.00,0.00,0.00,0.00,0.00,0.00,0.00,0.00,0.00,0.00,0.00,0.00,0.00,0.00,0.00,0.00,0.00,0.00,0.00,0.00,0.00,0.00,0.00,231.18,233.02,233.72,0.00,0.00,0.00,1.90%,0.00,0.10%,1.10%,0.04%,1.14%,0.03%,0.71%,0.02%,0.55%,0.02%,0.29%,0.01%,0.30%,0.01%,0.23%,0.01%,0.09%,0.01%,0.07%,0.01%,0.09%,0.01%,0.04%,0.01%,0.02%,0.00,0.00,0.00,0.00,0.00,0.00,0.00,0.00,0.00,0.00,0.00,0.00,0.00,0.00,0.00,0.00,0.00,0.00,0.00,0.00,0.00,0.00,0.00,0.00,132,0.782,96,72,59.91,59.98,60.05
29-Jul-2018 09:00:00,10.000,Y,115.66,116.94,117.58,1.00,1.08,1.15,1.91%,0.17,0.12%,1.10%,0.05%,1.14%,0.03%,0.74%,0.03%,0.54%,0.02%,0.30%,0.02%,0.30%,0.01%,0.24%,0.01%,0.09%,0.01%,0.07%,0.01%,0.10%,0.01%,0.04%,0.01%,0.02%,0.01,0.08,0.00,0.07,0.00,0.06,0.00,0.08,0.00,0.04,0.00,0.04,0.00,0.03,0.00,0.02,0.00,0.02,0.00,0.02,0.00,0.02,0.00,0.01,114.24,116.36,117.26,0.00,0.00,0.39,1.93%,0.00,0.13%,1.14%,0.05%,1.14%,0.03%,0.71%,0.02%,0.53%,0.02%,0.34%,0.02%,0.30%,0.01%,0.22%,0.01%,0.11%,0.01%,0.08%,0.01%,0.08%,0.01%,0.05%,0.01%,0.02%,0.00,0.00,0.00,0.00,0.00,0.00,0.00,0.00,0.00,0.00,0.00,0.00,0.00,0.00,0.00,0.00,0.00,0.00,0.00,0.00,0.00,0.00,0.00,0.00,230.06,232.52,233.60,0.00,0.00,0.00,1.91%,0.00,0.12%,1.12%,0.05%,1.14%,0.03%,0.72%,0.02%,0.53%,0.02%,0.32%,0.02%,0.29%,0.01%,0.23%,0.01%,0.10%,0.01%,0.07%,0.01%,0.09%,0.01%,0.04%,0.01%,0.02%,0.00,0.00,0.00,0.00,0.00,0.00,0.00,0.00,0.00,0.00,0.00,0.00,0.00,0.00,0.00,0.00,0.00,0.00,0.00,0.00,0.00,0.00,0.00,0.00,132,0.782,96,72,59.95,60.00,60.07
29-Jul-2018 09:10:00,10.000,Y,115.82,117.02,117.52,1.01,1.09,1.15,1.93%,0.17,0.11%,1.11%,0.04%,1.14%,0.03%,0.75%,0.02%,0.57%,0.02%,0.30%,0.01%,0.30%,0.01%,0.24%,0.01%,0.10%,0.01%,0.07%,0.01%,0.10%,0.01%,0.04%,0.01%,0.03%,0.01,0.08,0.00,0.07,0.00,0.06,0.00,0.09,0.00,0.04,0.00,0.04,0.00,0.03,0.00,0.02,0.00,0.02,0.00,0.02,0.00,0.02,0.00,0.02,115.90,117.02,117.82,0.00,0.00,0.33,2.01%,0.00,0.10%,1.23%,0.04%,1.18%,0.03%,0.71%,0.02%,0.54%,0.02%,0.34%,0.01%,0.32%,0.01%,0.24%,0.01%,0.12%,0.01%,0.09%,0.01%,0.09%,0.01%,0.05%,0.01%,0.03%,0.00,0.00,0.00,0.00,0.00,0.00,0.00,0.00,0.00,0.00,0.00,0.00,0.00,0.00,0.00,0.00,0.00,0.00,0.00,0.00,0.00,0.00,0.00,0.00,231.72,233.24,234.36,0.00,0.00,0.00,1.96%,0.00,0.10%,1.17%,0.04%,1.16%,0.03%,0.73%,0.02%,0.55%,0.02%,0.32%,0.01%,0.31%,0.01%,0.24%,0.01%,0.11%,0.01%,0.07%,0.01%,0.10%,0.01%,0.05%,0.01%,0.03%,0.00,0.00,0.00,0.00,0.00,0.00,0.00,0.00,0.00,0.00,0.00,0.00,0.00,0.00,0.00,0.00,0.00,0.00,0.00,0.00,0.00,0.00,0.00,0.00,132,0.781,96,72,59.93,59.99,60.05
29-Jul-2018 09:20:00,10.000,Y,115.92,117.08,117.38,1.01,1.09,1.15,1.89%,0.17,0.15%,1.12%,0.05%,1.09%,0.03%,0.73%,0.03%,0.56%,0.02%,0.29%,0.02%,0.29%,0.02%,0.24%,0.01%,0.10%,0.01%,0.05%,0.01%,0.10%,0.01%,0.03%,0.01%,0.02%,0.01,0.08,0.00,0.07,0.00,0.06,0.00,0.08,0.00,0.04,0.00,0.04,0.00,0.02,0.00,0.02,0.00,0.02,0.00,0.02,0.00,0.02,0.00,0.01,116.08,117.26,118.02,0.00,0.00,0.33,1.92%,0.00,0.14%,1.18%,0.05%,1.10%,0.03%,0.70%,0.03%,0.54%,0.02%,0.32%,0.02%,0.31%,0.02%,0.23%,0.01%,0.10%,0.01%,0.07%,0.01%,0.08%,0.01%,0.05%,0.01%,0.03%,0.00,0.00,0.00,0.00,0.00,0.00,0.00,0.00,0.00,0.00,0.00,0.00,0.00,0.00,0.00,0.00,0.00,0.00,0.00,0.00,0.00,0.00,0.00,0.00,231.94,233.56,234.36,0.00,0.00,0.00,1.90%,0.00,0.14%,1.15%,0.05%,1.09%,0.03%,0.71%,0.03%,0.55%,0.02%,0.31%,0.02%,0.30%,0.02%,0.23%,0.01%,0.10%,0.01%,0.05%,0.01%,0.09%,0.01%,0.04%,0.01%,0.02%,0.00,0.00,0.00,0.00,0.00,0.00,0.00,0.00,0.00,0.00,0.00,0.00,0.00,0.00,0.00,0.00,0.00,0.00,0.00,0.00,0.00,0.00,0.00,0.00,132,0.783,96,72,59.96,60.01,60.07
29-Jul-2018 09:30:00,10.000,Y,115.88,116.98,117.26,1.01,1.09,1.15,1.91%,0.17,0.10%,1.13%,0.04%,1.13%,0.02%,0.72%,0.02%,0.55%,0.02%,0.29%,0.01%,0.30%,0.01%,0.22%,0.01%,0.09%,0.01%,0.05%,0.01%,0.10%,0.01%,0.04%,0.01%,0.02%,0.01,0.08,0.00,0.07,0.00,0.06,0.00,0.08,0.00,0.04,0.00,0.04,0.00,0.02,0.00,0.02,0.00,0.02,0.00,0.02,0.00,0.02,0.00,0.01,115.66,116.72,117.12,0.00,0.00,0.35,1.93%,0.00,0.10%,1.18%,0.04%,1.14%,0.02%,0.69%,0.02%,0.53%,0.02%,0.31%,0.01%,0.31%,0.01%,0.22%,0.01%,0.10%,0.01%,0.06%,0.01%,0.08%,0.01%,0.05%,0.01%,0.03%,0.00,0.00,0.00,0.00,0.00,0.00,0.00,0.00,0.00,0.00,0.00,0.00,0.00,0.00,0.00,0.00,0.00,0.00,0.00,0.00,0.00,0.00,0.00,0.00,230.88,232.92,233.46,0.00,0.00,0.00,1.91%,0.00,0.10%,1.15%,0.03%,1.13%,0.02%,0.70%,0.02%,0.54%,0.02%,0.30%,0.01%,0.30%,0.01%,0.22%,0.01%,0.10%,0.01%,0.05%,0.01%,0.09%,0.01%,0.04%,0.01%,0.02%,0.00,0.00,0.00,0.00,0.00,0.00,0.00,0.00,0.00,0.00,0.00,0.00,0.00,0.00,0.00,0.00,0.00,0.00,0.00,0.00,0.00,0.00,0.00,0.00,132,0.783,96,72,59.93,59.98,60.04
29-Jul-2018 09:40:00,10.000,Y,114.24,116.92,117.66,1.01,1.09,1.17,1.97%,0.17,0.13%,1.20%,0.05%,1.15%,0.03%,0.72%,0.03%,0.56%,0.02%,0.28%,0.02%,0.31%,0.02%,0.23%,0.01%,0.09%,0.01%,0.06%,0.01%,0.11%,0.01%,0.04%,0.01%,0.02%,0.01,0.08,0.00,0.06,0.00,0.06,0.00,0.08,0.00,0.04,0.00,0.04,0.00,0.03,0.00,0.02,0.00,0.02,0.00,0.02,0.00,0.02,0.00,0.01,113.20,116.00,117.70,0.00,0.00,0.35,2.01%,0.00,0.13%,1.25%,0.05%,1.16%,0.03%,0.72%,0.03%,0.54%,0.02%,0.31%,0.02%,0.32%,0.02%,0.22%,0.01%,0.10%,0.01%,0.07%,0.01%,0.09%,0.01%,0.05%,0.01%,0.03%,0.00,0.00,0.00,0.00,0.00,0.00,0.00,0.00,0.00,0.00,0.00,0.00,0.00,0.00,0.00,0.00,0.00,0.00,0.00,0.00,0.00,0.00,0.00,0.00,227.34,232.14,234.40,0.00,0.00,0.00,1.98%,0.00,0.13%,1.22%,0.05%,1.15%,0.03%,0.72%,0.02%,0.55%,0.02%,0.29%,0.02%,0.31%,0.01%,0.22%,0.01%,0.10%,0.01%,0.06%,0.01%,0.10%,0.01%,0.04%,0.01%,0.02%,0.00,0.00,0.00,0.00,0.00,0.00,0.00,0.00,0.00,0.00,0.00,0.00,0.00,0.00,0.00,0.00,0.00,0.00,0.00,0.00,0.00,0.00,0.00,0.00,132,0.784,96,72,59.95,60.00,60.06
29-Jul-2018 09:50:00,10.000,Y,115.28,116.46,117.06,1.00,1.09,1.16,1.93%,0.16,0.16%,1.19%,0.06%,1.10%,0.04%,0.70%,0.03%,0.54%,0.02%,0.27%,0.02%,0.30%,0.02%,0.21%,0.02%,0.09%,0.01%,0.05%,0.01%,0.11%,0.01%,0.03%,0.01%,0.02%,0.01,0.08,0.00,0.07,0.00,0.06,0.00,0.08,0.00,0.04,0.00,0.04,0.00,0.02,0.00,0.02,0.00,0.02,0.00,0.02,0.00,0.02,0.00,0.01,113.86,115.08,116.54,0.00,0.00,0.36,1.97%,0.00,0.16%,1.25%,0.06%,1.11%,0.04%,0.70%,0.03%,0.54%,0.02%,0.31%,0.02%,0.31%,0.02%,0.21%,0.02%,0.11%,0.01%,0.06%,0.01%,0.10%,0.01%,0.04%,0.01%,0.03%,0.00,0.00,0.00,0.00,0.00,0.00,0.00,0.00,0.00,0.00,0.00,0.00,0.00,0.00,0.00,0.00,0.00,0.00,0.00,0.00,0.00,0.00,0.00,0.00,229.50,230.76,231.84,0.00,0.00,0.00,1.95%,0.00,0.16%,1.22%,0.06%,1.11%,0.04%,0.70%,0.03%,0.54%,0.02%,0.29%,0.02%,0.30%,0.02%,0.21%,0.02%,0.10%,0.01%,0.06%,0.01%,0.10%,0.01%,0.04%,0.01%,0.02%,0.00,0.00,0.00,0.00,0.00,0.00,0.00,0.00,0.00,0.00,0.00,0.00,0.00,0.00,0.00,0.00,0.00,0.00,0.00,0.00,0.00,0.00,0.00,0.00,132,0.789,96,72,59.97,60.02,60.07
29-Jul-2018 10:00:00,10.000,Y,114.00,115.98,117.10,1.00,1.08,1.14,1.92%,0.16,0.17%,1.19%,0.06%,1.10%,0.04%,0.71%,0.03%,0.55%,0.02%,0.26%,0.02%,0.28%,0.02%,0.20%,0.02%,0.09%,0.01%,0.06%,0.01%,0.09%,0.01%,0.04%,0.01%,0.03%,0.01,0.08,0.00,0.07,0.00,0.06,0.00,0.08,0.00,0.04,0.00,0.04,0.00,0.02,0.00,0.02,0.00,0.02,0.00,0.02,0.00,0.02,0.00,0.01,113.94,115.46,117.00,0.00,0.00,0.34,2.01%,0.00,0.17%,1.29%,0.06%,1.12%,0.04%,0.70%,0.03%,0.54%,0.03%,0.30%,0.02%,0.32%,0.02%,0.21%,0.02%,0.11%,0.01%,0.07%,0.01%,0.09%,0.01%,0.05%,0.01%,0.04%,0.00,0.00,0.00,0.00,0.00,0.00,0.00,0.00,0.00,0.00,0.00,0.00,0.00,0.00,0.00,0.00,0.00,0.00,0.00,0.00,0.00,0.00,0.00,0.00,228.42,230.66,233.28,0.00,0.00,0.00,1.96%,0.00,0.17%,1.24%,0.06%,1.11%,0.04%,0.70%,0.03%,0.54%,0.03%,0.28%,0.02%,0.30%,0.02%,0.20%,0.02%,0.10%,0.01%,0.06%,0.01%,0.09%,0.01%,0.04%,0.01%,0.03%,0.00,0.00,0.00,0.00,0.00,0.00,0.00,0.00,0.00,0.00,0.00,0.00,0.00,0.00,0.00,0.00,0.00,0.00,0.00,0.00,0.00,0.00,0.00,0.00,120,0.789,96,72,59.97,60.03,60.09
29-Jul-2018 10:10:00,10.000,Y,116.14,117.28,117.90,1.01,1.09,1.15,1.90%,0.17,0.12%,1.17%,0.04%,1.09%,0.03%,0.69%,0.03%,0.58%,0.02%,0.28%,0.02%,0.29%,0.01%,0.21%,0.01%,0.10%,0.01%,0.05%,0.01%,0.10%,0.01%,0.03%,0.01%,0.02%,0.01,0.08,0.00,0.07,0.00,0.06,0.00,0.09,0.00,0.04,0.00,0.04,0.00,0.02,0.00,0.02,0.00,0.02,0.00,0.02,0.00,0.02,0.00,0.01,114.66,116.08,117.40,0.00,0.00,0.36,1.98%,0.00,0.12%,1.27%,0.04%,1.14%,0.03%,0.67%,0.03%,0.55%,0.02%,0.30%,0.02%,0.31%,0.01%,0.21%,0.01%,0.12%,0.01%,0.08%,0.01%,0.08%,0.01%,0.05%,0.01%,0.04%,0.00,0.00,0.00,0.00,0.00,0.00,0.00,0.00,0.00,0.00,0.00,0.00,0.00,0.00,0.00,0.00,0.00,0.00,0.00,0.00,0.00,0.00,0.00,0.00,230.82,232.58,234.12,0.00,0.00,0.00,1.94%,0.00,0.12%,1.22%,0.04%,1.11%,0.03%,0.68%,0.03%,0.57%,0.02%,0.29%,0.01%,0.29%,0.01%,0.21%,0.01%,0.11%,0.01%,0.06%,0.01%,0.08%,0.01%,0.04%,0.01%,0.03%,0.00,0.00,0.00,0.00,0.00,0.00,0.00,0.00,0.00,0.00,0.00,0.00,0.00,0.00,0.00,0.00,0.00,0.00,0.00,0.00,0.00,0.00,0.00,0.00,132,0.781,96,72,59.91,59.99,60.04
29-Jul-2018 10:20:00,10.000,Y,115.64,116.94,117.54,1.01,1.09,1.15,1.90%,0.17,0.10%,1.18%,0.04%,1.09%,0.02%,0.66%,0.02%,0.59%,0.02%,0.29%,0.01%,0.29%,0.01%,0.21%,0.01%,0.09%,0.01%,0.05%,0.01%,0.11%,0.01%,0.03%,0.01%,0.02%,0.01,0.08,0.00,0.07,0.00,0.06,0.00,0.09,0.00,0.04,0.00,0.04,0.00,0.02,0.00,0.02,0.00,0.02,0.00,0.02,0.00,0.02,0.00,0.01,115.70,116.78,117.26,0.00,0.00,0.33,1.99%,0.00,0.10%,1.29%,0.04%,1.14%,0.02%,0.64%,0.02%,0.54%,0.01%,0.31%,0.01%,0.31%,0.01%,0.20%,0.01%,0.12%,0.01%,0.08%,0.01%,0.08%,0.01%,0.06%,0.01%,0.04%,0.00,0.00,0.00,0.00,0.00,0.00,0.00,0.00,0.00,0.00,0.00,0.00,0.00,0.00,0.00,0.00,0.00,0.00,0.00,0.00,0.00,0.00,0.00,0.00,231.34,232.94,233.98,0.00,0.00,0.00,1.95%,0.00,0.10%,1.23%,0.04%,1.12%,0.02%,0.65%,0.02%,0.57%,0.01%,0.30%,0.01%,0.30%,0.01%,0.21%,0.01%,0.10%,0.01%,0.06%,0.01%,0.09%,0.01%,0.04%,0.01%,0.03%,0.00,0.00,0.00,0.00,0.00,0.00,0.00,0.00,0.00,0.00,0.00,0.00,0.00,0.00,0.00,0.00,0.00,0.00,0.00,0.00,0.00,0.00,0.00,0.00,132,0.783,96,72,59.94,59.98,60.05
29-Jul-2018 10:30:00,10.000,Y,115.00,117.02,117.78,1.00,1.09,1.15,1.99%,0.16,0.13%,1.21%,0.05%,1.18%,0.03%,0.71%,0.03%,0.58%,0.02%,0.27%,0.02%,0.31%,0.01%,0.22%,0.01%,0.10%,0.01%,0.06%,0.01%,0.10%,0.01%,0.03%,0.01%,0.03%,0.01,0.08,0.00,0.06,0.00,0.06,0.00,0.08,0.00,0.04,0.00,0.04,0.00,0.02,0.00,0.02,0.00,0.02,0.00,0.02,0.00,0.02,0.00,0.01,115.24,117.22,118.26,0.00,0.00,0.33,2.01%,0.00,0.13%,1.26%,0.05%,1.17%,0.03%,0.68%,0.03%,0.57%,0.02%,0.31%,0.02%,0.30%,0.01%,0.21%,0.01%,0.14%,0.01%,0.07%,0.01%,0.06%,0.01%,0.07%,0.01%,0.05%,0.00,0.00,0.00,0.00,0.00,0.00,0.00,0.00,0.00,0.00,0.00,0.00,0.00,0.00,0.00,0.00,0.00,0.00,0.00,0.00,0.00,0.00,0.00,0.00,229.50,233.44,235.10,0.00,0.00,0.00,1.99%,0.00,0.13%,1.23%,0.05%,1.17%,0.03%,0.69%,0.03%,0.57%,0.02%,0.29%,0.02%,0.30%,0.01%,0.21%,0.01%,0.12%,0.01%,0.06%,0.01%,0.08%,0.01%,0.05%,0.01%,0.03%,0.00,0.00,0.00,0.00,0.00,0.00,0.00,0.00,0.00,0.00,0.00,0.00,0.00,0.00,0.00,0.00,0.00,0.00,0.00,0.00,0.00,0.00,0.00,0.00,132,0.783,96,72,59.95,60.00,60.06
29-Jul-2018 10:40:00,10.000,Y,116.28,117.68,118.02,1.01,1.09,1.16,1.98%,0.17,0.11%,1.20%,0.04%,1.16%,0.03%,0.72%,0.02%,0.58%,0.02%,0.26%,0.01%,0.31%,0.01%,0.24%,0.01%,0.10%,0.01%,0.06%,0.01%,0.09%,0.01%,0.05%,0.01%,0.03%,0.01,0.08,0.00,0.07,0.00,0.06,0.00,0.08,0.00,0.04,0.00,0.04,0.00,0.02,0.00,0.02,0.00,0.02,0.00,0.02,0.00,0.02,0.00,0.02,115.56,116.52,117.52,0.00,0.00,0.34,2.00%,0.00,0.11%,1.25%,0.04%,1.15%,0.02%,0.68%,0.02%,0.58%,0.02%,0.32%,0.01%,0.29%,0.01%,0.22%,0.01%,0.14%,0.01%,0.08%,0.01%,0.05%,0.01%,0.07%,0.01%,0.04%,0.00,0.00,0.00,0.00,0.00,0.00,0.00,0.00,0.00,0.00,0.00,0.00,0.00,0.00,0.00,0.00,0.00,0.00,0.00,0.00,0.00,0.00,0.00,0.00,232.12,233.42,234.02,0.00,0.00,0.00,1.99%,0.00,0.11%,1.23%,0.04%,1.16%,0.02%,0.70%,0.02%,0.58%,0.02%,0.29%,0.01%,0.30%,0.01%,0.23%,0.01%,0.12%,0.01%,0.07%,0.01%,0.07%,0.01%,0.06%,0.01%,0.04%,0.00,0.00,0.00,0.00,0.00,0.00,0.00,0.00,0.00,0.00,0.00,0.00,0.00,0.00,0.00,0.00,0.00,0.00,0.00,0.00,0.00,0.00,0.00,0.00,132,0.780,96,72,59.91,59.99,60.05
29-Jul-2018 10:50:00,10.000,Y,116.30,117.32,117.70,1.02,1.10,1.16,1.99%,0.16,0.11%,1.22%,0.04%,1.16%,0.03%,0.71%,0.02%,0.59%,0.02%,0.28%,0.01%,0.31%,0.01%,0.23%,0.01%,0.10%,0.01%,0.06%,0.01%,0.09%,0.01%,0.04%,0.01%,0.03%,0.01,0.08,0.00,0.06,0.00,0.06,0.00,0.08,0.00,0.04,0.00,0.04,0.00,0.02,0.00,0.02,0.00,0.02,0.00,0.02,0.00,0.02,0.00,0.01,115.56,117.02,117.62,0.00,0.00,0.34,2.00%,0.00,0.10%,1.25%,0.04%,1.17%,0.02%,0.67%,0.02%,0.58%,0.02%,0.32%,0.01%,0.30%,0.01%,0.21%,0.01%,0.13%,0.01%,0.07%,0.01%,0.07%,0.01%,0.05%,0.01%,0.04%,0.00,0.00,0.00,0.00,0.00,0.00,0.00,0.00,0.00,0.00,0.00,0.00,0.00,0.00,0.00,0.00,0.00,0.00,0.00,0.00,0.00,0.00,0.00,0.00,232.02,233.56,234.22,0.00,0.00,0.00,1.99%,0.00,0.11%,1.23%,0.04%,1.16%,0.02%,0.69%,0.02%,0.58%,0.02%,0.30%,0.01%,0.30%,0.01%,0.22%,0.01%,0.12%,0.01%,0.06%,0.01%,0.08%,0.01%,0.05%,0.01%,0.04%,0.00,0.00,0.00,0.00,0.00,0.00,0.00,0.00,0.00,0.00,0.00,0.00,0.00,0.00,0.00,0.00,0.00,0.00,0.00,0.00,0.00,0.00,0.00,0.00,132,0.787,96,72,59.91,59.99,60.06
29-Jul-2018 11:00:00,10.000,Y,115.84,116.98,117.54,1.01,1.09,1.16,1.98%,0.17,0.15%,1.24%,0.05%,1.11%,0.03%,0.72%,0.03%,0.59%,0.02%,0.28%,0.02%,0.30%,0.02%,0.22%,0.01%,0.11%,0.01%,0.08%,0.01%,0.09%,0.01%,0.04%,0.01%,0.03%,0.01,0.08,0.00,0.07,0.00,0.06,0.00,0.08,0.00,0.04,0.00,0.04,0.00,0.02,0.00,0.02,0.00,0.02,0.00,0.02,0.00,0.02,0.00,0.01,116.08,117.06,117.48,0.00,0.00,0.33,1.99%,0.00,0.15%,1.26%,0.05%,1.13%,0.03%,0.69%,0.03%,0.55%,0.02%,0.30%,0.02%,0.31%,0.02%,0.20%,0.01%,0.13%,0.01%,0.07%,0.01%,0.07%,0.01%,0.04%,0.01%,0.03%,0.00,0.00,0.00,0.00,0.00,0.00,0.00,0.00,0.00,0.00,0.00,0.00,0.00,0.00,0.00,0.00,0.00,0.00,0.00,0.00,0.00,0.00,0.00,0.00,231.82,233.26,234.02,0.00,0.00,0.00,1.98%,0.00,0.15%,1.25%,0.05%,1.12%,0.03%,0.70%,0.03%,0.57%,0.02%,0.29%,0.02%,0.30%,0.02%,0.21%,0.01%,0.12%,0.01%,0.07%,0.01%,0.08%,0.01%,0.04%,0.01%,0.03%,0.00,0.00,0.00,0.00,0.00,0.00,0.00,0.00,0.00,0.00,0.00,0.00,0.00,0.00,0.00,0.00,0.00,0.00,0.00,0.00,0.00,0.00,0.00,0.00,132,0.786,96,72,59.95,60.01,60.06
29-Jul-2018 11:10:00,10.000,Y,115.60,116.64,117.00,1.01,1.09,1.15,2.07%,0.16,0.09%,1.31%,0.03%,1.20%,0.02%,0.72%,0.02%,0.60%,0.02%,0.28%,0.01%,0.31%,0.01%,0.22%,0.01%,0.10%,0.01%,0.08%,0.01%,0.09%,0.01%,0.04%,0.01%,0.02%,0.01,0.07,0.00,0.07,0.00,0.06,0.00,0.08,0.00,0.03,0.00,0.04,0.00,0.02,0.00,0.02,0.00,0.02,0.00,0.02,0.00,0.02,0.00,0.01,116.06,116.90,117.40,0.00,0.00,0.33,2.09%,0.00,0.09%,1.31%,0.03%,1.23%,0.02%,0.72%,0.02%,0.56%,0.01%,0.29%,0.01%,0.33%,0.01%,0.20%,0.01%,0.13%,0.01%,0.08%,0.01%,0.07%,0.01%,0.05%,0.01%,0.03%,0.00,0.00,0.00,0.00,0.00,0.00,0.00,0.00,0.00,0.00,0.00,0.00,0.00,0.00,0.00,0.00,0.00,0.00,0.00,0.00,0.00,0.00,0.00,0.00,231.52,232.74,233.58,0.00,0.00,0.00,2.08%,0.00,0.09%,1.31%,0.03%,1.22%,0.02%,0.72%,0.02%,0.58%,0.01%,0.29%,0.01%,0.32%,0.01%,0.21%,0.01%,0.12%,0.01%,0.07%,0.01%,0.08%,0.01%,0.04%,0.01%,0.03%,0.00,0.00,0.00,0.00,0.00,0.00,0.00,0.00,0.00,0.00,0.00,0.00,0.00,0.00,0.00,0.00,0.00,0.00,0.00,0.00,0.00,0.00,0.00,0.00,132,0.786,96,72,59.91,59.98,60.04
29-Jul-2018 11:20:00,10.000,Y,115.34,116.68,117.10,1.01,1.09,1.15,2.08%,0.16,0.09%,1.34%,0.03%,1.17%,0.02%,0.71%,0.02%,0.60%,0.02%,0.29%,0.01%,0.31%,0.01%,0.23%,0.01%,0.08%,0.01%,0.07%,0.01%,0.09%,0.01%,0.04%,0.01%,0.02%,0.01,0.07,0.00,0.07,0.00,0.06,0.00,0.08,0.00,0.03,0.00,0.04,0.00,0.03,0.00,0.02,0.00,0.02,0.00,0.02,0.00,0.02,0.00,0.01,115.52,116.70,117.16,0.00,0.00,0.32,2.10%,0.00,0.09%,1.35%,0.04%,1.21%,0.02%,0.72%,0.02%,0.55%,0.02%,0.29%,0.01%,0.34%,0.01%,0.21%,0.01%,0.11%,0.01%,0.08%,0.01%,0.09%,0.01%,0.05%,0.01%,0.02%,0.00,0.00,0.00,0.00,0.00,0.00,0.00,0.00,0.00,0.00,0.00,0.00,0.00,0.00,0.00,0.00,0.00,0.00,0.00,0.00,0.00,0.00,0.00,0.00,230.10,232.58,233.26,0.00,0.00,0.00,2.09%,0.00,0.09%,1.35%,0.04%,1.19%,0.02%,0.72%,0.02%,0.58%,0.02%,0.29%,0.01%,0.32%,0.01%,0.22%,0.01%,0.09%,0.01%,0.07%,0.01%,0.09%,0.01%,0.04%,0.01%,0.02%,0.00,0.00,0.00,0.00,0.00,0.00,0.00,0.00,0.00,0.00,0.00,0.00,0.00,0.00,0.00,0.00,0.00,0.00,0.00,0.00,0.00,0.00,0.00,0.00,132,0.785,96,72,59.91,59.98,60.03
29-Jul-2018 11:30:00,10.000,Y,115.34,116.40,116.86,1.01,1.09,1.15,2.08%,0.16,0.12%,1.36%,0.04%,1.13%,0.03%,0.74%,0.02%,0.62%,0.02%,0.28%,0.01%,0.31%,0.01%,0.22%,0.01%,0.08%,0.01%,0.07%,0.01%,0.10%,0.01%,0.04%,0.01%,0.02%,0.01,0.07,0.00,0.07,0.00,0.06,0.00,0.09,0.00,0.04,0.00,0.04,0.00,0.02,0.00,0.02,0.00,0.02,0.00,0.02,0.00,0.02,0.00,0.01,115.78,116.62,117.16,0.00,0.00,0.33,2.11%,0.00,0.12%,1.38%,0.04%,1.16%,0.03%,0.75%,0.02%,0.59%,0.02%,0.28%,0.01%,0.34%,0.01%,0.22%,0.01%,0.11%,0.01%,0.07%,0.01%,0.08%,0.01%,0.07%,0.01%,0.04%,0.00,0.00,0.00,0.00,0.00,0.00,0.00,0.00,0.00,0.00,0.00,0.00,0.00,0.00,0.00,0.00,0.00,0.00,0.00,0.00,0.00,0.00,0.00,0.00,230.98,232.24,233.16,0.00,0.00,0.00,2.09%,0.00,0.12%,1.37%,0.04%,1.14%,0.03%,0.74%,0.02%,0.60%,0.02%,0.28%,0.01%,0.32%,0.01%,0.22%,0.01%,0.10%,0.01%,0.06%,0.01%,0.09%,0.01%,0.05%,0.01%,0.02%,0.00,0.00,0.00,0.00,0.00,0.00,0.00,0.00,0.00,0.00,0.00,0.00,0.00,0.00,0.00,0.00,0.00,0.00,0.00,0.00,0.00,0.00,0.00,0.00,132,0.787,96,72,59.94,60.00,60.06
29-Jul-2018 11:40:00,10.000,Y,115.34,116.30,116.80,1.01,1.09,1.15,2.12%,0.17,0.10%,1.38%,0.04%,1.17%,0.02%,0.74%,0.02%,0.63%,0.02%,0.28%,0.01%,0.31%,0.01%,0.22%,0.01%,0.09%,0.01%,0.07%,0.01%,0.10%,0.01%,0.03%,0.01%,0.02%,0.01,0.07,0.00,0.07,0.00,0.06,0.00,0.09,0.00,0.04,0.00,0.04,0.00,0.02,0.00,0.02,0.00,0.02,0.00,0.02,0.00,0.02,0.00,0.01,115.72,116.48,116.98,0.00,0.00,0.33,2.16%,0.00,0.10%,1.41%,0.04%,1.20%,0.02%,0.75%,0.02%,0.60%,0.02%,0.29%,0.01%,0.33%,0.01%,0.23%,0.01%,0.13%,0.01%,0.07%,0.01%,0.08%,0.01%,0.06%,0.01%,0.03%,0.00,0.00,0.00,0.00,0.00,0.00,0.00,0.00,0.00,0.00,0.00,0.00,0.00,0.00,0.00,0.00,0.00,0.00,0.00,0.00,0.00,0.00,0.00,0.00,230.74,232.00,232.76,0.00,0.00,0.00,2.13%,0.00,0.10%,1.39%,0.04%,1.19%,0.02%,0.74%,0.02%,0.61%,0.02%,0.28%,0.01%,0.32%,0.01%,0.22%,0.01%,0.11%,0.01%,0.06%,0.01%,0.09%,0.01%,0.04%,0.01%,0.02%,0.00,0.00,0.00,0.00,0.00,0.00,0.00,0.00,0.00,0.00,0.00,0.00,0.00,0.00,0.00,0.00,0.00,0.00,0.00,0.00,0.00,0.00,0.00,0.00,132,0.787,96,72,59.90,59.98,60.04
29-Jul-2018 11:50:00,10.000,Y,115.22,116.24,116.62,1.01,1.09,1.15,2.14%,0.16,0.12%,1.40%,0.04%,1.17%,0.03%,0.77%,0.03%,0.62%,0.02%,0.27%,0.02%,0.32%,0.02%,0.23%,0.01%,0.10%,0.01%,0.07%,0.01%,0.10%,0.01%,0.03%,0.01%,0.02%,0.01,0.07,0.00,0.07,0.00,0.07,0.00,0.08,0.00,0.04,0.00,0.04,0.00,0.02,0.00,0.02,0.00,0.02,0.00,0.02,0.00,0.02,0.00,0.01,115.40,116.44,116.88,0.00,0.00,0.33,2.16%,0.00,0.12%,1.43%,0.04%,1.19%,0.03%,0.76%,0.02%,0.58%,0.02%,0.28%,0.02%,0.32%,0.01%,0.23%,0.01%,0.13%,0.01%,0.05%,0.01%,0.09%,0.01%,0.04%,0.01%,0.02%,0.00,0.00,0.00,0.00,0.00,0.00,0.00,0.00,0.00,0.00,0.00,0.00,0.00,0.00,0.00,0.00,0.00,0.00,0.00,0.00,0.00,0.00,0.00,0.00,230.42,231.92,232.62,0.00,0.00,0.00,2.15%,0.00,0.12%,1.41%,0.04%,1.18%,0.03%,0.77%,0.02%,0.60%,0.02%,0.28%,0.02%,0.32%,0.01%,0.23%,0.01%,0.12%,0.01%,0.06%,0.01%,0.09%,0.01%,0.03%,0.01%,0.02%,0.00,0.00,0.00,0.00,0.00,0.00,0.00,0.00,0.00,0.00,0.00,0.00,0.00,0.00,0.00,0.00,0.00,0.00,0.00,0.00,0.00,0.00,0.00,0.00,132,0.788,96,72,59.93,60.00,60.05
29-Jul-2018 12:00:00,10.000,Y,114.60,116.16,116.68,1.01,1.09,1.15,2.19%,0.16,0.14%,1.46%,0.05%,1.18%,0.04%,0.77%,0.03%,0.62%,0.02%,0.27%,0.02%,0.35%,0.02%,0.24%,0.01%,0.11%,0.01%,0.08%,0.01%,0.10%,0.01%,0.04%,0.01%,0.03%,0.01,0.07,0.00,0.06,0.00,0.06,0.00,0.08,0.00,0.04,0.00,0.04,0.00,0.02,0.00,0.02,0.00,0.02,0.00,0.02,0.00,0.02,0.00,0.01,115.46,116.40,116.94,0.00,0.00,0.35,2.17%,0.00,0.14%,1.44%,0.05%,1.17%,0.03%,0.77%,0.03%,0.59%,0.02%,0.28%,0.02%,0.34%,0.02%,0.22%,0.02%,0.13%,0.01%,0.05%,0.01%,0.08%,0.01%,0.04%,0.01%,0.02%,0.00,0.00,0.00,0.00,0.00,0.00,0.00,0.00,0.00,0.00,0.00,0.00,0.00,0.00,0.00,0.00,0.00,0.00,0.00,0.00,0.00,0.00,0.00,0.00,230.06,231.78,232.82,0.00,0.00,0.00,2.18%,0.00,0.14%,1.45%,0.05%,1.18%,0.03%,0.77%,0.03%,0.60%,0.02%,0.27%,0.02%,0.34%,0.02%,0.23%,0.01%,0.12%,0.01%,0.06%,0.01%,0.09%,0.01%,0.04%,0.01%,0.02%,0.00,0.00,0.00,0.00,0.00,0.00,0.00,0.00,0.00,0.00,0.00,0.00,0.00,0.00,0.00,0.00,0.00,0.00,0.00,0.00,0.00,0.00,0.00,0.00,132,0.790,96,72,59.95,60.01,60.07
29-Jul-2018 12:10:00,10.000,Y,115.08,116.14,116.62,1.02,1.09,1.16,2.18%,0.17,0.15%,1.47%,0.06%,1.15%,0.03%,0.76%,0.03%,0.61%,0.02%,0.27%,0.02%,0.33%,0.02%,0.24%,0.01%,0.11%,0.01%,0.08%,0.01%,0.11%,0.01%,0.03%,0.01%,0.03%,0.01,0.07,0.00,0.07,0.00,0.07,0.00,0.09,0.00,0.04,0.00,0.04,0.00,0.03,0.00,0.02,0.00,0.02,0.00,0.02,0.00,0.02,0.00,0.01,114.72,116.14,116.98,0.00,0.00,0.33,2.18%,0.00,0.15%,1.48%,0.06%,1.15%,0.03%,0.76%,0.03%,0.59%,0.02%,0.28%,0.02%,0.32%,0.02%,0.22%,0.01%,0.13%,0.01%,0.05%,0.01%,0.09%,0.01%,0.05%,0.01%,0.02%,0.00,0.00,0.00,0.00,0.00,0.00,0.00,0.00,0.00,0.00,0.00,0.00,0.00,0.00,0.00,0.00,0.00,0.00,0.00,0.00,0.00,0.00,0.00,0.00,229.08,231.52,232.80,0.00,0.00,0.00,2.17%,0.00,0.15%,1.48%,0.06%,1.15%,0.03%,0.75%,0.03%,0.60%,0.02%,0.27%,0.02%,0.32%,0.02%,0.23%,0.01%,0.12%,0.01%,0.06%,0.01%,0.10%,0.01%,0.04%,0.01%,0.02%,0.00,0.00,0.00,0.00,0.00,0.00,0.00,0.00,0.00,0.00,0.00,0.00,0.00,0.00,0.00,0.00,0.00,0.00,0.00,0.00,0.00,0.00,0.00,0.00,132,0.792,96,72,59.96,60.01,60.08
29-Jul-2018 12:20:00,10.000,Y,115.14,116.18,116.66,1.00,1.09,1.15,2.23%,0.16,0.10%,1.48%,0.04%,1.23%,0.03%,0.77%,0.02%,0.62%,0.02%,0.27%,0.01%,0.33%,0.01%,0.23%,0.01%,0.13%,0.01%,0.08%,0.01%,0.11%,0.01%,0.04%,0.01%,0.02%,0.01,0.07,0.00,0.06,0.00,0.06,0.00,0.09,0.00,0.04,0.00,0.04,0.00,0.02,0.00,0.02,0.00,0.02,0.00,0.02,0.00,0.02,0.00,0.01,115.72,116.72,117.24,0.00,0.00,0.32,2.25%,0.00,0.11%,1.50%,0.04%,1.24%,0.03%,0.77%,0.02%,0.60%,0.02%,0.30%,0.01%,0.33%,0.01%,0.22%,0.01%,0.16%,0.01%,0.07%,0.01%,0.09%,0.01%,0.05%,0.01%,0.01%,0.00,0.00,0.00,0.00,0.00,0.00,0.00,0.00,0.00,0.00,0.00,0.00,0.00,0.00,0.00,0.00,0.00,0.00,0.00,0.00,0.00,0.00,0.00,0.00,230.58,232.12,233.08,0.00,0.00,0.00,2.24%,0.00,0.10%,1.49%,0.04%,1.23%,0.03%,0.77%,0.02%,0.60%,0.02%,0.29%,0.01%,0.33%,0.01%,0.23%,0.01%,0.14%,0.01%,0.07%,0.01%,0.10%,0.01%,0.04%,0.01%,0.02%,0.00,0.00,0.00,0.00,0.00,0.00,0.00,0.00,0.00,0.00,0.00,0.00,0.00,0.00,0.00,0.00,0.00,0.00,0.00,0.00,0.00,0.00,0.00,0.00,132,0.787,96,72,59.93,59.99,60.04
29-Jul-2018 12:30:00,10.000,Y,115.10,116.26,116.56,1.00,1.09,1.15,2.23%,0.16,0.13%,1.49%,0.05%,1.22%,0.03%,0.77%,0.03%,0.61%,0.02%,0.29%,0.02%,0.34%,0.02%,0.25%,0.01%,0.12%,0.01%,0.08%,0.01%,0.11%,0.01%,0.04%,0.01%,0.03%,0.01,0.07,0.00,0.06,0.00,0.06,0.00,0.09,0.00,0.04,0.00,0.04,0.00,0.03,0.00,0.02,0.00,0.02,0.00,0.02,0.00,0.02,0.00,0.01,115.34,116.80,117.30,0.00,0.00,0.32,2.26%,0.00,0.13%,1.50%,0.05%,1.23%,0.03%,0.79%,0.03%,0.61%,0.02%,0.31%,0.02%,0.34%,0.02%,0.23%,0.01%,0.15%,0.01%,0.07%,0.01%,0.10%,0.01%,0.05%,0.01%,0.01%,0.00,0.00,0.00,0.00,0.00,0.00,0.00,0.00,0.00,0.00,0.00,0.00,0.00,0.00,0.00,0.00,0.00,0.00,0.00,0.00,0.00,0.00,0.00,0.00,230.28,232.28,232.88,0.00,0.00,0.00,2.24%,0.00,0.13%,1.49%,0.05%,1.22%,0.03%,0.78%,0.03%,0.61%,0.02%,0.30%,0.02%,0.33%,0.02%,0.24%,0.01%,0.13%,0.01%,0.07%,0.01%,0.10%,0.01%,0.04%,0.01%,0.02%,0.00,0.00,0.00,0.00,0.00,0.00,0.00,0.00,0.00,0.00,0.00,0.00,0.00,0.00,0.00,0.00,0.00,0.00,0.00,0.00,0.00,0.00,0.00,0.00,132,0.787,96,72,59.96,60.00,60.05
29-Jul-2018 12:40:00,10.000,Y,115.00,116.46,116.86,1.00,1.09,1.15,2.23%,0.16,0.12%,1.47%,0.05%,1.23%,0.03%,0.78%,0.03%,0.63%,0.02%,0.27%,0.02%,0.34%,0.01%,0.26%,0.01%,0.11%,0.01%,0.08%,0.01%,0.10%,0.01%,0.04%,0.01%,0.04%,0.01,0.07,0.00,0.06,0.00,0.06,0.00,0.09,0.00,0.04,0.00,0.05,0.00,0.03,0.00,0.03,0.00,0.02,0.00,0.02,0.00,0.02,0.00,0.01,115.88,116.78,117.18,0.00,0.00,0.32,2.26%,0.00,0.12%,1.47%,0.05%,1.26%,0.03%,0.81%,0.02%,0.63%,0.02%,0.31%,0.02%,0.33%,0.01%,0.24%,0.01%,0.14%,0.01%,0.08%,0.01%,0.10%,0.01%,0.06%,0.01%,0.02%,0.00,0.00,0.00,0.00,0.00,0.00,0.00,0.00,0.00,0.00,0.00,0.00,0.00,0.00,0.00,0.00,0.00,0.00,0.00,0.00,0.00,0.00,0.00,0.00,230.92,232.46,233.12,0.00,0.00,0.00,2.24%,0.00,0.12%,1.47%,0.05%,1.24%,0.03%,0.79%,0.02%,0.62%,0.02%,0.29%,0.02%,0.33%,0.01%,0.25%,0.01%,0.12%,0.01%,0.07%,0.01%,0.10%,0.01%,0.05%,0.01%,0.02%,0.00,0.00,0.00,0.00,0.00,0.00,0.00,0.00,0.00,0.00,0.00,0.00,0.00,0.00,0.00,0.00,0.00,0.00,0.00,0.00,0.00,0.00,0.00,0.00,132,0.785,96,72,59.96,60.00,60.05
29-Jul-2018 12:50:00,10.000,Y,115.70,116.58,116.88,1.00,1.09,1.15,2.28%,0.17,0.16%,1.51%,0.06%,1.24%,0.04%,0.80%,0.03%,0.64%,0.02%,0.26%,0.02%,0.35%,0.02%,0.26%,0.02%,0.12%,0.01%,0.08%,0.01%,0.10%,0.01%,0.04%,0.01%,0.03%,0.01,0.07,0.00,0.06,0.00,0.06,0.00,0.09,0.00,0.04,0.00,0.05,0.00,0.03,0.00,0.03,0.00,0.02,0.00,0.02,0.00,0.02,0.00,0.01,115.54,116.54,117.22,0.00,0.00,0.33,2.40%,0.00,0.16%,1.63%,0.06%,1.31%,0.04%,0.82%,0.03%,0.59%,0.02%,0.29%,0.02%,0.37%,0.02%,0.25%,0.01%,0.15%,0.01%,0.08%,0.01%,0.11%,0.01%,0.07%,0.01%,0.02%,0.00,0.00,0.00,0.00,0.00,0.00,0.00,0.00,0.00,0.00,0.00,0.00,0.00,0.00,0.00,0.00,0.00,0.00,0.00,0.00,0.00,0.00,0.00,0.00,231.08,232.34,233.14,0.00,0.00,0.00,2.33%,0.00,0.16%,1.57%,0.06%,1.27%,0.04%,0.80%,0.03%,0.61%,0.02%,0.27%,0.02%,0.35%,0.02%,0.25%,0.02%,0.13%,0.01%,0.07%,0.01%,0.11%,0.01%,0.05%,0.01%,0.02%,0.00,0.00,0.00,0.00,0.00,0.00,0.00,0.00,0.00,0.00,0.00,0.00,0.00,0.00,0.00,0.00,0.00,0.00,0.00,0.00,0.00,0.00,0.00,0.00,132,0.785,96,72,59.96,60.02,60.07
29-Jul-2018 13:00:00,10.000,Y,102.70,116.18,117.14,0.85,1.09,1.20,2.28%,0.17,0.13%,1.52%,0.05%,1.24%,0.03%,0.83%,0.03%,0.62%,0.02%,0.25%,0.02%,0.33%,0.01%,0.25%,0.01%,0.12%,0.01%,0.08%,0.01%,0.10%,0.01%,0.05%,0.01%,0.03%,0.01,0.07,0.00,0.06,0.00,0.06,0.00,0.09,0.00,0.04,0.00,0.05,0.00,0.03,0.00,0.02,0.00,0.02,0.00,0.02,0.00,0.02,0.00,0.01,102.22,116.22,117.06,0.00,0.00,0.39,2.40%,0.00,0.13%,1.60%,0.05%,1.32%,0.03%,0.85%,0.03%,0.62%,0.02%,0.30%,0.02%,0.33%,0.01%,0.26%,0.01%,0.15%,0.01%,0.08%,0.01%,0.10%,0.01%,0.06%,0.01%,0.02%,0.00,0.00,0.00,0.00,0.00,0.00,0.00,0.00,0.00,0.00,0.00,0.00,0.00,0.00,0.00,0.00,0.00,0.00,0.00,0.00,0.00,0.00,0.00,0.00,204.24,231.62,233.34,0.00,0.00,0.00,2.34%,0.00,0.13%,1.56%,0.05%,1.28%,0.03%,0.83%,0.03%,0.62%,0.02%,0.28%,0.02%,0.33%,0.01%,0.25%,0.01%,0.13%,0.01%,0.08%,0.01%,0.10%,0.01%,0.05%,0.01%,0.02%,0.00,0.00,0.00,0.00,0.00,0.00,0.00,0.00,0.00,0.00,0.00,0.00,0.00,0.00,0.00,0.00,0.00,0.00,0.00,0.00,0.00,0.00,0.00,0.00,132,0.787,96,72,59.94,60.00,60.07
29-Jul-2018 13:10:00,10.000,Y,114.16,116.02,116.56,1.01,1.09,1.15,2.27%,0.16,0.10%,1.52%,0.04%,1.26%,0.02%,0.79%,0.02%,0.61%,0.02%,0.26%,0.01%,0.32%,0.01%,0.23%,0.01%,0.13%,0.01%,0.08%,0.01%,0.09%,0.01%,0.04%,0.01%,0.03%,0.01,0.07,0.00,0.06,0.00,0.06,0.00,0.09,0.00,0.04,0.00,0.04,0.00,0.02,0.00,0.03,0.00,0.02,0.00,0.02,0.00,0.02,0.00,0.01,113.56,116.04,116.46,0.00,0.00,0.34,2.43%,0.00,0.10%,1.60%,0.03%,1.36%,0.02%,0.86%,0.02%,0.65%,0.01%,0.31%,0.01%,0.32%,0.01%,0.26%,0.01%,0.17%,0.01%,0.07%,0.01%,0.11%,0.01%,0.06%,0.01%,0.02%,0.00,0.00,0.00,0.00,0.00,0.00,0.00,0.00,0.00,0.00,0.00,0.00,0.00,0.00,0.00,0.00,0.00,0.00,0.00,0.00,0.00,0.00,0.00,0.00,226.98,231.30,232.06,0.00,0.00,0.00,2.35%,0.00,0.10%,1.56%,0.04%,1.31%,0.02%,0.82%,0.02%,0.63%,0.01%,0.28%,0.01%,0.32%,0.01%,0.25%,0.01%,0.14%,0.01%,0.07%,0.01%,0.10%,0.01%,0.05%,0.01%,0.02%,0.00,0.00,0.00,0.00,0.00,0.00,0.00,0.00,0.00,0.00,0.00,0.00,0.00,0.00,0.00,0.00,0.00,0.00,0.00,0.00,0.00,0.00,0.00,0.00,132,0.788,96,72,59.94,59.98,60.04
29-Jul-2018 13:20:00,10.000,Y,114.16,115.78,116.34,1.01,1.09,1.16,2.20%,0.16,0.12%,1.44%,0.04%,1.22%,0.03%,0.79%,0.02%,0.61%,0.02%,0.26%,0.02%,0.32%,0.01%,0.22%,0.01%,0.11%,0.01%,0.08%,0.01%,0.09%,0.01%,0.03%,0.01%,0.03%,0.01,0.07,0.00,0.06,0.00,0.06,0.00,0.09,0.00,0.04,0.00,0.04,0.00,0.02,0.00,0.03,0.00,0.02,0.00,0.02,0.00,0.02,0.00,0.01,115.02,116.24,116.92,0.00,0.00,0.34,2.41%,0.00,0.13%,1.59%,0.05%,1.32%,0.03%,0.86%,0.02%,0.65%,0.02%,0.29%,0.02%,0.34%,0.01%,0.29%,0.01%,0.15%,0.01%,0.10%,0.01%,0.09%,0.01%,0.08%,0.01%,0.03%,0.00,0.00,0.00,0.00,0.00,0.00,0.00,0.00,0.00,0.00,0.00,0.00,0.00,0.00,0.00,0.00,0.00,0.00,0.00,0.00,0.00,0.00,0.00,0.00,229.58,231.24,231.84,0.00,0.00,0.00,2.30%,0.00,0.13%,1.52%,0.04%,1.27%,0.03%,0.82%,0.02%,0.63%,0.02%,0.27%,0.02%,0.33%,0.01%,0.26%,0.01%,0.13%,0.01%,0.09%,0.01%,0.09%,0.01%,0.05%,0.01%,0.01%,0.00,0.00,0.00,0.00,0.00,0.00,0.00,0.00,0.00,0.00,0.00,0.00,0.00,0.00,0.00,0.00,0.00,0.00,0.00,0.00,0.00,0.00,0.00,0.00,120,0.791,96,72,59.96,60.00,60.06
29-Jul-2018 13:30:00,10.000,Y,114.20,116.00,116.50,1.01,1.09,1.16,2.26%,0.16,0.15%,1.48%,0.05%,1.28%,0.03%,0.78%,0.03%,0.63%,0.02%,0.26%,0.02%,0.32%,0.02%,0.25%,0.02%,0.10%,0.01%,0.10%,0.01%,0.11%,0.01%,0.04%,0.01%,0.03%,0.01,0.07,0.00,0.06,0.00,0.06,0.00,0.09,0.00,0.04,0.00,0.04,0.00,0.02,0.00,0.03,0.00,0.02,0.00,0.02,0.00,0.02,0.00,0.01,115.06,116.44,117.08,0.00,0.00,0.33,2.43%,0.00,0.15%,1.58%,0.05%,1.37%,0.03%,0.85%,0.03%,0.66%,0.02%,0.28%,0.02%,0.34%,0.02%,0.30%,0.01%,0.15%,0.01%,0.10%,0.01%,0.10%,0.01%,0.08%,0.01%,0.04%,0.00,0.00,0.00,0.00,0.00,0.00,0.00,0.00,0.00,0.00,0.00,0.00,0.00,0.00,0.00,0.00,0.00,0.00,0.00,0.00,0.00,0.00,0.00,0.00,230.08,231.68,232.38,0.00,0.00,0.00,2.34%,0.00,0.15%,1.53%,0.05%,1.33%,0.03%,0.81%,0.03%,0.64%,0.02%,0.27%,0.02%,0.33%,0.02%,0.27%,0.01%,0.12%,0.01%,0.09%,0.01%,0.10%,0.01%,0.06%,0.01%,0.02%,0.00,0.00,0.00,0.00,0.00,0.00,0.00,0.00,0.00,0.00,0.00,0.00,0.00,0.00,0.00,0.00,0.00,0.00,0.00,0.00,0.00,0.00,0.00,0.00,132,0.790,96,72,59.96,60.01,60.05
29-Jul-2018 13:40:00,10.000,Y,115.32,116.32,116.68,1.01,1.09,1.14,2.30%,0.16,0.13%,1.51%,0.05%,1.32%,0.03%,0.75%,0.03%,0.61%,0.02%,0.26%,0.02%,0.33%,0.01%,0.26%,0.01%,0.10%,0.01%,0.10%,0.01%,0.11%,0.01%,0.04%,0.01%,0.03%,0.01,0.07,0.00,0.06,0.00,0.06,0.00,0.09,0.00,0.04,0.00,0.05,0.00,0.03,0.00,0.03,0.00,0.02,0.00,0.02,0.00,0.02,0.00,0.01,115.22,116.14,116.66,0.00,0.00,0.34,2.44%,0.00,0.13%,1.62%,0.05%,1.38%,0.03%,0.79%,0.03%,0.64%,0.02%,0.30%,0.02%,0.33%,0.02%,0.28%,0.01%,0.15%,0.01%,0.08%,0.01%,0.10%,0.01%,0.07%,0.01%,0.03%,0.00,0.00,0.00,0.00,0.00,0.00,0.00,0.00,0.00,0.00,0.00,0.00,0.00,0.00,0.00,0.00,0.00,0.00,0.00,0.00,0.00,0.00,0.00,0.00,230.30,231.70,232.46,0.00,0.00,0.00,2.36%,0.00,0.13%,1.56%,0.05%,1.35%,0.03%,0.77%,0.03%,0.63%,0.02%,0.28%,0.02%,0.33%,0.01%,0.27%,0.01%,0.12%,0.01%,0.08%,0.01%,0.10%,0.01%,0.05%,0.01%,0.03%,0.00,0.00,0.00,0.00,0.00,0.00,0.00,0.00,0.00,0.00,0.00,0.00,0.00,0.00,0.00,0.00,0.00,0.00,0.00,0.00,0.00,0.00,0.00,0.00,132,0.786,96,72,59.96,60.00,60.04
29-Jul-2018 13:50:00,10.000,Y,114.36,116.14,116.72,1.01,1.09,1.14,2.33%,0.16,0.09%,1.50%,0.04%,1.37%,0.02%,0.78%,0.02%,0.63%,0.02%,0.25%,0.01%,0.33%,0.01%,0.27%,0.01%,0.11%,0.01%,0.10%,0.01%,0.11%,0.01%,0.04%,0.01%,0.04%,0.01,0.07,0.00,0.06,0.00,0.06,0.00,0.09,0.00,0.04,0.00,0.04,0.00,0.02,0.00,0.02,0.00,0.02,0.00,0.02,0.00,0.02,0.00,0.01,115.62,116.68,117.36,0.00,0.00,0.33,2.32%,0.00,0.10%,1.48%,0.03%,1.38%,0.02%,0.76%,0.02%,0.62%,0.01%,0.29%,0.01%,0.32%,0.01%,0.27%,0.01%,0.14%,0.01%,0.07%,0.01%,0.10%,0.01%,0.06%,0.01%,0.02%,0.00,0.00,0.00,0.00,0.00,0.00,0.00,0.00,0.00,0.00,0.00,0.00,0.00,0.00,0.00,0.00,0.00,0.00,0.00,0.00,0.00,0.00,0.00,0.00,230.14,232.04,233.12,0.00,0.00,0.00,2.33%,0.00,0.10%,1.49%,0.03%,1.38%,0.02%,0.77%,0.02%,0.62%,0.02%,0.27%,0.01%,0.33%,0.01%,0.27%,0.01%,0.12%,0.01%,0.08%,0.01%,0.10%,0.01%,0.05%,0.01%,0.03%,0.00,0.00,0.00,0.00,0.00,0.00,0.00,0.00,0.00,0.00,0.00,0.00,0.00,0.00,0.00,0.00,0.00,0.00,0.00,0.00,0.00,0.00,0.00,0.00,132,0.788,96,72,59.93,59.98,60.03
29-Jul-2018 14:00:00,10.000,Y,115.16,116.54,117.24,1.01,1.09,1.15,2.31%,0.16,0.12%,1.47%,0.04%,1.35%,0.03%,0.78%,0.02%,0.64%,0.02%,0.28%,0.02%,0.33%,0.01%,0.27%,0.01%,0.12%,0.01%,0.09%,0.01%,0.11%,0.01%,0.05%,0.01%,0.03%,0.01,0.07,0.00,0.06,0.00,0.06,0.00,0.09,0.00,0.04,0.00,0.04,0.00,0.02,0.00,0.02,0.00,0.02,0.00,0.02,0.00,0.02,0.00,0.01,115.54,116.80,117.34,0.00,0.00,0.34,2.32%,0.00,0.12%,1.48%,0.04%,1.37%,0.03%,0.76%,0.03%,0.64%,0.02%,0.32%,0.02%,0.32%,0.01%,0.28%,0.01%,0.15%,0.01%,0.07%,0.01%,0.10%,0.01%,0.06%,0.01%,0.02%,0.00,0.00,0.00,0.00,0.00,0.00,0.00,0.00,0.00,0.00,0.00,0.00,0.00,0.00,0.00,0.00,0.00,0.00,0.00,0.00,0.00,0.00,0.00,0.00,230.18,232.54,233.70,0.00,0.00,0.00,2.31%,0.00,0.12%,1.48%,0.04%,1.36%,0.03%,0.77%,0.02%,0.63%,0.02%,0.30%,0.02%,0.32%,0.01%,0.27%,0.01%,0.13%,0.01%,0.08%,0.01%,0.10%,0.01%,0.05%,0.01%,0.02%,0.00,0.00,0.00,0.00,0.00,0.00,0.00,0.00,0.00,0.00,0.00,0.00,0.00,0.00,0.00,0.00,0.00,0.00,0.00,0.00,0.00,0.00,0.00,0.00,132,0.786,96,72,59.95,60.00,60.04
29-Jul-2018 14:10:00,10.000,Y,115.90,116.90,117.28,1.01,1.09,1.15,2.35%,0.16,0.15%,1.53%,0.06%,1.37%,0.04%,0.76%,0.03%,0.64%,0.03%,0.27%,0.02%,0.34%,0.02%,0.28%,0.02%,0.12%,0.01%,0.09%,0.01%,0.12%,0.01%,0.06%,0.01%,0.03%,0.01,0.06,0.00,0.06,0.00,0.06,0.00,0.09,0.00,0.04,0.00,0.05,0.00,0.03,0.00,0.03,0.00,0.02,0.00,0.02,0.00,0.02,0.00,0.01,116.12,117.02,117.56,0.00,0.00,0.32,2.49%,0.00,0.15%,1.62%,0.06%,1.44%,0.04%,0.77%,0.03%,0.70%,0.03%,0.35%,0.02%,0.34%,0.02%,0.30%,0.02%,0.16%,0.02%,0.09%,0.01%,0.12%,0.01%,0.08%,0.01%,0.04%,0.00,0.00,0.00,0.00,0.00,0.00,0.00,0.00,0.00,0.00,0.00,0.00,0.00,0.00,0.00,0.00,0.00,0.00,0.00,0.00,0.00,0.00,0.00,0.00,231.32,233.12,233.82,0.00,0.00,0.00,2.42%,0.00,0.15%,1.57%,0.06%,1.40%,0.04%,0.77%,0.03%,0.66%,0.02%,0.31%,0.02%,0.34%,0.02%,0.29%,0.02%,0.14%,0.01%,0.09%,0.01%,0.11%,0.01%,0.06%,0.01%,0.03%,0.00,0.00,0.00,0.00,0.00,0.00,0.00,0.00,0.00,0.00,0.00,0.00,0.00,0.00,0.00,0.00,0.00,0.00,0.00,0.00,0.00,0.00,0.00,0.00,132,0.783,96,72,59.94,60.01,60.08
29-Jul-2018 14:20:00,10.000,Y,115.32,117.30,117.94,1.01,1.09,1.16,2.32%,0.17,0.13%,1.45%,0.05%,1.37%,0.03%,0.78%,0.02%,0.66%,0.02%,0.27%,0.02%,0.35%,0.01%,0.28%,0.01%,0.10%,0.01%,0.09%,0.01%,0.11%,0.01%,0.04%,0.01%,0.03%,0.01,0.07,0.00,0.06,0.00,0.06,0.00,0.09,0.00,0.04,0.00,0.05,0.00,0.03,0.00,0.02,0.00,0.02,0.00,0.02,0.00,0.02,0.00,0.01,114.72,117.00,117.74,0.00,0.00,0.36,2.45%,0.00,0.13%,1.56%,0.05%,1.44%,0.03%,0.77%,0.02%,0.68%,0.02%,0.34%,0.02%,0.35%,0.02%,0.32%,0.01%,0.15%,0.01%,0.09%,0.01%,0.13%,0.01%,0.07%,0.01%,0.04%,0.00,0.00,0.00,0.00,0.00,0.00,0.00,0.00,0.00,0.00,0.00,0.00,0.00,0.00,0.00,0.00,0.00,0.00,0.00,0.00,0.00,0.00,0.00,0.00,229.28,233.52,234.52,0.00,0.00,0.00,2.38%,0.00,0.13%,1.50%,0.05%,1.41%,0.03%,0.78%,0.02%,0.67%,0.02%,0.30%,0.02%,0.35%,0.01%,0.30%,0.01%,0.13%,0.01%,0.09%,0.01%,0.12%,0.01%,0.05%,0.01%,0.03%,0.00,0.00,0.00,0.00,0.00,0.00,0.00,0.00,0.00,0.00,0.00,0.00,0.00,0.00,0.00,0.00,0.00,0.00,0.00,0.00,0.00,0.00,0.00,0.00,132,0.782,96,72,59.95,60.00,60.05
29-Jul-2018 14:30:00,10.000,Y,115.26,117.28,118.04,1.01,1.09,1.16,2.30%,0.16,0.12%,1.45%,0.04%,1.35%,0.03%,0.78%,0.02%,0.65%,0.02%,0.27%,0.01%,0.33%,0.01%,0.28%,0.01%,0.11%,0.01%,0.09%,0.01%,0.11%,0.01%,0.05%,0.01%,0.02%,0.01,0.06,0.00,0.06,0.00,0.06,0.00,0.09,0.00,0.04,0.00,0.05,0.00,0.03,0.00,0.02,0.00,0.02,0.00,0.02,0.00,0.02,0.00,0.01,115.54,117.50,118.26,0.00,0.00,0.33,2.47%,0.00,0.12%,1.56%,0.04%,1.45%,0.03%,0.82%,0.02%,0.68%,0.02%,0.32%,0.02%,0.36%,0.02%,0.32%,0.01%,0.15%,0.01%,0.11%,0.01%,0.13%,0.01%,0.06%,0.01%,0.04%,0.00,0.00,0.00,0.00,0.00,0.00,0.00,0.00,0.00,0.00,0.00,0.00,0.00,0.00,0.00,0.00,0.00,0.00,0.00,0.00,0.00,0.00,0.00,0.00,230.20,233.98,235.50,0.00,0.00,0.00,2.38%,0.00,0.12%,1.51%,0.04%,1.40%,0.03%,0.80%,0.02%,0.67%,0.02%,0.29%,0.01%,0.34%,0.01%,0.30%,0.01%,0.13%,0.01%,0.10%,0.01%,0.12%,0.01%,0.05%,0.01%,0.03%,0.00,0.00,0.00,0.00,0.00,0.00,0.00,0.00,0.00,0.00,0.00,0.00,0.00,0.00,0.00,0.00,0.00,0.00,0.00,0.00,0.00,0.00,0.00,0.00,132,0.781,96,72,59.95,59.99,60.05
29-Jul-2018 14:40:00,10.000,Y,113.18,117.82,118.50,1.02,1.10,1.18,2.29%,0.17,0.14%,1.44%,0.05%,1.31%,0.03%,0.80%,0.03%,0.67%,0.02%,0.27%,0.02%,0.33%,0.01%,0.30%,0.02%,0.11%,0.01%,0.09%,0.01%,0.12%,0.01%,0.05%,0.01%,0.02%,0.01,0.07,0.00,0.06,0.00,0.06,0.00,0.09,0.00,0.05,0.00,0.05,0.00,0.03,0.00,0.02,0.00,0.02,0.00,0.02,0.00,0.02,0.00,0.01,112.28,116.84,117.78,0.00,0.00,0.40,2.56%,0.00,0.14%,1.68%,0.06%,1.45%,0.03%,0.82%,0.03%,0.70%,0.02%,0.33%,0.02%,0.33%,0.02%,0.32%,0.01%,0.18%,0.01%,0.12%,0.01%,0.13%,0.01%,0.07%,0.01%,0.04%,0.00,0.00,0.00,0.00,0.00,0.00,0.00,0.00,0.00,0.00,0.00,0.00,0.00,0.00,0.00,0.00,0.00,0.00,0.00,0.00,0.00,0.00,0.00,0.00,225.18,233.86,235.06,0.00,0.00,0.00,2.42%,0.00,0.14%,1.56%,0.05%,1.38%,0.03%,0.81%,0.03%,0.68%,0.02%,0.30%,0.02%,0.33%,0.01%,0.31%,0.01%,0.14%,0.01%,0.10%,0.01%,0.12%,0.01%,0.06%,0.01%,0.03%,0.00,0.00,0.00,0.00,0.00,0.00,0.00,0.00,0.00,0.00,0.00,0.00,0.00,0.00,0.00,0.00,0.00,0.00,0.00,0.00,0.00,0.00,0.00,0.00,132,0.782,96,72,59.96,60.01,60.06
29-Jul-2018 14:50:00,10.000,Y,114.18,117.60,118.32,1.02,1.10,1.19,2.28%,0.17,0.09%,1.43%,0.04%,1.32%,0.02%,0.78%,0.02%,0.71%,0.02%,0.28%,0.01%,0.32%,0.01%,0.30%,0.01%,0.11%,0.01%,0.10%,0.01%,0.11%,0.01%,0.04%,0.01%,0.04%,0.01,0.07,0.00,0.06,0.00,0.07,0.00,0.09,0.00,0.05,0.00,0.05,0.00,0.03,0.00,0.02,0.00,0.02,0.00,0.02,0.00,0.02,0.00,0.01,114.26,117.48,118.50,0.00,0.00,0.37,2.51%,0.00,0.10%,1.61%,0.04%,1.46%,0.02%,0.82%,0.02%,0.73%,0.02%,0.32%,0.01%,0.34%,0.01%,0.31%,0.01%,0.19%,0.01%,0.11%,0.01%,0.11%,0.01%,0.08%,0.01%,0.05%,0.00,0.00,0.00,0.00,0.00,0.00,0.00,0.00,0.00,0.00,0.00,0.00,0.00,0.00,0.00,0.00,0.00,0.00,0.00,0.00,0.00,0.00,0.00,0.00,227.68,234.28,236.02,0.00,0.00,0.00,2.39%,0.00,0.09%,1.52%,0.04%,1.39%,0.02%,0.79%,0.02%,0.72%,0.01%,0.30%,0.01%,0.33%,0.01%,0.30%,0.01%,0.15%,0.01%,0.10%,0.01%,0.11%,0.01%,0.06%,0.01%,0.04%,0.00,0.00,0.00,0.00,0.00,0.00,0.00,0.00,0.00,0.00,0.00,0.00,0.00,0.00,0.00,0.00,0.00,0.00,0.00,0.00,0.00,0.00,0.00,0.00,132,0.780,96,72,59.92,59.98,60.05
29-Jul-2018 15:00:00,10.000,Y,115.64,117.50,118.18,1.01,1.09,1.15,2.26%,0.17,0.13%,1.46%,0.05%,1.28%,0.04%,0.71%,0.03%,0.70%,0.02%,0.32%,0.02%,0.30%,0.02%,0.28%,0.01%,0.13%,0.01%,0.10%,0.01%,0.10%,0.01%,0.04%,0.01%,0.04%,0.01,0.06,0.00,0.07,0.00,0.07,0.00,0.10,0.00,0.04,0.00,0.05,0.00,0.02,0.00,0.02,0.00,0.02,0.00,0.02,0.00,0.02,0.00,0.01,116.58,117.80,118.66,0.00,0.00,0.33,2.55%,0.00,0.14%,1.67%,0.05%,1.44%,0.04%,0.78%,0.03%,0.74%,0.02%,0.33%,0.02%,0.35%,0.02%,0.33%,0.02%,0.19%,0.01%,0.11%,0.01%,0.12%,0.01%,0.08%,0.01%,0.06%,0.00,0.00,0.00,0.00,0.00,0.00,0.00,0.00,0.00,0.00,0.00,0.00,0.00,0.00,0.00,0.00,0.00,0.00,0.00,0.00,0.00,0.00,0.00,0.00,232.22,234.50,235.44,0.00,0.00,0.00,2.40%,0.00,0.14%,1.56%,0.05%,1.36%,0.04%,0.74%,0.03%,0.71%,0.02%,0.32%,0.02%,0.32%,0.02%,0.30%,0.01%,0.15%,0.01%,0.10%,0.01%,0.11%,0.01%,0.06%,0.01%,0.04%,0.00,0.00,0.00,0.00,0.00,0.00,0.00,0.00,0.00,0.00,0.00,0.00,0.00,0.00,0.00,0.00,0.00,0.00,0.00,0.00,0.00,0.00,0.00,0.00,132,0.780,96,72,59.93,60.01,60.06
29-Jul-2018 15:10:00,10.000,Y,115.96,117.44,118.30,1.01,1.09,1.15,2.30%,0.17,0.09%,1.45%,0.03%,1.34%,0.02%,0.72%,0.02%,0.71%,0.02%,0.34%,0.01%,0.31%,0.01%,0.29%,0.01%,0.15%,0.01%,0.09%,0.01%,0.11%,0.01%,0.04%,0.01%,0.05%,0.01,0.06,0.00,0.07,0.00,0.06,0.00,0.09,0.00,0.04,0.00,0.04,0.00,0.02,0.00,0.02,0.00,0.02,0.00,0.02,0.00,0.02,0.00,0.01,116.20,118.44,118.92,0.00,0.00,0.33,2.47%,0.00,0.09%,1.55%,0.03%,1.43%,0.02%,0.80%,0.02%,0.76%,0.02%,0.33%,0.01%,0.36%,0.01%,0.34%,0.01%,0.21%,0.01%,0.08%,0.01%,0.13%,0.01%,0.10%,0.01%,0.04%,0.00,0.00,0.00,0.00,0.00,0.00,0.00,0.00,0.00,0.00,0.00,0.00,0.00,0.00,0.00,0.00,0.00,0.00,0.00,0.00,0.00,0.00,0.00,0.00,231.38,235.08,236.34,0.00,0.00,0.00,2.38%,0.00,0.09%,1.50%,0.03%,1.38%,0.02%,0.76%,0.02%,0.73%,0.02%,0.33%,0.01%,0.33%,0.01%,0.31%,0.01%,0.17%,0.01%,0.08%,0.01%,0.12%,0.01%,0.07%,0.01%,0.04%,0.00,0.00,0.00,0.00,0.00,0.00,0.00,0.00,0.00,0.00,0.00,0.00,0.00,0.00,0.00,0.00,0.00,0.00,0.00,0.00,0.00,0.00,0.00,0.00,132,0.780,96,72,59.89,59.97,60.04
29-Jul-2018 15:20:00,10.000,Y,116.56,117.84,118.56,1.02,1.10,1.16,2.34%,0.17,0.13%,1.49%,0.05%,1.34%,0.03%,0.73%,0.03%,0.71%,0.02%,0.34%,0.02%,0.31%,0.01%,0.32%,0.01%,0.15%,0.01%,0.10%,0.01%,0.12%,0.01%,0.04%,0.01%,0.05%,0.01,0.06,0.00,0.07,0.00,0.06,0.00,0.10,0.00,0.04,0.00,0.05,0.00,0.02,0.00,0.02,0.00,0.02,0.00,0.02,0.00,0.02,0.00,0.01,116.78,118.38,119.20,0.00,0.00,0.35,2.38%,0.00,0.12%,1.55%,0.05%,1.33%,0.03%,0.74%,0.02%,0.73%,0.02%,0.33%,0.02%,0.35%,0.01%,0.32%,0.01%,0.18%,0.01%,0.09%,0.01%,0.10%,0.01%,0.08%,0.01%,0.03%,0.00,0.00,0.00,0.00,0.00,0.00,0.00,0.00,0.00,0.00,0.00,0.00,0.00,0.00,0.00,0.00,0.00,0.00,0.00,0.00,0.00,0.00,0.00,0.00,232.70,235.44,236.26,0.00,0.00,0.00,2.35%,0.00,0.12%,1.52%,0.05%,1.33%,0.03%,0.73%,0.02%,0.72%,0.02%,0.33%,0.02%,0.33%,0.01%,0.31%,0.01%,0.16%,0.01%,0.09%,0.01%,0.11%,0.01%,0.06%,0.01%,0.03%,0.00,0.00,0.00,0.00,0.00,0.00,0.00,0.00,0.00,0.00,0.00,0.00,0.00,0.00,0.00,0.00,0.00,0.00,0.00,0.00,0.00,0.00,0.00,0.00,132,0.778,96,84,59.94,60.00,60.04
29-Jul-2018 15:30:00,10.000,Y,115.74,118.08,118.76,0.29,0.48,1.15,2.32%,0.22,0.16%,1.48%,0.06%,1.29%,0.03%,0.77%,0.03%,0.73%,0.02%,0.33%,0.02%,0.32%,0.02%,0.33%,0.01%,0.14%,0.01%,0.09%,0.01%,0.12%,0.01%,0.04%,0.01%,0.05%,0.01,0.15,0.00,0.08,0.00,0.08,0.00,0.08,0.00,0.05,0.00,0.04,0.00,0.04,0.00,0.02,0.00,0.02,0.00,0.02,0.00,0.02,0.00,0.01,116.28,118.62,119.18,0.00,0.00,0.35,2.41%,0.00,0.16%,1.59%,0.06%,1.29%,0.03%,0.78%,0.03%,0.74%,0.02%,0.33%,0.02%,0.37%,0.02%,0.31%,0.02%,0.16%,0.02%,0.12%,0.01%,0.09%,0.01%,0.07%,0.01%,0.04%,0.00,0.00,0.00,0.00,0.00,0.00,0.00,0.00,0.00,0.00,0.00,0.00,0.00,0.00,0.00,0.00,0.00,0.00,0.00,0.00,0.00,0.00,0.00,0.00,231.24,235.90,236.72,0.00,0.00,0.00,2.36%,0.00,0.16%,1.54%,0.06%,1.29%,0.03%,0.77%,0.03%,0.73%,0.02%,0.33%,0.02%,0.34%,0.02%,0.31%,0.02%,0.15%,0.01%,0.09%,0.01%,0.10%,0.01%,0.05%,0.01%,0.03%,0.00,0.00,0.00,0.00,0.00,0.00,0.00,0.00,0.00,0.00,0.00,0.00,0.00,0.00,0.00,0.00,0.00,0.00,0.00,0.00,0.00,0.00,0.00,0.00,60,-0.697,36,0,59.96,60.02,60.08
29-Jul-2018 15:40:00,10.000,Y,116.48,118.38,118.76,0.28,0.37,0.42,2.31%,0.23,0.13%,1.46%,0.05%,1.32%,0.03%,0.77%,0.03%,0.71%,0.02%,0.32%,0.02%,0.31%,0.01%,0.33%,0.01%,0.15%,0.01%,0.09%,0.01%,0.13%,0.01%,0.05%,0.01%,0.05%,0.01,0.17,0.00,0.08,0.00,0.08,0.00,0.07,0.00,0.05,0.00,0.04,0.00,0.04,0.00,0.02,0.00,0.02,0.00,0.02,0.00,0.02,0.00,0.01,116.92,118.44,119.06,0.00,0.00,0.32,2.53%,0.00,0.12%,1.69%,0.05%,1.39%,0.04%,0.77%,0.03%,0.77%,0.02%,0.34%,0.02%,0.38%,0.02%,0.30%,0.01%,0.16%,0.02%,0.15%,0.01%,0.11%,0.01%,0.07%,0.01%,0.05%,0.00,0.00,0.00,0.00,0.00,0.00,0.00,0.00,0.00,0.00,0.00,0.00,0.00,0.00,0.00,0.00,0.00,0.00,0.00,0.00,0.00,0.00,0.00,0.00,232.62,236.02,236.96,0.00,0.00,0.00,2.41%,0.00,0.12%,1.57%,0.05%,1.35%,0.03%,0.76%,0.02%,0.73%,0.02%,0.33%,0.02%,0.34%,0.01%,0.31%,0.01%,0.15%,0.01%,0.10%,0.01%,0.11%,0.01%,0.06%,0.01%,0.04%,0.00,0.00,0.00,0.00,0.00,0.00,0.00,0.00,0.00,0.00,0.00,0.00,0.00,0.00,0.00,0.00,0.00,0.00,0.00,0.00,0.00,0.00,0.00,0.00,48,-0.605,24,0,59.95,60.00,60.05
29-Jul-2018 15:50:00,10.000,Y,115.64,118.74,119.26,0.29,0.38,0.45,2.34%,0.23,0.14%,1.47%,0.05%,1.32%,0.04%,0.78%,0.03%,0.72%,0.02%,0.34%,0.02%,0.30%,0.02%,0.35%,0.01%,0.15%,0.01%,0.08%,0.01%,0.14%,0.01%,0.05%,0.01%,0.05%,0.01,0.17,0.00,0.08,0.00,0.08,0.00,0.08,0.00,0.05,0.00,0.04,0.00,0.04,0.00,0.02,0.00,0.02,0.00,0.02,0.00,0.01,0.00,0.01,115.86,118.78,119.32,0.00,0.00,0.37,2.43%,0.00,0.13%,1.59%,0.05%,1.34%,0.03%,0.76%,0.03%,0.74%,0.02%,0.34%,0.02%,0.37%,0.02%,0.32%,0.02%,0.17%,0.01%,0.13%,0.01%,0.10%,0.01%,0.07%,0.01%,0.05%,0.00,0.00,0.00,0.00,0.00,0.00,0.00,0.00,0.00,0.00,0.00,0.00,0.00,0.00,0.00,0.00,0.00,0.00,0.00,0.00,0.00,0.00,0.00,0.00,230.84,236.72,237.76,0.00,0.00,0.00,2.37%,0.00,0.13%,1.53%,0.05%,1.33%,0.03%,0.77%,0.03%,0.73%,0.02%,0.33%,0.02%,0.33%,0.02%,0.33%,0.02%,0.16%,0.01%,0.09%,0.01%,0.11%,0.01%,0.06%,0.01%,0.04%,0.00,0.00,0.00,0.00,0.00,0.00,0.00,0.00,0.00,0.00,0.00,0.00,0.00,0.00,0.00,0.00,0.00,0.00,0.00,0.00,0.00,0.00,0.00,0.00,48,-0.610,24,0,59.96,60.01,60.05
29-Jul-2018 16:00:00,10.000,Y,116.80,118.38,118.96,0.30,0.68,14.13,2.37%,0.22,0.13%,1.50%,0.05%,1.35%,0.03%,0.76%,0.03%,0.74%,0.02%,0.34%,0.02%,0.30%,0.01%,0.36%,0.01%,0.14%,0.01%,0.09%,0.01%,0.15%,0.01%,0.04%,0.01%,0.05%,0.01,0.13,0.00,0.08,0.00,0.08,0.00,0.09,0.00,0.05,0.00,0.05,0.00,0.04,0.00,0.02,0.00,0.02,0.00,0.02,0.00,0.01,0.00,0.01,117.42,118.62,119.04,0.00,0.00,0.32,2.45%,0.00,0.13%,1.59%,0.05%,1.36%,0.03%,0.75%,0.03%,0.76%,0.02%,0.37%,0.02%,0.40%,0.02%,0.34%,0.01%,0.18%,0.01%,0.14%,0.01%,0.12%,0.01%,0.07%,0.01%,0.06%,0.00,0.00,0.00,0.00,0.00,0.00,0.00,0.00,0.00,0.00,0.00,0.00,0.00,0.00,0.00,0.00,0.00,0.00,0.00,0.00,0.00,0.00,0.00,0.00,234.26,236.20,236.84,0.00,0.00,0.00,2.41%,0.00,0.13%,1.54%,0.05%,1.35%,0.03%,0.75%,0.03%,0.75%,0.02%,0.36%,0.02%,0.34%,0.01%,0.34%,0.01%,0.16%,0.01%,0.10%,0.01%,0.13%,0.01%,0.06%,0.01%,0.04%,0.00,0.00,0.00,0.00,0.00,0.00,0.00,0.00,0.00,0.00,0.00,0.00,0.00,0.00,0.00,0.00,0.00,0.00,0.00,0.00,0.00,0.00,0.00,0.00,84,-0.813,60,12,59.95,60.00,60.07
29-Jul-2018 16:10:00,10.000,Y,116.76,118.42,118.84,1.04,1.12,1.21,2.34%,0.17,0.13%,1.46%,0.05%,1.35%,0.03%,0.78%,0.03%,0.73%,0.02%,0.34%,0.02%,0.29%,0.02%,0.36%,0.01%,0.14%,0.01%,0.08%,0.01%,0.15%,0.01%,0.04%,0.01%,0.04%,0.01,0.06,0.00,0.07,0.00,0.07,0.00,0.10,0.00,0.05,0.00,0.05,0.00,0.03,0.00,0.02,0.00,0.02,0.00,0.01,0.00,0.01,0.00,0.01,117.72,118.66,119.32,0.00,0.00,0.32,2.43%,0.00,0.13%,1.54%,0.05%,1.36%,0.03%,0.76%,0.03%,0.77%,0.02%,0.37%,0.02%,0.39%,0.02%,0.35%,0.02%,0.18%,0.01%,0.13%,0.01%,0.11%,0.01%,0.08%,0.01%,0.06%,0.00,0.00,0.00,0.00,0.00,0.00,0.00,0.00,0.00,0.00,0.00,0.00,0.00,0.00,0.00,0.00,0.00,0.00,0.00,0.00,0.00,0.00,0.00,0.00,234.32,236.28,237.32,0.00,0.00,0.00,2.38%,0.00,0.13%,1.50%,0.05%,1.35%,0.03%,0.77%,0.03%,0.75%,0.02%,0.35%,0.02%,0.33%,0.02%,0.35%,0.01%,0.16%,0.01%,0.09%,0.01%,0.12%,0.01%,0.06%,0.01%,0.04%,0.00,0.00,0.00,0.00,0.00,0.00,0.00,0.00,0.00,0.00,0.00,0.00,0.00,0.00,0.00,0.00,0.00,0.00,0.00,0.00,0.00,0.00,0.00,0.00,132,0.783,108,84,59.95,60.00,60.05
29-Jul-2018 16:20:00,10.000,Y,117.20,118.42,118.98,1.03,1.11,1.17,2.40%,0.17,0.13%,1.54%,0.05%,1.39%,0.03%,0.75%,0.03%,0.71%,0.02%,0.36%,0.02%,0.29%,0.02%,0.36%,0.01%,0.14%,0.01%,0.09%,0.01%,0.14%,0.01%,0.04%,0.01%,0.05%,0.01,0.06,0.00,0.07,0.00,0.06,0.00,0.10,0.00,0.04,0.00,0.05,0.00,0.02,0.00,0.02,0.00,0.02,0.00,0.02,0.00,0.02,0.00,0.01,117.96,119.02,119.48,0.00,0.00,0.32,2.47%,0.00,0.14%,1.56%,0.05%,1.40%,0.03%,0.77%,0.03%,0.78%,0.02%,0.38%,0.02%,0.37%,0.02%,0.35%,0.01%,0.18%,0.01%,0.13%,0.01%,0.12%,0.01%,0.08%,0.01%,0.06%,0.00,0.00,0.00,0.00,0.00,0.00,0.00,0.00,0.00,0.00,0.00,0.00,0.00,0.00,0.00,0.00,0.00,0.00,0.00,0.00,0.00,0.00,0.00,0.00,235.04,236.64,237.40,0.00,0.00,0.00,2.43%,0.00,0.13%,1.54%,0.05%,1.40%,0.03%,0.76%,0.03%,0.74%,0.02%,0.37%,0.02%,0.32%,0.02%,0.35%,0.01%,0.16%,0.01%,0.10%,0.01%,0.13%,0.01%,0.06%,0.01%,0.05%,0.00,0.00,0.00,0.00,0.00,0.00,0.00,0.00,0.00,0.00,0.00,0.00,0.00,0.00,0.00,0.00,0.00,0.00,0.00,0.00,0.00,0.00,0.00,0.00,132,0.777,108,84,59.97,60.01,60.05
29-Jul-2018 16:30:00,10.000,Y,117.18,118.46,123.10,0.87,1.11,1.40,2.41%,0.17,0.13%,1.52%,0.05%,1.41%,0.03%,0.76%,0.03%,0.72%,0.02%,0.36%,0.02%,0.29%,0.01%,0.36%,0.01%,0.14%,0.01%,0.09%,0.01%,0.14%,0.01%,0.04%,0.01%,0.05%,0.01,0.06,0.00,0.07,0.00,0.06,0.00,0.10,0.00,0.04,0.00,0.05,0.00,0.02,0.00,0.02,0.00,0.02,0.00,0.01,0.00,0.02,0.00,0.01,118.22,119.04,123.96,0.00,0.00,0.64,2.43%,0.00,0.13%,1.51%,0.05%,1.42%,0.03%,0.76%,0.03%,0.76%,0.02%,0.36%,0.02%,0.36%,0.01%,0.35%,0.01%,0.17%,0.01%,0.12%,0.01%,0.11%,0.01%,0.08%,0.01%,0.05%,0.00,0.00,0.00,0.00,0.00,0.00,0.00,0.00,0.00,0.00,0.00,0.00,0.00,0.00,0.00,0.00,0.00,0.00,0.00,0.00,0.00,0.00,0.00,0.00,235.12,236.70,246.10,0.00,0.00,0.00,2.42%,0.00,0.13%,1.51%,0.05%,1.41%,0.03%,0.76%,0.02%,0.74%,0.02%,0.36%,0.02%,0.32%,0.01%,0.35%,0.01%,0.16%,0.01%,0.10%,0.01%,0.12%,0.01%,0.06%,0.01%,0.04%,0.00,0.00,0.00,0.00,0.00,0.00,0.00,0.00,0.00,0.00,0.00,0.00,0.00,0.00,0.00,0.00,0.00,0.00,0.00,0.00,0.00,0.00,0.00,0.00,132,0.777,96,84,59.94,60.00,60.05
29-Jul-2018 16:40:00,10.000,Y,117.28,118.82,119.34,1.03,1.11,1.17,2.45%,0.17,0.13%,1.54%,0.05%,1.44%,0.03%,0.78%,0.03%,0.72%,0.02%,0.34%,0.02%,0.30%,0.02%,0.37%,0.02%,0.14%,0.01%,0.11%,0.01%,0.15%,0.01%,0.04%,0.01%,0.05%,0.01,0.06,0.00,0.06,0.00,0.06,0.00,0.10,0.00,0.05,0.00,0.05,0.00,0.03,0.00,0.02,0.00,0.02,0.00,0.02,0.00,0.02,0.00,0.01,118.14,119.14,119.58,0.00,0.00,0.33,2.48%,0.00,0.13%,1.54%,0.05%,1.43%,0.03%,0.78%,0.03%,0.79%,0.02%,0.36%,0.02%,0.37%,0.02%,0.36%,0.02%,0.18%,0.01%,0.13%,0.01%,0.12%,0.01%,0.09%,0.01%,0.05%,0.00,0.00,0.00,0.00,0.00,0.00,0.00,0.00,0.00,0.00,0.00,0.00,0.00,0.00,0.00,0.00,0.00,0.00,0.00,0.00,0.00,0.00,0.00,0.00,235.70,237.18,238.08,0.00,0.00,0.00,2.46%,0.00,0.13%,1.54%,0.05%,1.43%,0.03%,0.78%,0.03%,0.75%,0.02%,0.35%,0.02%,0.33%,0.02%,0.36%,0.01%,0.16%,0.01%,0.11%,0.01%,0.13%,0.01%,0.07%,0.01%,0.04%,0.00,0.00,0.00,0.00,0.00,0.00,0.00,0.00,0.00,0.00,0.00,0.00,0.00,0.00,0.00,0.00,0.00,0.00,0.00,0.00,0.00,0.00,0.00,0.00,132,0.773,96,84,59.94,60.00,60.07
29-Jul-2018 16:50:00,10.000,Y,117.64,118.60,118.90,1.03,1.10,1.16,2.39%,0.17,0.12%,1.49%,0.04%,1.39%,0.03%,0.79%,0.02%,0.74%,0.02%,0.30%,0.01%,0.30%,0.01%,0.36%,0.01%,0.12%,0.01%,0.10%,0.01%,0.15%,0.01%,0.05%,0.01%,0.04%,0.01,0.06,0.00,0.07,0.00,0.06,0.00,0.10,0.00,0.05,0.00,0.05,0.00,0.03,0.00,0.02,0.00,0.02,0.00,0.01,0.00,0.01,0.00,0.01,118.12,118.96,119.34,0.00,0.00,0.32,2.47%,0.00,0.12%,1.56%,0.04%,1.39%,0.03%,0.79%,0.02%,0.81%,0.02%,0.36%,0.02%,0.36%,0.01%,0.36%,0.01%,0.18%,0.01%,0.13%,0.01%,0.11%,0.01%,0.08%,0.01%,0.06%,0.00,0.00,0.00,0.00,0.00,0.00,0.00,0.00,0.00,0.00,0.00,0.00,0.00,0.00,0.00,0.00,0.00,0.00,0.00,0.00,0.00,0.00,0.00,0.00,235.60,236.76,237.34,0.00,0.00,0.00,2.43%,0.00,0.12%,1.52%,0.04%,1.39%,0.03%,0.79%,0.02%,0.77%,0.02%,0.33%,0.01%,0.33%,0.01%,0.35%,0.01%,0.15%,0.01%,0.10%,0.01%,0.13%,0.01%,0.07%,0.01%,0.04%,0.00,0.00,0.00,0.00,0.00,0.00,0.00,0.00,0.00,0.00,0.00,0.00,0.00,0.00,0.00,0.00,0.00,0.00,0.00,0.00,0.00,0.00,0.00,0.00,132,0.774,96,84,59.94,60.00,60.05
29-Jul-2018 17:00:00,10.000,Y,117.56,118.70,119.20,1.02,1.10,1.17,2.45%,0.17,0.12%,1.53%,0.05%,1.44%,0.03%,0.78%,0.03%,0.74%,0.02%,0.33%,0.02%,0.30%,0.01%,0.36%,0.01%,0.13%,0.01%,0.10%,0.01%,0.14%,0.01%,0.05%,0.01%,0.04%,0.01,0.06,0.00,0.07,0.00,0.06,0.00,0.10,0.00,0.05,0.00,0.05,0.00,0.03,0.00,0.02,0.00,0.02,0.00,0.01,0.00,0.01,0.00,0.01,118.18,119.12,119.54,0.00,0.00,0.32,2.51%,0.00,0.12%,1.57%,0.05%,1.43%,0.03%,0.78%,0.02%,0.81%,0.02%,0.37%,0.02%,0.37%,0.01%,0.36%,0.01%,0.18%,0.01%,0.13%,0.01%,0.11%,0.01%,0.08%,0.01%,0.05%,0.00,0.00,0.00,0.00,0.00,0.00,0.00,0.00,0.00,0.00,0.00,0.00,0.00,0.00,0.00,0.00,0.00,0.00,0.00,0.00,0.00,0.00,0.00,0.00,235.78,237.02,237.62,0.00,0.00,0.00,2.47%,0.00,0.12%,1.55%,0.05%,1.44%,0.03%,0.78%,0.02%,0.78%,0.02%,0.35%,0.02%,0.33%,0.01%,0.35%,0.01%,0.15%,0.01%,0.10%,0.01%,0.12%,0.01%,0.06%,0.01%,0.04%,0.00,0.00,0.00,0.00,0.00,0.00,0.00,0.00,0.00,0.00,0.00,0.00,0.00,0.00,0.00,0.00,0.00,0.00,0.00,0.00,0.00,0.00,0.00,0.00,132,0.773,96,84,59.96,60.00,60.06
29-Jul-2018 17:10:00,10.000,Y,117.90,118.94,119.34,1.02,1.11,1.18,2.48%,0.17,0.11%,1.55%,0.04%,1.45%,0.03%,0.79%,0.02%,0.78%,0.02%,0.33%,0.01%,0.31%,0.01%,0.36%,0.01%,0.13%,0.01%,0.11%,0.01%,0.13%,0.01%,0.05%,0.01%,0.05%,0.01,0.06,0.00,0.06,0.00,0.06,0.00,0.10,0.00,0.05,0.00,0.05,0.00,0.03,0.00,0.02,0.00,0.02,0.00,0.02,0.00,0.02,0.00,0.01,118.16,119.18,119.58,0.00,0.00,0.32,2.56%,0.00,0.11%,1.60%,0.04%,1.45%,0.03%,0.81%,0.02%,0.85%,0.02%,0.36%,0.02%,0.35%,0.01%,0.37%,0.01%,0.19%,0.01%,0.11%,0.01%,0.12%,0.01%,0.10%,0.01%,0.05%,0.00,0.00,0.00,0.00,0.00,0.00,0.00,0.00,0.00,0.00,0.00,0.00,0.00,0.00,0.00,0.00,0.00,0.00,0.00,0.00,0.00,0.00,0.00,0.00,235.82,237.32,237.98,0.00,0.00,0.00,2.52%,0.00,0.11%,1.57%,0.04%,1.45%,0.03%,0.80%,0.02%,0.81%,0.02%,0.34%,0.01%,0.32%,0.01%,0.36%,0.01%,0.16%,0.01%,0.10%,0.01%,0.13%,0.01%,0.07%,0.01%,0.04%,0.00,0.00,0.00,0.00,0.00,0.00,0.00,0.00,0.00,0.00,0.00,0.00,0.00,0.00,0.00,0.00,0.00,0.00,0.00,0.00,0.00,0.00,0.00,0.00,132,0.775,96,84,59.94,60.00,60.05
29-Jul-2018 17:20:00,10.000,Y,118.04,119.12,119.64,1.03,1.11,1.17,2.50%,0.17,0.11%,1.55%,0.04%,1.49%,0.03%,0.78%,0.02%,0.78%,0.02%,0.33%,0.02%,0.31%,0.01%,0.37%,0.01%,0.14%,0.01%,0.11%,0.01%,0.13%,0.01%,0.06%,0.01%,0.05%,0.01,0.06,0.00,0.06,0.00,0.06,0.00,0.10,0.00,0.05,0.00,0.05,0.00,0.03,0.00,0.02,0.00,0.02,0.00,0.02,0.00,0.02,0.00,0.01,118.08,119.10,119.56,0.00,0.00,0.32,2.57%,0.00,0.11%,1.61%,0.04%,1.49%,0.03%,0.78%,0.02%,0.83%,0.02%,0.35%,0.02%,0.36%,0.01%,0.37%,0.01%,0.19%,0.01%,0.11%,0.01%,0.12%,0.01%,0.10%,0.01%,0.05%,0.00,0.00,0.00,0.00,0.00,0.00,0.00,0.00,0.00,0.00,0.00,0.00,0.00,0.00,0.00,0.00,0.00,0.00,0.00,0.00,0.00,0.00,0.00,0.00,235.88,237.40,238.34,0.00,0.00,0.00,2.53%,0.00,0.11%,1.58%,0.04%,1.49%,0.03%,0.78%,0.02%,0.80%,0.02%,0.34%,0.02%,0.33%,0.01%,0.37%,0.01%,0.16%,0.01%,0.10%,0.01%,0.12%,0.01%,0.08%,0.01%,0.04%,0.00,0.00,0.00,0.00,0.00,0.00,0.00,0.00,0.00,0.00,0.00,0.00,0.00,0.00,0.00,0.00,0.00,0.00,0.00,0.00,0.00,0.00,0.00,0.00,132,0.775,108,84,59.94,60.00,60.06
29-Jul-2018 17:30:00,10.000,Y,117.78,118.80,119.36,1.03,1.10,1.16,2.52%,0.17,0.11%,1.57%,0.04%,1.51%,0.03%,0.76%,0.02%,0.78%,0.02%,0.33%,0.02%,0.31%,0.01%,0.36%,0.01%,0.14%,0.01%,0.13%,0.01%,0.13%,0.01%,0.06%,0.01%,0.05%,0.01,0.06,0.00,0.06,0.00,0.06,0.00,0.10,0.00,0.05,0.00,0.05,0.00,0.02,0.00,0.02,0.00,0.02,0.00,0.02,0.00,0.02,0.00,0.01,117.98,118.92,119.70,0.00,0.00,0.32,2.62%,0.00,0.11%,1.66%,0.04%,1.51%,0.03%,0.77%,0.02%,0.85%,0.02%,0.35%,0.02%,0.36%,0.01%,0.38%,0.01%,0.19%,0.01%,0.13%,0.01%,0.12%,0.01%,0.11%,0.01%,0.05%,0.00,0.00,0.00,0.00,0.00,0.00,0.00,0.00,0.00,0.00,0.00,0.00,0.00,0.00,0.00,0.00,0.00,0.00,0.00,0.00,0.00,0.00,0.00,0.00,235.40,236.92,238.18,0.00,0.00,0.00,2.56%,0.00,0.11%,1.61%,0.04%,1.51%,0.03%,0.77%,0.02%,0.81%,0.02%,0.33%,0.01%,0.33%,0.01%,0.37%,0.01%,0.17%,0.01%,0.12%,0.01%,0.12%,0.01%,0.08%,0.01%,0.04%,0.00,0.00,0.00,0.00,0.00,0.00,0.00,0.00,0.00,0.00,0.00,0.00,0.00,0.00,0.00,0.00,0.00,0.00,0.00,0.00,0.00,0.00,0.00,0.00,132,0.773,96,84,59.93,59.99,60.04
29-Jul-2018 17:40:00,10.000,Y,117.54,118.58,119.38,1.02,1.10,1.17,2.50%,0.17,0.14%,1.60%,0.05%,1.43%,0.04%,0.75%,0.03%,0.81%,0.02%,0.34%,0.02%,0.32%,0.02%,0.37%,0.02%,0.16%,0.01%,0.12%,0.01%,0.13%,0.01%,0.06%,0.01%,0.05%,0.01,0.06,0.00,0.06,0.00,0.07,0.00,0.10,0.00,0.05,0.00,0.05,0.00,0.03,0.00,0.02,0.00,0.02,0.00,0.02,0.00,0.02,0.00,0.01,117.64,118.74,119.70,0.00,0.00,0.33,2.64%,0.00,0.14%,1.72%,0.05%,1.44%,0.03%,0.77%,0.03%,0.89%,0.02%,0.37%,0.02%,0.39%,0.02%,0.39%,0.02%,0.21%,0.02%,0.13%,0.01%,0.13%,0.01%,0.11%,0.01%,0.06%,0.00,0.00,0.00,0.00,0.00,0.00,0.00,0.00,0.00,0.00,0.00,0.00,0.00,0.00,0.00,0.00,0.00,0.00,0.00,0.00,0.00,0.00,0.00,0.00,235.06,236.52,238.26,0.00,0.00,0.00,2.57%,0.00,0.14%,1.66%,0.05%,1.43%,0.03%,0.76%,0.03%,0.84%,0.02%,0.36%,0.02%,0.35%,0.02%,0.37%,0.02%,0.18%,0.01%,0.11%,0.01%,0.13%,0.01%,0.08%,0.01%,0.04%,0.00,0.00,0.00,0.00,0.00,0.00,0.00,0.00,0.00,0.00,0.00,0.00,0.00,0.00,0.00,0.00,0.00,0.00,0.00,0.00,0.00,0.00,0.00,0.00,132,0.774,96,84,59.96,60.01,60.07
29-Jul-2018 17:50:00,10.000,Y,117.18,118.24,118.78,1.02,1.10,1.17,2.59%,0.18,0.14%,1.67%,0.05%,1.49%,0.04%,0.74%,0.03%,0.84%,0.03%,0.34%,0.02%,0.32%,0.02%,0.37%,0.02%,0.15%,0.01%,0.12%,0.01%,0.12%,0.01%,0.06%,0.01%,0.06%,0.01,0.06,0.00,0.06,0.00,0.07,0.00,0.11,0.00,0.05,0.00,0.05,0.00,0.03,0.00,0.02,0.00,0.02,0.00,0.01,0.00,0.02,0.00,0.01,116.76,117.88,118.46,0.00,0.00,0.32,2.69%,0.00,0.15%,1.77%,0.05%,1.49%,0.03%,0.74%,0.03%,0.90%,0.03%,0.36%,0.02%,0.39%,0.02%,0.38%,0.02%,0.20%,0.02%,0.13%,0.01%,0.12%,0.01%,0.11%,0.01%,0.06%,0.00,0.00,0.00,0.00,0.00,0.00,0.00,0.00,0.00,0.00,0.00,0.00,0.00,0.00,0.00,0.00,0.00,0.00,0.00,0.00,0.00,0.00,0.00,0.00,233.20,235.32,236.38,0.00,0.00,0.00,2.64%,0.00,0.14%,1.72%,0.05%,1.49%,0.03%,0.74%,0.03%,0.87%,0.02%,0.35%,0.02%,0.35%,0.02%,0.37%,0.02%,0.18%,0.01%,0.12%,0.01%,0.12%,0.01%,0.09%,0.01%,0.05%,0.00,0.00,0.00,0.00,0.00,0.00,0.00,0.00,0.00,0.00,0.00,0.00,0.00,0.00,0.00,0.00,0.00,0.00,0.00,0.00,0.00,0.00,0.00,0.00,132,0.775,96,84,59.94,60.01,60.07
29-Jul-2018 18:00:00,10.000,Y,116.50,117.86,118.46,1.02,1.10,1.16,2.61%,0.18,0.11%,1.72%,0.04%,1.49%,0.03%,0.69%,0.02%,0.85%,0.02%,0.36%,0.02%,0.31%,0.01%,0.36%,0.01%,0.14%,0.01%,0.11%,0.01%,0.11%,0.01%,0.06%,0.01%,0.06%,0.01,0.06,0.00,0.07,0.00,0.07,0.00,0.11,0.00,0.05,0.00,0.05,0.00,0.02,0.00,0.02,0.00,0.02,0.00,0.02,0.00,0.02,0.00,0.01,116.56,117.58,118.10,0.00,0.00,0.32,2.74%,0.00,0.11%,1.84%,0.04%,1.50%,0.03%,0.70%,0.02%,0.91%,0.02%,0.38%,0.02%,0.39%,0.01%,0.38%,0.01%,0.19%,0.01%,0.13%,0.01%,0.10%,0.01%,0.11%,0.01%,0.08%,0.00,0.00,0.00,0.00,0.00,0.00,0.00,0.00,0.00,0.00,0.00,0.00,0.00,0.00,0.00,0.00,0.00,0.00,0.00,0.00,0.00,0.00,0.00,0.00,232.82,234.62,235.52,0.00,0.00,0.00,2.67%,0.00,0.11%,1.78%,0.04%,1.49%,0.03%,0.69%,0.02%,0.88%,0.02%,0.37%,0.02%,0.35%,0.01%,0.37%,0.01%,0.16%,0.01%,0.11%,0.01%,0.11%,0.01%,0.08%,0.01%,0.06%,0.00,0.00,0.00,0.00,0.00,0.00,0.00,0.00,0.00,0.00,0.00,0.00,0.00,0.00,0.00,0.00,0.00,0.00,0.00,0.00,0.00,0.00,0.00,0.00,132,0.776,96,84,59.95,59.99,60.04
29-Jul-2018 18:10:00,10.000,Y,115.82,117.02,117.68,1.03,1.10,1.16,2.75%,0.18,0.11%,1.82%,0.04%,1.60%,0.03%,0.62%,0.02%,0.95%,0.02%,0.35%,0.02%,0.30%,0.02%,0.32%,0.01%,0.13%,0.01%,0.08%,0.01%,0.08%,0.01%,0.04%,0.01%,0.04%,0.01,0.06,0.00,0.07,0.00,0.07,0.00,0.11,0.00,0.05,0.00,0.05,0.00,0.02,0.00,0.02,0.00,0.02,0.00,0.02,0.00,0.02,0.00,0.01,115.32,116.80,117.42,0.00,0.00,0.44,2.91%,0.00,0.11%,1.98%,0.04%,1.61%,0.03%,0.65%,0.02%,1.01%,0.02%,0.38%,0.02%,0.41%,0.01%,0.31%,0.01%,0.17%,0.01%,0.11%,0.01%,0.05%,0.01%,0.09%,0.01%,0.07%,0.00,0.00,0.00,0.00,0.00,0.00,0.00,0.00,0.00,0.00,0.00,0.00,0.00,0.00,0.00,0.00,0.00,0.00,0.00,0.00,0.00,0.00,0.00,0.00,231.08,233.04,234.28,0.00,0.00,0.00,2.82%,0.00,0.11%,1.90%,0.04%,1.60%,0.03%,0.63%,0.02%,0.98%,0.02%,0.37%,0.02%,0.35%,0.01%,0.31%,0.01%,0.15%,0.01%,0.09%,0.01%,0.07%,0.01%,0.07%,0.01%,0.05%,0.00,0.00,0.00,0.00,0.00,0.00,0.00,0.00,0.00,0.00,0.00,0.00,0.00,0.00,0.00,0.00,0.00,0.00,0.00,0.00,0.00,0.00,0.00,0.00,132,0.781,96,72,59.94,59.99,60.06
29-Jul-2018 18:20:00,10.000,Y,115.84,116.80,117.12,1.02,1.09,1.15,2.96%,0.17,0.16%,1.98%,0.06%,1.70%,0.04%,0.59%,0.03%,1.10%,0.03%,0.33%,0.02%,0.33%,0.02%,0.27%,0.02%,0.10%,0.01%,0.10%,0.01%,0.08%,0.01%,0.03%,0.01%,0.06%,0.01,0.05,0.00,0.07,0.00,0.07,0.00,0.11,0.00,0.05,0.00,0.05,0.00,0.01,0.00,0.02,0.00,0.02,0.00,0.02,0.00,0.02,0.00,0.01,115.44,116.58,117.02,0.00,0.00,0.32,3.16%,0.00,0.16%,2.20%,0.06%,1.73%,0.04%,0.63%,0.03%,1.15%,0.03%,0.35%,0.02%,0.41%,0.02%,0.24%,0.02%,0.16%,0.01%,0.09%,0.01%,0.05%,0.01%,0.08%,0.01%,0.05%,0.00,0.00,0.00,0.00,0.00,0.00,0.00,0.00,0.00,0.00,0.00,0.00,0.00,0.00,0.00,0.00,0.00,0.00,0.00,0.00,0.00,0.00,0.00,0.00,231.08,232.60,233.18,0.00,0.00,0.00,3.05%,0.00,0.16%,2.09%,0.06%,1.72%,0.04%,0.61%,0.03%,1.12%,0.03%,0.34%,0.02%,0.36%,0.02%,0.25%,0.02%,0.13%,0.01%,0.09%,0.01%,0.06%,0.01%,0.06%,0.01%,0.03%,0.00,0.00,0.00,0.00,0.00,0.00,0.00,0.00,0.00,0.00,0.00,0.00,0.00,0.00,0.00,0.00,0.00,0.00,0.00,0.00,0.00,0.00,0.00,0.00,132,0.782,96,72,59.95,60.02,60.08
29-Jul-2018 18:30:00,10.000,Y,115.42,116.80,117.08,1.02,1.10,1.18,3.07%,0.18,0.13%,2.09%,0.05%,1.76%,0.04%,0.58%,0.03%,1.14%,0.03%,0.33%,0.02%,0.34%,0.02%,0.28%,0.01%,0.11%,0.01%,0.11%,0.01%,0.09%,0.01%,0.04%,0.01%,0.06%,0.01,0.05,0.00,0.07,0.00,0.07,0.00,0.11,0.00,0.05,0.00,0.05,0.00,0.01,0.00,0.02,0.00,0.02,0.00,0.02,0.00,0.02,0.00,0.01,115.90,116.80,117.28,0.00,0.00,0.35,3.24%,0.00,0.13%,2.25%,0.05%,1.78%,0.03%,0.65%,0.03%,1.18%,0.03%,0.36%,0.02%,0.42%,0.02%,0.26%,0.01%,0.16%,0.01%,0.09%,0.01%,0.06%,0.01%,0.09%,0.01%,0.04%,0.00,0.00,0.00,0.00,0.00,0.00,0.00,0.00,0.00,0.00,0.00,0.00,0.00,0.00,0.00,0.00,0.00,0.00,0.00,0.00,0.00,0.00,0.00,0.00,231.22,232.80,233.38,0.00,0.00,0.00,3.15%,0.00,0.13%,2.17%,0.05%,1.77%,0.03%,0.61%,0.03%,1.16%,0.03%,0.35%,0.02%,0.37%,0.02%,0.27%,0.01%,0.14%,0.01%,0.09%,0.01%,0.08%,0.01%,0.06%,0.01%,0.03%,0.00,0.00,0.00,0.00,0.00,0.00,0.00,0.00,0.00,0.00,0.00,0.00,0.00,0.00,0.00,0.00,0.00,0.00,0.00,0.00,0.00,0.00,0.00,0.00,132,0.785,96,72,59.95,60.00,60.04
29-Jul-2018 18:40:00,10.000,Y,115.66,116.72,117.06,1.01,1.10,1.16,3.10%,0.18,0.16%,2.13%,0.06%,1.77%,0.04%,0.58%,0.03%,1.13%,0.03%,0.32%,0.02%,0.32%,0.02%,0.28%,0.02%,0.11%,0.01%,0.09%,0.01%,0.09%,0.01%,0.04%,0.01%,0.06%,0.01,0.05,0.00,0.07,0.00,0.07,0.00,0.11,0.00,0.05,0.00,0.05,0.00,0.01,0.00,0.02,0.00,0.01,0.00,0.01,0.00,0.01,0.00,0.01,115.40,116.42,116.88,0.00,0.00,0.33,3.25%,0.00,0.16%,2.28%,0.06%,1.76%,0.04%,0.64%,0.03%,1.20%,0.03%,0.34%,0.02%,0.40%,0.02%,0.27%,0.02%,0.16%,0.01%,0.07%,0.01%,0.07%,0.01%,0.08%,0.01%,0.05%,0.00,0.00,0.00,0.00,0.00,0.00,0.00,0.00,0.00,0.00,0.00,0.00,0.00,0.00,0.00,0.00,0.00,0.00,0.00,0.00,0.00,0.00,0.00,0.00,230.82,232.36,233.06,0.00,0.00,0.00,3.17%,0.00,0.16%,2.20%,0.06%,1.76%,0.04%,0.61%,0.03%,1.15%,0.03%,0.33%,0.02%,0.35%,0.02%,0.27%,0.01%,0.13%,0.01%,0.07%,0.01%,0.08%,0.01%,0.06%,0.01%,0.03%,0.00,0.00,0.00,0.00,0.00,0.00,0.00,0.00,0.00,0.00,0.00,0.00,0.00,0.00,0.00,0.00,0.00,0.00,0.00,0.00,0.00,0.00,0.00,0.00,132,0.783,96,72,59.98,60.02,60.08
29-Jul-2018 18:50:00,10.000,Y,115.84,117.00,117.76,1.02,1.10,1.17,3.15%,0.18,0.15%,2.17%,0.06%,1.79%,0.04%,0.58%,0.03%,1.14%,0.03%,0.33%,0.02%,0.30%,0.02%,0.28%,0.02%,0.12%,0.01%,0.08%,0.01%,0.09%,0.01%,0.03%,0.01%,0.05%,0.01,0.05,0.00,0.07,0.00,0.07,0.00,0.11,0.00,0.05,0.00,0.05,0.00,0.01,0.00,0.02,0.00,0.01,0.00,0.01,0.00,0.01,0.00,0.01,115.52,116.74,117.46,0.00,0.00,0.32,3.30%,0.00,0.15%,2.33%,0.06%,1.77%,0.04%,0.63%,0.03%,1.22%,0.03%,0.35%,0.02%,0.39%,0.02%,0.28%,0.02%,0.16%,0.02%,0.08%,0.01%,0.06%,0.01%,0.08%,0.01%,0.05%,0.00,0.00,0.00,0.00,0.00,0.00,0.00,0.00,0.00,0.00,0.00,0.00,0.00,0.00,0.00,0.00,0.00,0.00,0.00,0.00,0.00,0.00,0.00,0.00,231.08,232.96,234.26,0.00,0.00,0.00,3.22%,0.00,0.15%,2.24%,0.06%,1.78%,0.04%,0.61%,0.03%,1.17%,0.03%,0.34%,0.02%,0.34%,0.02%,0.27%,0.02%,0.14%,0.01%,0.07%,0.01%,0.08%,0.01%,0.06%,0.01%,0.03%,0.00,0.00,0.00,0.00,0.00,0.00,0.00,0.00,0.00,0.00,0.00,0.00,0.00,0.00,0.00,0.00,0.00,0.00,0.00,0.00,0.00,0.00,0.00,0.00,132,0.780,96,72,59.95,60.01,60.10
29-Jul-2018 19:00:00,10.000,Y,116.14,117.40,117.80,1.02,1.10,1.17,3.18%,0.18,0.09%,2.18%,0.04%,1.82%,0.02%,0.54%,0.02%,1.20%,0.02%,0.32%,0.01%,0.31%,0.01%,0.29%,0.01%,0.13%,0.01%,0.09%,0.01%,0.09%,0.01%,0.04%,0.01%,0.06%,0.01,0.05,0.00,0.07,0.00,0.07,0.00,0.11,0.00,0.05,0.00,0.05,0.00,0.01,0.00,0.02,0.00,0.01,0.00,0.02,0.00,0.01,0.00,0.01,116.08,117.10,117.50,0.00,0.00,0.33,3.38%,0.00,0.09%,2.38%,0.03%,1.84%,0.02%,0.60%,0.02%,1.27%,0.02%,0.33%,0.01%,0.41%,0.01%,0.30%,0.01%,0.16%,0.01%,0.10%,0.01%,0.06%,0.01%,0.07%,0.01%,0.05%,0.00,0.00,0.00,0.00,0.00,0.00,0.00,0.00,0.00,0.00,0.00,0.00,0.00,0.00,0.00,0.00,0.00,0.00,0.00,0.00,0.00,0.00,0.00,0.00,232.04,233.72,234.32,0.00,0.00,0.00,3.28%,0.00,0.09%,2.28%,0.03%,1.83%,0.02%,0.57%,0.02%,1.23%,0.02%,0.33%,0.01%,0.35%,0.01%,0.29%,0.01%,0.14%,0.01%,0.09%,0.01%,0.07%,0.01%,0.06%,0.01%,0.04%,0.00,0.00,0.00,0.00,0.00,0.00,0.00,0.00,0.00,0.00,0.00,0.00,0.00,0.00,0.00,0.00,0.00,0.00,0.00,0.00,0.00,0.00,0.00,0.00,132,0.777,96,72,59.93,59.98,60.05
29-Jul-2018 19:10:00,10.000,Y,116.54,117.40,117.78,1.02,1.10,1.16,3.19%,0.18,0.09%,2.18%,0.03%,1.83%,0.03%,0.53%,0.02%,1.21%,0.02%,0.32%,0.01%,0.32%,0.01%,0.30%,0.01%,0.12%,0.01%,0.09%,0.01%,0.09%,0.01%,0.04%,0.01%,0.06%,0.01,0.05,0.00,0.07,0.00,0.07,0.00,0.11,0.00,0.05,0.00,0.05,0.00,0.01,0.00,0.02,0.00,0.01,0.00,0.01,0.00,0.02,0.00,0.01,116.22,117.14,117.62,0.00,0.00,0.33,3.35%,0.00,0.09%,2.33%,0.04%,1.84%,0.02%,0.61%,0.02%,1.26%,0.02%,0.33%,0.01%,0.41%,0.01%,0.27%,0.01%,0.15%,0.01%,0.10%,0.01%,0.06%,0.01%,0.08%,0.01%,0.05%,0.00,0.00,0.00,0.00,0.00,0.00,0.00,0.00,0.00,0.00,0.00,0.00,0.00,0.00,0.00,0.00,0.00,0.00,0.00,0.00,0.00,0.00,0.00,0.00,232.42,233.76,234.48,0.00,0.00,0.00,3.27%,0.00,0.09%,2.26%,0.03%,1.84%,0.02%,0.57%,0.02%,1.23%,0.02%,0.32%,0.01%,0.36%,0.01%,0.28%,0.01%,0.14%,0.01%,0.09%,0.01%,0.07%,0.01%,0.06%,0.01%,0.04%,0.00,0.00,0.00,0.00,0.00,0.00,0.00,0.00,0.00,0.00,0.00,0.00,0.00,0.00,0.00,0.00,0.00,0.00,0.00,0.00,0.00,0.00,0.00,0.00,132,0.777,96,72,59.91,59.98,60.05
29-Jul-2018 19:20:00,10.000,Y,116.20,117.28,117.66,1.02,1.10,1.15,3.16%,0.18,0.11%,2.16%,0.04%,1.82%,0.03%,0.54%,0.03%,1.17%,0.02%,0.33%,0.02%,0.31%,0.01%,0.30%,0.01%,0.13%,0.01%,0.09%,0.01%,0.09%,0.01%,0.04%,0.01%,0.06%,0.01,0.05,0.00,0.07,0.00,0.07,0.00,0.11,0.00,0.05,0.00,0.05,0.00,0.01,0.00,0.02,0.00,0.01,0.00,0.02,0.00,0.01,0.00,0.01,116.28,117.18,117.60,0.00,0.00,0.32,3.36%,0.00,0.11%,2.37%,0.04%,1.83%,0.03%,0.59%,0.02%,1.23%,0.02%,0.37%,0.02%,0.38%,0.01%,0.29%,0.01%,0.17%,0.01%,0.10%,0.01%,0.07%,0.01%,0.07%,0.01%,0.06%,0.00,0.00,0.00,0.00,0.00,0.00,0.00,0.00,0.00,0.00,0.00,0.00,0.00,0.00,0.00,0.00,0.00,0.00,0.00,0.00,0.00,0.00,0.00,0.00,232.28,233.66,234.34,0.00,0.00,0.00,3.25%,0.00,0.11%,2.26%,0.04%,1.82%,0.03%,0.56%,0.02%,1.20%,0.02%,0.35%,0.02%,0.34%,0.01%,0.29%,0.01%,0.15%,0.01%,0.09%,0.01%,0.08%,0.01%,0.05%,0.01%,0.04%,0.00,0.00,0.00,0.00,0.00,0.00,0.00,0.00,0.00,0.00,0.00,0.00,0.00,0.00,0.00,0.00,0.00,0.00,0.00,0.00,0.00,0.00,0.00,0.00,132,0.778,96,72,59.93,59.99,60.06
29-Jul-2018 19:30:00,10.000,Y,116.48,117.40,117.82,1.02,1.10,1.16,3.21%,0.18,0.14%,2.19%,0.05%,1.84%,0.04%,0.54%,0.03%,1.19%,0.02%,0.35%,0.02%,0.31%,0.02%,0.30%,0.01%,0.13%,0.01%,0.08%,0.01%,0.10%,0.01%,0.04%,0.01%,0.06%,0.01,0.05,0.00,0.07,0.00,0.07,0.00,0.11,0.00,0.05,0.00,0.05,0.00,0.01,0.00,0.02,0.00,0.01,0.00,0.02,0.00,0.02,0.00,0.01,115.80,117.00,117.38,0.00,0.00,0.32,3.38%,0.00,0.14%,2.36%,0.05%,1.86%,0.03%,0.63%,0.03%,1.25%,0.02%,0.38%,0.02%,0.38%,0.02%,0.29%,0.01%,0.16%,0.01%,0.09%,0.01%,0.08%,0.01%,0.08%,0.01%,0.04%,0.00,0.00,0.00,0.00,0.00,0.00,0.00,0.00,0.00,0.00,0.00,0.00,0.00,0.00,0.00,0.00,0.00,0.00,0.00,0.00,0.00,0.00,0.00,0.00,232.02,233.62,234.18,0.00,0.00,0.00,3.29%,0.00,0.14%,2.28%,0.05%,1.85%,0.03%,0.59%,0.03%,1.22%,0.02%,0.36%,0.02%,0.34%,0.02%,0.30%,0.01%,0.14%,0.01%,0.08%,0.01%,0.08%,0.01%,0.06%,0.01%,0.04%,0.00,0.00,0.00,0.00,0.00,0.00,0.00,0.00,0.00,0.00,0.00,0.00,0.00,0.00,0.00,0.00,0.00,0.00,0.00,0.00,0.00,0.00,0.00,0.00,132,0.779,96,72,59.95,60.01,60.07
29-Jul-2018 19:40:00,10.000,Y,116.26,117.36,117.66,1.02,1.10,1.16,3.25%,0.18,0.10%,2.24%,0.04%,1.84%,0.03%,0.55%,0.02%,1.20%,0.02%,0.35%,0.01%,0.31%,0.01%,0.31%,0.01%,0.13%,0.01%,0.09%,0.01%,0.09%,0.01%,0.05%,0.01%,0.06%,0.01,0.05,0.00,0.07,0.00,0.07,0.00,0.11,0.00,0.05,0.00,0.05,0.00,0.01,0.00,0.02,0.00,0.01,0.00,0.02,0.00,0.02,0.00,0.01,116.42,117.20,117.60,0.00,0.00,0.32,3.42%,0.00,0.10%,2.38%,0.04%,1.88%,0.03%,0.62%,0.02%,1.28%,0.02%,0.38%,0.01%,0.40%,0.01%,0.28%,0.01%,0.18%,0.01%,0.09%,0.01%,0.08%,0.01%,0.09%,0.01%,0.03%,0.00,0.00,0.00,0.00,0.00,0.00,0.00,0.00,0.00,0.00,0.00,0.00,0.00,0.00,0.00,0.00,0.00,0.00,0.00,0.00,0.00,0.00,0.00,0.00,232.44,233.78,234.36,0.00,0.00,0.00,3.33%,0.00,0.10%,2.31%,0.04%,1.86%,0.03%,0.58%,0.02%,1.24%,0.02%,0.36%,0.01%,0.35%,0.01%,0.29%,0.01%,0.15%,0.01%,0.09%,0.01%,0.08%,0.01%,0.06%,0.01%,0.03%,0.00,0.00,0.00,0.00,0.00,0.00,0.00,0.00,0.00,0.00,0.00,0.00,0.00,0.00,0.00,0.00,0.00,0.00,0.00,0.00,0.00,0.00,0.00,0.00,132,0.778,96,72,59.94,59.98,60.06
29-Jul-2018 19:50:00,10.000,Y,116.06,117.02,117.42,1.02,1.10,1.17,3.24%,0.17,0.10%,2.24%,0.04%,1.86%,0.03%,0.53%,0.02%,1.17%,0.02%,0.35%,0.01%,0.30%,0.01%,0.30%,0.01%,0.13%,0.01%,0.09%,0.01%,0.08%,0.01%,0.05%,0.01%,0.06%,0.01,0.05,0.00,0.07,0.00,0.07,0.00,0.11,0.00,0.05,0.00,0.04,0.00,0.01,0.00,0.02,0.00,0.01,0.00,0.02,0.00,0.02,0.00,0.01,115.78,117.12,117.62,0.00,0.00,0.32,3.39%,0.00,0.10%,2.35%,0.04%,1.90%,0.03%,0.61%,0.02%,1.24%,0.02%,0.37%,0.02%,0.41%,0.01%,0.26%,0.01%,0.18%,0.01%,0.09%,0.01%,0.07%,0.01%,0.08%,0.01%,0.03%,0.00,0.00,0.00,0.00,0.00,0.00,0.00,0.00,0.00,0.00,0.00,0.00,0.00,0.00,0.00,0.00,0.00,0.00,0.00,0.00,0.00,0.00,0.00,0.00,231.80,233.32,234.20,0.00,0.00,0.00,3.31%,0.00,0.10%,2.30%,0.04%,1.88%,0.03%,0.57%,0.02%,1.20%,0.02%,0.36%,0.01%,0.35%,0.01%,0.27%,0.01%,0.15%,0.01%,0.08%,0.01%,0.07%,0.01%,0.06%,0.01%,0.03%,0.00,0.00,0.00,0.00,0.00,0.00,0.00,0.00,0.00,0.00,0.00,0.00,0.00,0.00,0.00,0.00,0.00,0.00,0.00,0.00,0.00,0.00,0.00,0.00,132,0.783,96,72,59.93,59.99,60.05
29-Jul-2018 20:00:00,10.000,Y,115.88,117.08,117.56,1.01,1.10,1.15,3.25%,0.17,0.12%,2.25%,0.04%,1.88%,0.03%,0.50%,0.02%,1.15%,0.02%,0.36%,0.01%,0.30%,0.01%,0.27%,0.01%,0.13%,0.01%,0.09%,0.01%,0.06%,0.01%,0.05%,0.01%,0.07%,0.01,0.05,0.00,0.07,0.00,0.07,0.00,0.11,0.00,0.04,0.00,0.04,0.00,0.01,0.00,0.02,0.00,0.02,0.00,0.02,0.00,0.02,0.00,0.02,116.18,117.16,117.60,0.00,0.00,0.33,3.39%,0.00,0.12%,2.34%,0.04%,1.92%,0.03%,0.60%,0.02%,1.25%,0.02%,0.37%,0.02%,0.42%,0.01%,0.26%,0.01%,0.17%,0.01%,0.08%,0.01%,0.07%,0.01%,0.08%,0.01%,0.02%,0.00,0.00,0.00,0.00,0.00,0.00,0.00,0.00,0.00,0.00,0.00,0.00,0.00,0.00,0.00,0.00,0.00,0.00,0.00,0.00,0.00,0.00,0.00,0.00,232.14,233.44,234.16,0.00,0.00,0.00,3.31%,0.00,0.12%,2.29%,0.04%,1.90%,0.03%,0.55%,0.02%,1.19%,0.02%,0.37%,0.02%,0.36%,0.01%,0.26%,0.01%,0.15%,0.01%,0.08%,0.01%,0.06%,0.01%,0.05%,0.01%,0.04%,0.00,0.00,0.00,0.00,0.00,0.00,0.00,0.00,0.00,0.00,0.00,0.00,0.00,0.00,0.00,0.00,0.00,0.00,0.00,0.00,0.00,0.00,0.00,0.00,132,0.779,96,72,59.95,60.00,60.04
29-Jul-2018 20:10:00,10.000,Y,116.46,117.52,118.04,1.02,1.10,1.16,3.21%,0.17,0.14%,2.22%,0.06%,1.84%,0.04%,0.50%,0.03%,1.16%,0.02%,0.37%,0.02%,0.31%,0.02%,0.28%,0.01%,0.12%,0.01%,0.10%,0.01%,0.07%,0.01%,0.04%,0.01%,0.06%,0.01,0.05,0.00,0.07,0.00,0.07,0.00,0.11,0.00,0.04,0.00,0.04,0.00,0.01,0.00,0.02,0.00,0.02,0.00,0.02,0.00,0.02,0.00,0.01,116.04,117.06,117.62,0.00,0.00,0.32,3.32%,0.00,0.14%,2.30%,0.06%,1.88%,0.04%,0.58%,0.03%,1.20%,0.02%,0.37%,0.02%,0.40%,0.02%,0.23%,0.01%,0.16%,0.01%,0.07%,0.01%,0.06%,0.01%,0.07%,0.01%,0.02%,0.00,0.00,0.00,0.00,0.00,0.00,0.00,0.00,0.00,0.00,0.00,0.00,0.00,0.00,0.00,0.00,0.00,0.00,0.00,0.00,0.00,0.00,0.00,0.00,232.16,233.78,234.74,0.00,0.00,0.00,3.26%,0.00,0.14%,2.26%,0.06%,1.86%,0.04%,0.54%,0.03%,1.18%,0.02%,0.37%,0.02%,0.35%,0.02%,0.25%,0.01%,0.14%,0.01%,0.08%,0.01%,0.07%,0.01%,0.04%,0.01%,0.02%,0.00,0.00,0.00,0.00,0.00,0.00,0.00,0.00,0.00,0.00,0.00,0.00,0.00,0.00,0.00,0.00,0.00,0.00,0.00,0.00,0.00,0.00,0.00,0.00,132,0.777,96,72,59.96,60.01,60.05
29-Jul-2018 20:20:00,10.000,Y,116.26,117.56,118.08,1.02,1.10,1.16,3.19%,0.17,0.13%,2.19%,0.05%,1.84%,0.03%,0.50%,0.03%,1.17%,0.02%,0.37%,0.02%,0.31%,0.01%,0.27%,0.01%,0.12%,0.01%,0.10%,0.01%,0.06%,0.01%,0.05%,0.01%,0.07%,0.01,0.05,0.00,0.07,0.00,0.07,0.00,0.11,0.00,0.04,0.00,0.04,0.00,0.01,0.00,0.02,0.00,0.02,0.00,0.02,0.00,0.02,0.00,0.02,115.96,117.44,118.02,0.00,0.00,0.32,3.35%,0.00,0.13%,2.31%,0.05%,1.90%,0.03%,0.60%,0.03%,1.21%,0.02%,0.37%,0.02%,0.41%,0.02%,0.24%,0.01%,0.16%,0.01%,0.08%,0.01%,0.07%,0.01%,0.07%,0.01%,0.02%,0.00,0.00,0.00,0.00,0.00,0.00,0.00,0.00,0.00,0.00,0.00,0.00,0.00,0.00,0.00,0.00,0.00,0.00,0.00,0.00,0.00,0.00,0.00,0.00,231.50,234.20,235.10,0.00,0.00,0.00,3.26%,0.00,0.13%,2.25%,0.05%,1.87%,0.03%,0.55%,0.03%,1.18%,0.02%,0.37%,0.02%,0.35%,0.01%,0.25%,0.01%,0.14%,0.01%,0.08%,0.01%,0.06%,0.01%,0.04%,0.01%,0.04%,0.00,0.00,0.00,0.00,0.00,0.00,0.00,0.00,0.00,0.00,0.00,0.00,0.00,0.00,0.00,0.00,0.00,0.00,0.00,0.00,0.00,0.00,0.00,0.00,132,0.777,96,72,59.96,60.00,60.03
29-Jul-2018 20:30:00,10.000,Y,116.34,117.56,118.08,1.03,1.10,1.16,3.18%,0.17,0.11%,2.16%,0.04%,1.85%,0.03%,0.52%,0.02%,1.18%,0.02%,0.37%,0.01%,0.31%,0.01%,0.28%,0.01%,0.13%,0.01%,0.10%,0.01%,0.07%,0.01%,0.05%,0.01%,0.07%,0.01,0.05,0.00,0.07,0.00,0.07,0.00,0.11,0.00,0.04,0.00,0.04,0.00,0.01,0.00,0.02,0.00,0.02,0.00,0.02,0.00,0.02,0.00,0.02,116.28,117.32,118.06,0.00,0.00,0.32,3.31%,0.00,0.11%,2.24%,0.04%,1.90%,0.03%,0.61%,0.02%,1.23%,0.02%,0.37%,0.01%,0.41%,0.01%,0.25%,0.01%,0.15%,0.01%,0.09%,0.01%,0.07%,0.01%,0.07%,0.01%,0.02%,0.00,0.00,0.00,0.00,0.00,0.00,0.00,0.00,0.00,0.00,0.00,0.00,0.00,0.00,0.00,0.00,0.00,0.00,0.00,0.00,0.00,0.00,0.00,0.00,232.52,234.08,235.34,0.00,0.00,0.00,3.24%,0.00,0.11%,2.20%,0.04%,1.88%,0.03%,0.56%,0.02%,1.20%,0.02%,0.37%,0.01%,0.35%,0.01%,0.26%,0.01%,0.14%,0.01%,0.09%,0.01%,0.07%,0.01%,0.04%,0.01%,0.04%,0.00,0.00,0.00,0.00,0.00,0.00,0.00,0.00,0.00,0.00,0.00,0.00,0.00,0.00,0.00,0.00,0.00,0.00,0.00,0.00,0.00,0.00,0.00,0.00,132,0.777,96,84,59.93,59.99,60.04
29-Jul-2018 20:40:00,10.000,Y,116.64,117.78,118.20,1.02,1.10,1.16,3.18%,0.17,0.13%,2.13%,0.05%,1.88%,0.03%,0.55%,0.03%,1.17%,0.02%,0.36%,0.02%,0.31%,0.01%,0.28%,0.01%,0.13%,0.01%,0.09%,0.01%,0.06%,0.01%,0.05%,0.01%,0.06%,0.01,0.05,0.00,0.07,0.00,0.07,0.00,0.11,0.00,0.04,0.00,0.04,0.00,0.01,0.00,0.02,0.00,0.02,0.00,0.02,0.00,0.02,0.00,0.02,116.32,117.66,118.36,0.00,0.00,0.32,3.34%,0.00,0.13%,2.23%,0.05%,1.91%,0.03%,0.63%,0.03%,1.27%,0.02%,0.39%,0.02%,0.42%,0.02%,0.28%,0.01%,0.16%,0.01%,0.09%,0.01%,0.08%,0.01%,0.07%,0.01%,0.02%,0.00,0.00,0.00,0.00,0.00,0.00,0.00,0.00,0.00,0.00,0.00,0.00,0.00,0.00,0.00,0.00,0.00,0.00,0.00,0.00,0.00,0.00,0.00,0.00,232.52,234.64,235.66,0.00,0.00,0.00,3.25%,0.00,0.13%,2.18%,0.05%,1.89%,0.03%,0.59%,0.02%,1.21%,0.02%,0.38%,0.02%,0.36%,0.02%,0.27%,0.01%,0.14%,0.01%,0.09%,0.01%,0.07%,0.01%,0.04%,0.01%,0.04%,0.00,0.00,0.00,0.00,0.00,0.00,0.00,0.00,0.00,0.00,0.00,0.00,0.00,0.00,0.00,0.00,0.00,0.00,0.00,0.00,0.00,0.00,0.00,0.00,132,0.777,96,84,59.95,60.00,60.04
29-Jul-2018 20:50:00,10.000,Y,117.06,117.98,118.34,1.02,1.10,1.16,3.16%,0.17,0.11%,2.10%,0.04%,1.85%,0.03%,0.56%,0.02%,1.20%,0.02%,0.37%,0.01%,0.32%,0.01%,0.29%,0.01%,0.13%,0.01%,0.10%,0.01%,0.06%,0.01%,0.06%,0.01%,0.07%,0.01,0.05,0.00,0.07,0.00,0.07,0.00,0.11,0.00,0.04,0.00,0.04,0.00,0.01,0.00,0.02,0.00,0.02,0.00,0.02,0.00,0.02,0.00,0.02,117.24,118.18,118.56,0.00,0.00,0.32,3.29%,0.00,0.11%,2.18%,0.04%,1.91%,0.03%,0.64%,0.02%,1.25%,0.02%,0.39%,0.01%,0.41%,0.02%,0.29%,0.01%,0.15%,0.01%,0.08%,0.01%,0.09%,0.01%,0.06%,0.01%,0.02%,0.00,0.00,0.00,0.00,0.00,0.00,0.00,0.00,0.00,0.00,0.00,0.00,0.00,0.00,0.00,0.00,0.00,0.00,0.00,0.00,0.00,0.00,0.00,0.00,234.02,235.36,236.06,0.00,0.00,0.00,3.22%,0.00,0.11%,2.14%,0.04%,1.88%,0.03%,0.60%,0.02%,1.22%,0.02%,0.38%,0.01%,0.36%,0.01%,0.28%,0.01%,0.14%,0.01%,0.09%,0.01%,0.08%,0.01%,0.04%,0.01%,0.04%,0.00,0.00,0.00,0.00,0.00,0.00,0.00,0.00,0.00,0.00,0.00,0.00,0.00,0.00,0.00,0.00,0.00,0.00,0.00,0.00,0.00,0.00,0.00,0.00,132,0.775,96,84,59.94,59.99,60.04
29-Jul-2018 21:00:00,10.000,Y,117.12,118.10,118.58,1.02,1.10,1.18,3.11%,0.18,0.15%,2.08%,0.06%,1.80%,0.04%,0.57%,0.03%,1.19%,0.03%,0.38%,0.02%,0.31%,0.02%,0.29%,0.01%,0.13%,0.01%,0.10%,0.01%,0.06%,0.01%,0.05%,0.01%,0.07%,0.01,0.05,0.00,0.07,0.00,0.07,0.00,0.11,0.00,0.04,0.00,0.04,0.00,0.01,0.00,0.02,0.00,0.02,0.00,0.02,0.00,0.02,0.00,0.02,117.28,118.34,118.92,0.00,0.00,0.32,3.25%,0.00,0.15%,2.16%,0.05%,1.86%,0.04%,0.65%,0.03%,1.24%,0.03%,0.40%,0.02%,0.40%,0.02%,0.30%,0.01%,0.16%,0.01%,0.08%,0.01%,0.10%,0.01%,0.07%,0.01%,0.02%,0.00,0.00,0.00,0.00,0.00,0.00,0.00,0.00,0.00,0.00,0.00,0.00,0.00,0.00,0.00,0.00,0.00,0.00,0.00,0.00,0.00,0.00,0.00,0.00,234.02,235.64,236.64,0.00,0.00,0.00,3.18%,0.00,0.15%,2.12%,0.05%,1.83%,0.04%,0.61%,0.03%,1.21%,0.03%,0.39%,0.02%,0.35%,0.02%,0.29%,0.01%,0.14%,0.01%,0.09%,0.01%,0.08%,0.01%,0.04%,0.01%,0.04%,0.00,0.00,0.00,0.00,0.00,0.00,0.00,0.00,0.00,0.00,0.00,0.00,0.00,0.00,0.00,0.00,0.00,0.00,0.00,0.00,0.00,0.00,0.00,0.00,132,0.777,96,84,59.96,60.01,60.05
29-Jul-2018 21:10:00,10.000,Y,117.36,118.34,118.72,1.02,1.11,1.18,3.09%,0.17,0.12%,2.01%,0.04%,1.83%,0.03%,0.57%,0.03%,1.21%,0.02%,0.35%,0.02%,0.31%,0.02%,0.30%,0.01%,0.12%,0.01%,0.10%,0.01%,0.07%,0.01%,0.04%,0.01%,0.06%,0.01,0.06,0.00,0.07,0.00,0.07,0.00,0.11,0.00,0.04,0.00,0.04,0.00,0.01,0.00,0.02,0.00,0.02,0.00,0.02,0.00,0.02,0.00,0.02,117.50,118.44,118.86,0.00,0.00,0.32,3.22%,0.00,0.12%,2.08%,0.04%,1.88%,0.03%,0.65%,0.03%,1.29%,0.02%,0.39%,0.02%,0.40%,0.02%,0.29%,0.01%,0.16%,0.01%,0.08%,0.01%,0.10%,0.01%,0.07%,0.01%,0.02%,0.00,0.00,0.00,0.00,0.00,0.00,0.00,0.00,0.00,0.00,0.00,0.00,0.00,0.00,0.00,0.00,0.00,0.00,0.00,0.00,0.00,0.00,0.00,0.00,234.60,235.98,236.62,0.00,0.00,0.00,3.15%,0.00,0.12%,2.04%,0.04%,1.86%,0.03%,0.61%,0.03%,1.25%,0.02%,0.37%,0.02%,0.35%,0.02%,0.29%,0.01%,0.14%,0.01%,0.09%,0.01%,0.08%,0.01%,0.04%,0.01%,0.04%,0.00,0.00,0.00,0.00,0.00,0.00,0.00,0.00,0.00,0.00,0.00,0.00,0.00,0.00,0.00,0.00,0.00,0.00,0.00,0.00,0.00,0.00,0.00,0.00,132,0.777,96,84,59.94,60.00,60.04
29-Jul-2018 21:20:00,10.000,Y,117.70,118.68,119.08,1.03,1.10,1.16,3.05%,0.17,0.13%,1.94%,0.05%,1.83%,0.03%,0.60%,0.03%,1.20%,0.02%,0.33%,0.02%,0.31%,0.02%,0.30%,0.01%,0.11%,0.01%,0.10%,0.01%,0.08%,0.01%,0.04%,0.01%,0.06%,0.01,0.05,0.00,0.07,0.00,0.07,0.00,0.11,0.00,0.05,0.00,0.04,0.00,0.01,0.00,0.02,0.00,0.02,0.00,0.02,0.00,0.02,0.00,0.01,117.62,118.78,119.28,0.00,0.00,0.32,3.20%,0.00,0.13%,2.03%,0.05%,1.88%,0.03%,0.66%,0.03%,1.29%,0.02%,0.38%,0.02%,0.40%,0.02%,0.30%,0.01%,0.15%,0.01%,0.09%,0.01%,0.11%,0.01%,0.07%,0.01%,0.03%,0.00,0.00,0.00,0.00,0.00,0.00,0.00,0.00,0.00,0.00,0.00,0.00,0.00,0.00,0.00,0.00,0.00,0.00,0.00,0.00,0.00,0.00,0.00,0.00,234.90,236.66,237.52,0.00,0.00,0.00,3.12%,0.00,0.13%,1.99%,0.05%,1.85%,0.03%,0.63%,0.03%,1.24%,0.02%,0.35%,0.02%,0.35%,0.02%,0.30%,0.01%,0.13%,0.01%,0.09%,0.01%,0.09%,0.01%,0.04%,0.01%,0.04%,0.00,0.00,0.00,0.00,0.00,0.00,0.00,0.00,0.00,0.00,0.00,0.00,0.00,0.00,0.00,0.00,0.00,0.00,0.00,0.00,0.00,0.00,0.00,0.00,132,0.773,96,84,59.96,60.00,60.06
29-Jul-2018 21:30:00,10.000,Y,117.86,118.86,119.14,1.03,1.10,1.16,3.00%,0.17,0.10%,1.86%,0.04%,1.84%,0.02%,0.61%,0.02%,1.18%,0.02%,0.35%,0.01%,0.33%,0.01%,0.29%,0.01%,0.11%,0.01%,0.10%,0.01%,0.08%,0.01%,0.05%,0.01%,0.05%,0.01,0.06,0.00,0.07,0.00,0.06,0.00,0.10,0.00,0.04,0.00,0.04,0.00,0.01,0.00,0.02,0.00,0.02,0.00,0.02,0.00,0.02,0.00,0.01,118.12,119.02,119.34,0.00,0.00,0.32,3.16%,0.00,0.10%,1.96%,0.04%,1.88%,0.02%,0.68%,0.02%,1.28%,0.02%,0.38%,0.01%,0.41%,0.01%,0.31%,0.01%,0.15%,0.01%,0.09%,0.01%,0.11%,0.01%,0.07%,0.01%,0.02%,0.00,0.00,0.00,0.00,0.00,0.00,0.00,0.00,0.00,0.00,0.00,0.00,0.00,0.00,0.00,0.00,0.00,0.00,0.00,0.00,0.00,0.00,0.00,0.00,235.64,237.06,237.64,0.00,0.00,0.00,3.08%,0.00,0.10%,1.91%,0.04%,1.87%,0.02%,0.65%,0.02%,1.23%,0.02%,0.37%,0.01%,0.37%,0.01%,0.30%,0.01%,0.13%,0.01%,0.09%,0.01%,0.09%,0.01%,0.05%,0.01%,0.04%,0.00,0.00,0.00,0.00,0.00,0.00,0.00,0.00,0.00,0.00,0.00,0.00,0.00,0.00,0.00,0.00,0.00,0.00,0.00,0.00,0.00,0.00,0.00,0.00,132,0.773,96,84,59.94,59.99,60.04
29-Jul-2018 21:40:00,10.000,Y,117.96,119.02,119.42,1.02,1.10,1.16,2.95%,0.17,0.13%,1.80%,0.05%,1.82%,0.03%,0.63%,0.03%,1.17%,0.02%,0.34%,0.02%,0.32%,0.01%,0.29%,0.01%,0.11%,0.01%,0.08%,0.01%,0.08%,0.01%,0.04%,0.01%,0.05%,0.01,0.06,0.00,0.07,0.00,0.06,0.00,0.10,0.00,0.04,0.00,0.04,0.00,0.01,0.00,0.02,0.00,0.02,0.00,0.02,0.00,0.02,0.00,0.01,118.08,119.08,119.68,0.00,0.00,0.32,3.06%,0.00,0.13%,1.87%,0.05%,1.84%,0.03%,0.67%,0.03%,1.24%,0.02%,0.37%,0.02%,0.40%,0.02%,0.30%,0.01%,0.14%,0.01%,0.07%,0.01%,0.10%,0.01%,0.07%,0.01%,0.02%,0.00,0.00,0.00,0.00,0.00,0.00,0.00,0.00,0.00,0.00,0.00,0.00,0.00,0.00,0.00,0.00,0.00,0.00,0.00,0.00,0.00,0.00,0.00,0.00,235.80,237.28,238.20,0.00,0.00,0.00,3.00%,0.00,0.13%,1.83%,0.05%,1.83%,0.03%,0.65%,0.03%,1.21%,0.02%,0.35%,0.02%,0.36%,0.01%,0.29%,0.01%,0.12%,0.01%,0.07%,0.01%,0.09%,0.01%,0.05%,0.01%,0.03%,0.00,0.00,0.00,0.00,0.00,0.00,0.00,0.00,0.00,0.00,0.00,0.00,0.00,0.00,0.00,0.00,0.00,0.00,0.00,0.00,0.00,0.00,0.00,0.00,132,0.772,96,84,59.94,60.00,60.05
29-Jul-2018 21:50:00,10.000,Y,117.62,119.18,119.74,1.02,1.10,1.17,2.89%,0.17,0.12%,1.72%,0.04%,1.79%,0.03%,0.68%,0.02%,1.18%,0.02%,0.33%,0.02%,0.35%,0.01%,0.28%,0.01%,0.10%,0.01%,0.09%,0.01%,0.07%,0.01%,0.04%,0.01%,0.04%,0.01,0.06,0.00,0.07,0.00,0.06,0.00,0.10,0.00,0.04,0.00,0.04,0.00,0.01,0.00,0.02,0.00,0.02,0.00,0.02,0.00,0.02,0.00,0.01,118.20,119.36,119.74,0.00,0.00,0.32,3.00%,0.00,0.12%,1.81%,0.04%,1.80%,0.03%,0.71%,0.03%,1.24%,0.02%,0.34%,0.02%,0.42%,0.01%,0.28%,0.01%,0.13%,0.01%,0.07%,0.01%,0.08%,0.01%,0.08%,0.01%,0.01%,0.00,0.00,0.00,0.00,0.00,0.00,0.00,0.00,0.00,0.00,0.00,0.00,0.00,0.00,0.00,0.00,0.00,0.00,0.00,0.00,0.00,0.00,0.00,0.00,235.90,237.72,238.42,0.00,0.00,0.00,2.94%,0.00,0.12%,1.77%,0.04%,1.79%,0.03%,0.69%,0.02%,1.21%,0.02%,0.34%,0.02%,0.38%,0.01%,0.28%,0.01%,0.11%,0.01%,0.07%,0.01%,0.08%,0.01%,0.05%,0.01%,0.02%,0.00,0.00,0.00,0.00,0.00,0.00,0.00,0.00,0.00,0.00,0.00,0.00,0.00,0.00,0.00,0.00,0.00,0.00,0.00,0.00,0.00,0.00,0.00,0.00,132,0.772,96,84,59.95,60.00,60.05
29-Jul-2018 22:00:00,10.000,Y,117.68,119.08,119.52,1.03,1.10,1.16,2.88%,0.16,0.14%,1.68%,0.05%,1.82%,0.04%,0.67%,0.03%,1.16%,0.03%,0.33%,0.02%,0.34%,0.02%,0.27%,0.01%,0.10%,0.01%,0.07%,0.01%,0.05%,0.01%,0.03%,0.01%,0.03%,0.01,0.06,0.00,0.07,0.00,0.06,0.00,0.10,0.00,0.04,0.00,0.04,0.00,0.01,0.00,0.02,0.00,0.02,0.00,0.02,0.00,0.02,0.00,0.02,118.04,119.08,119.64,0.00,0.00,0.32,2.91%,0.00,0.14%,1.71%,0.05%,1.80%,0.04%,0.69%,0.03%,1.21%,0.03%,0.34%,0.02%,0.39%,0.02%,0.26%,0.01%,0.09%,0.01%,0.07%,0.01%,0.07%,0.01%,0.05%,0.01%,0.02%,0.00,0.00,0.00,0.00,0.00,0.00,0.00,0.00,0.00,0.00,0.00,0.00,0.00,0.00,0.00,0.00,0.00,0.00,0.00,0.00,0.00,0.00,0.00,0.00,235.74,237.34,238.24,0.00,0.00,0.00,2.89%,0.00,0.14%,1.69%,0.05%,1.81%,0.04%,0.68%,0.03%,1.18%,0.03%,0.33%,0.02%,0.36%,0.02%,0.26%,0.01%,0.10%,0.01%,0.07%,0.01%,0.06%,0.01%,0.04%,0.01%,0.01%,0.00,0.00,0.00,0.00,0.00,0.00,0.00,0.00,0.00,0.00,0.00,0.00,0.00,0.00,0.00,0.00,0.00,0.00,0.00,0.00,0.00,0.00,0.00,0.00,132,0.773,96,84,59.96,60.01,60.06
29-Jul-2018 22:10:00,10.000,Y,118.10,119.08,119.40,1.02,1.10,1.17,2.81%,0.16,0.10%,1.59%,0.04%,1.82%,0.03%,0.66%,0.02%,1.14%,0.02%,0.32%,0.01%,0.33%,0.02%,0.27%,0.01%,0.11%,0.01%,0.07%,0.01%,0.06%,0.01%,0.04%,0.01%,0.03%,0.01,0.06,0.00,0.07,0.00,0.06,0.00,0.10,0.00,0.04,0.00,0.04,0.00,0.01,0.00,0.02,0.00,0.02,0.00,0.02,0.00,0.02,0.00,0.01,118.06,118.98,119.30,0.00,0.00,0.36,2.88%,0.00,0.10%,1.62%,0.04%,1.84%,0.03%,0.68%,0.02%,1.18%,0.02%,0.35%,0.01%,0.40%,0.01%,0.26%,0.01%,0.11%,0.01%,0.06%,0.01%,0.09%,0.01%,0.06%,0.01%,0.01%,0.00,0.00,0.00,0.00,0.00,0.00,0.00,0.00,0.00,0.00,0.00,0.00,0.00,0.00,0.00,0.00,0.00,0.00,0.00,0.00,0.00,0.00,0.00,0.00,235.74,237.26,237.88,0.00,0.00,0.00,2.84%,0.00,0.10%,1.61%,0.04%,1.83%,0.03%,0.67%,0.02%,1.16%,0.02%,0.34%,0.01%,0.36%,0.01%,0.26%,0.01%,0.11%,0.01%,0.06%,0.01%,0.08%,0.01%,0.04%,0.01%,0.02%,0.00,0.00,0.00,0.00,0.00,0.00,0.00,0.00,0.00,0.00,0.00,0.00,0.00,0.00,0.00,0.00,0.00,0.00,0.00,0.00,0.00,0.00,0.00,0.00,132,0.772,96,84,59.94,59.99,60.04
29-Jul-2018 22:20:00,10.000,Y,118.08,119.18,119.76,1.02,1.11,1.19,2.75%,0.16,0.13%,1.53%,0.05%,1.77%,0.03%,0.66%,0.03%,1.13%,0.02%,0.34%,0.02%,0.32%,0.02%,0.27%,0.01%,0.11%,0.01%,0.07%,0.01%,0.06%,0.01%,0.05%,0.01%,0.03%,0.01,0.06,0.00,0.06,0.00,0.06,0.00,0.10,0.00,0.04,0.00,0.04,0.00,0.01,0.00,0.02,0.00,0.02,0.00,0.02,0.00,0.02,0.00,0.02,118.32,119.24,119.62,0.00,0.00,0.32,2.82%,0.00,0.13%,1.56%,0.05%,1.82%,0.03%,0.69%,0.03%,1.15%,0.02%,0.36%,0.02%,0.40%,0.02%,0.25%,0.01%,0.11%,0.01%,0.05%,0.01%,0.10%,0.01%,0.06%,0.01%,0.02%,0.00,0.00,0.00,0.00,0.00,0.00,0.00,0.00,0.00,0.00,0.00,0.00,0.00,0.00,0.00,0.00,0.00,0.00,0.00,0.00,0.00,0.00,0.00,0.00,236.08,237.62,238.54,0.00,0.00,0.00,2.78%,0.00,0.13%,1.55%,0.05%,1.80%,0.03%,0.68%,0.03%,1.13%,0.02%,0.35%,0.02%,0.36%,0.02%,0.26%,0.01%,0.11%,0.01%,0.06%,0.01%,0.08%,0.01%,0.04%,0.01%,0.02%,0.00,0.00,0.00,0.00,0.00,0.00,0.00,0.00,0.00,0.00,0.00,0.00,0.00,0.00,0.00,0.00,0.00,0.00,0.00,0.00,0.00,0.00,0.00,0.00,132,0.775,96,84,59.96,60.01,60.05
29-Jul-2018 22:30:00,10.000,Y,118.02,119.08,119.40,1.02,1.10,1.18,2.69%,0.16,0.12%,1.45%,0.05%,1.77%,0.03%,0.68%,0.03%,1.10%,0.02%,0.30%,0.02%,0.31%,0.02%,0.26%,0.01%,0.10%,0.01%,0.08%,0.01%,0.05%,0.01%,0.04%,0.01%,0.04%,0.01,0.06,0.00,0.07,0.00,0.06,0.00,0.10,0.00,0.04,0.00,0.04,0.00,0.01,0.00,0.02,0.00,0.02,0.00,0.02,0.00,0.02,0.00,0.02,118.12,119.22,119.76,0.00,0.00,0.32,2.77%,0.00,0.12%,1.51%,0.05%,1.83%,0.03%,0.67%,0.03%,1.10%,0.02%,0.33%,0.02%,0.40%,0.01%,0.25%,0.01%,0.09%,0.01%,0.06%,0.01%,0.09%,0.01%,0.06%,0.01%,0.02%,0.00,0.00,0.00,0.00,0.00,0.00,0.00,0.00,0.00,0.00,0.00,0.00,0.00,0.00,0.00,0.00,0.00,0.00,0.00,0.00,0.00,0.00,0.00,0.00,235.80,237.50,238.16,0.00,0.00,0.00,2.72%,0.00,0.12%,1.48%,0.05%,1.80%,0.03%,0.68%,0.03%,1.10%,0.02%,0.31%,0.02%,0.35%,0.01%,0.25%,0.01%,0.09%,0.01%,0.07%,0.01%,0.07%,0.01%,0.04%,0.01%,0.02%,0.00,0.00,0.00,0.00,0.00,0.00,0.00,0.00,0.00,0.00,0.00,0.00,0.00,0.00,0.00,0.00,0.00,0.00,0.00,0.00,0.00,0.00,0.00,0.00,132,0.775,96,84,59.94,60.00,60.05
29-Jul-2018 22:40:00,10.000,Y,118.24,119.32,119.74,1.02,1.10,1.16,2.60%,0.16,0.13%,1.38%,0.05%,1.69%,0.03%,0.71%,0.03%,1.08%,0.02%,0.31%,0.02%,0.30%,0.02%,0.27%,0.01%,0.09%,0.01%,0.08%,0.01%,0.05%,0.01%,0.05%,0.01%,0.04%,0.01,0.07,0.00,0.07,0.00,0.06,0.00,0.10,0.00,0.04,0.00,0.04,0.00,0.01,0.00,0.02,0.00,0.02,0.00,0.02,0.00,0.02,0.00,0.02,118.60,119.56,119.96,0.00,0.00,0.32,2.83%,0.00,0.13%,1.53%,0.05%,1.82%,0.03%,0.77%,0.03%,1.14%,0.02%,0.33%,0.02%,0.42%,0.02%,0.30%,0.01%,0.10%,0.01%,0.08%,0.01%,0.12%,0.01%,0.07%,0.01%,0.03%,0.00,0.00,0.00,0.00,0.00,0.00,0.00,0.00,0.00,0.00,0.00,0.00,0.00,0.00,0.00,0.00,0.00,0.00,0.00,0.00,0.00,0.00,0.00,0.00,236.64,238.08,238.84,0.00,0.00,0.00,2.71%,0.00,0.13%,1.46%,0.05%,1.76%,0.03%,0.74%,0.03%,1.11%,0.02%,0.32%,0.02%,0.36%,0.02%,0.27%,0.01%,0.09%,0.01%,0.08%,0.01%,0.08%,0.01%,0.04%,0.01%,0.03%,0.00,0.00,0.00,0.00,0.00,0.00,0.00,0.00,0.00,0.00,0.00,0.00,0.00,0.00,0.00,0.00,0.00,0.00,0.00,0.00,0.00,0.00,0.00,0.00,132,0.772,96,84,59.95,60.00,60.07
29-Jul-2018 22:50:00,10.000,Y,118.72,119.80,120.22,1.03,1.10,1.16,2.61%,0.16,0.14%,1.33%,0.05%,1.75%,0.03%,0.69%,0.03%,1.08%,0.03%,0.31%,0.02%,0.30%,0.02%,0.25%,0.01%,0.08%,0.01%,0.09%,0.01%,0.04%,0.01%,0.06%,0.01%,0.04%,0.01,0.07,0.00,0.07,0.00,0.06,0.00,0.09,0.00,0.04,0.00,0.03,0.00,0.01,0.00,0.02,0.00,0.02,0.00,0.02,0.00,0.02,0.00,0.02,119.02,119.92,120.42,0.00,0.00,0.32,2.82%,0.00,0.14%,1.40%,0.05%,1.90%,0.03%,0.81%,0.03%,1.13%,0.03%,0.35%,0.02%,0.41%,0.02%,0.29%,0.01%,0.11%,0.01%,0.08%,0.01%,0.10%,0.01%,0.07%,0.01%,0.03%,0.00,0.00,0.00,0.00,0.00,0.00,0.00,0.00,0.00,0.00,0.00,0.00,0.00,0.00,0.00,0.00,0.00,0.00,0.00,0.00,0.00,0.00,0.00,0.00,237.36,238.92,239.72,0.00,0.00,0.00,2.71%,0.00,0.14%,1.36%,0.05%,1.83%,0.03%,0.75%,0.03%,1.10%,0.03%,0.33%,0.02%,0.35%,0.02%,0.26%,0.01%,0.09%,0.01%,0.08%,0.01%,0.07%,0.01%,0.04%,0.01%,0.03%,0.00,0.00,0.00,0.00,0.00,0.00,0.00,0.00,0.00,0.00,0.00,0.00,0.00,0.00,0.00,0.00,0.00,0.00,0.00,0.00,0.00,0.00,0.00,0.00,132,0.770,96,84,59.98,60.01,60.06
29-Jul-2018 23:00:00,10.000,Y,118.76,119.70,120.02,1.03,1.10,1.15,2.52%,0.16,0.14%,1.25%,0.05%,1.69%,0.03%,0.68%,0.03%,1.08%,0.02%,0.30%,0.02%,0.28%,0.02%,0.25%,0.01%,0.09%,0.01%,0.08%,0.01%,0.04%,0.01%,0.05%,0.01%,0.04%,0.01,0.07,0.00,0.07,0.00,0.06,0.00,0.10,0.00,0.04,0.00,0.03,0.00,0.01,0.00,0.02,0.00,0.02,0.00,0.02,0.00,0.02,0.00,0.02,118.80,120.16,120.46,0.00,0.00,0.31,2.74%,0.00,0.14%,1.33%,0.05%,1.85%,0.04%,0.81%,0.03%,1.12%,0.02%,0.35%,0.02%,0.39%,0.02%,0.28%,0.01%,0.11%,0.01%,0.08%,0.01%,0.10%,0.01%,0.06%,0.01%,0.03%,0.00,0.00,0.00,0.00,0.00,0.00,0.00,0.00,0.00,0.00,0.00,0.00,0.00,0.00,0.00,0.00,0.00,0.00,0.00,0.00,0.00,0.00,0.00,0.00,237.28,239.06,239.52,0.00,0.00,0.00,2.62%,0.00,0.14%,1.29%,0.05%,1.77%,0.03%,0.74%,0.03%,1.10%,0.02%,0.32%,0.02%,0.34%,0.02%,0.26%,0.01%,0.09%,0.01%,0.08%,0.01%,0.06%,0.01%,0.04%,0.01%,0.03%,0.00,0.00,0.00,0.00,0.00,0.00,0.00,0.00,0.00,0.00,0.00,0.00,0.00,0.00,0.00,0.00,0.00,0.00,0.00,0.00,0.00,0.00,0.00,0.00,132,0.771,96,84,59.96,60.01,60.05
29-Jul-2018 23:10:00,10.000,Y,118.88,119.96,120.48,1.03,1.10,1.15,2.45%,0.16,0.09%,1.15%,0.03%,1.69%,0.03%,0.69%,0.02%,1.05%,0.02%,0.27%,0.01%,0.28%,0.01%,0.25%,0.01%,0.07%,0.01%,0.07%,0.01%,0.04%,0.01%,0.04%,0.01%,0.04%,0.01,0.07,0.00,0.07,0.00,0.06,0.00,0.09,0.00,0.04,0.00,0.03,0.00,0.01,0.00,0.02,0.00,0.02,0.00,0.02,0.00,0.02,0.00,0.01,118.98,120.14,120.50,0.00,0.00,0.31,2.67%,0.00,0.09%,1.23%,0.04%,1.85%,0.03%,0.78%,0.02%,1.10%,0.02%,0.32%,0.01%,0.38%,0.01%,0.27%,0.01%,0.09%,0.01%,0.08%,0.01%,0.08%,0.01%,0.06%,0.01%,0.03%,0.00,0.00,0.00,0.00,0.00,0.00,0.00,0.00,0.00,0.00,0.00,0.00,0.00,0.00,0.00,0.00,0.00,0.00,0.00,0.00,0.00,0.00,0.00,0.00,237.60,239.28,240.10,0.00,0.00,0.00,2.56%,0.00,0.09%,1.19%,0.03%,1.77%,0.03%,0.73%,0.02%,1.07%,0.02%,0.30%,0.01%,0.33%,0.01%,0.26%,0.01%,0.08%,0.01%,0.07%,0.01%,0.06%,0.01%,0.04%,0.01%,0.03%,0.00,0.00,0.00,0.00,0.00,0.00,0.00,0.00,0.00,0.00,0.00,0.00,0.00,0.00,0.00,0.00,0.00,0.00,0.00,0.00,0.00,0.00,0.00,0.00,132,0.770,96,84,59.94,59.98,60.04
29-Jul-2018 23:20:00,10.000,Y,118.94,120.16,120.54,1.03,1.10,1.16,2.42%,0.17,0.11%,1.08%,0.04%,1.68%,0.03%,0.69%,0.02%,1.06%,0.02%,0.25%,0.02%,0.30%,0.01%,0.24%,0.01%,0.07%,0.01%,0.08%,0.01%,0.04%,0.01%,0.04%,0.01%,0.05%,0.01,0.07,0.00,0.07,0.00,0.06,0.00,0.09,0.00,0.04,0.00,0.03,0.00,0.01,0.00,0.02,0.00,0.02,0.00,0.02,0.00,0.02,0.00,0.01,118.82,120.16,120.44,0.00,0.00,0.32,2.61%,0.00,0.11%,1.15%,0.04%,1.84%,0.03%,0.78%,0.02%,1.07%,0.02%,0.30%,0.02%,0.39%,0.02%,0.25%,0.01%,0.08%,0.01%,0.09%,0.01%,0.07%,0.01%,0.05%,0.01%,0.04%,0.00,0.00,0.00,0.00,0.00,0.00,0.00,0.00,0.00,0.00,0.00,0.00,0.00,0.00,0.00,0.00,0.00,0.00,0.00,0.00,0.00,0.00,0.00,0.00,237.40,239.52,240.10,0.00,0.00,0.00,2.51%,0.00,0.11%,1.12%,0.04%,1.76%,0.03%,0.74%,0.02%,1.06%,0.02%,0.28%,0.01%,0.34%,0.01%,0.24%,0.01%,0.07%,0.01%,0.08%,0.01%,0.05%,0.01%,0.03%,0.01%,0.04%,0.00,0.00,0.00,0.00,0.00,0.00,0.00,0.00,0.00,0.00,0.00,0.00,0.00,0.00,0.00,0.00,0.00,0.00,0.00,0.00,0.00,0.00,0.00,0.00,132,0.769,96,84,59.95,59.99,60.06
29-Jul-2018 23:30:00,10.000,Y,118.44,119.50,120.02,1.02,1.10,1.16,2.33%,0.17,0.10%,1.03%,0.04%,1.59%,0.03%,0.73%,0.02%,1.04%,0.02%,0.27%,0.01%,0.30%,0.01%,0.24%,0.01%,0.07%,0.01%,0.07%,0.01%,0.04%,0.01%,0.04%,0.01%,0.05%,0.01,0.08,0.00,0.07,0.00,0.06,0.00,0.09,0.00,0.04,0.00,0.03,0.00,0.01,0.00,0.02,0.00,0.02,0.00,0.02,0.00,0.02,0.00,0.02,118.28,119.56,120.26,0.00,0.00,0.32,2.53%,0.00,0.10%,1.10%,0.04%,1.75%,0.03%,0.82%,0.02%,1.05%,0.02%,0.31%,0.01%,0.38%,0.01%,0.24%,0.01%,0.09%,0.01%,0.08%,0.01%,0.07%,0.01%,0.06%,0.01%,0.03%,0.00,0.00,0.00,0.00,0.00,0.00,0.00,0.00,0.00,0.00,0.00,0.00,0.00,0.00,0.00,0.00,0.00,0.00,0.00,0.00,0.00,0.00,0.00,0.00,236.44,238.26,239.28,0.00,0.00,0.00,2.43%,0.00,0.10%,1.06%,0.04%,1.67%,0.03%,0.77%,0.02%,1.04%,0.02%,0.29%,0.01%,0.34%,0.01%,0.23%,0.01%,0.08%,0.01%,0.07%,0.01%,0.05%,0.01%,0.04%,0.01%,0.04%,0.00,0.00,0.00,0.00,0.00,0.00,0.00,0.00,0.00,0.00,0.00,0.00,0.00,0.00,0.00,0.00,0.00,0.00,0.00,0.00,0.00,0.00,0.00,0.00,132,0.773,96,84,59.94,59.99,60.04
29-Jul-2018 23:40:00,10.000,Y,118.76,119.94,120.30,1.02,1.11,1.18,2.28%,0.17,0.15%,0.94%,0.05%,1.58%,0.04%,0.75%,0.03%,1.01%,0.02%,0.25%,0.02%,0.29%,0.02%,0.24%,0.01%,0.06%,0.01%,0.06%,0.01%,0.05%,0.01%,0.05%,0.01%,0.04%,0.01,0.08,0.00,0.07,0.00,0.06,0.00,0.09,0.00,0.04,0.00,0.04,0.00,0.01,0.00,0.02,0.00,0.02,0.00,0.02,0.00,0.02,0.00,0.01,119.16,120.08,120.52,0.00,0.00,0.31,2.48%,0.00,0.15%,1.05%,0.06%,1.72%,0.04%,0.83%,0.03%,1.04%,0.03%,0.30%,0.02%,0.36%,0.02%,0.25%,0.01%,0.10%,0.01%,0.07%,0.01%,0.07%,0.01%,0.07%,0.01%,0.03%,0.00,0.00,0.00,0.00,0.00,0.00,0.00,0.00,0.00,0.00,0.00,0.00,0.00,0.00,0.00,0.00,0.00,0.00,0.00,0.00,0.00,0.00,0.00,0.00,237.84,239.20,239.88,0.00,0.00,0.00,2.38%,0.00,0.15%,0.99%,0.05%,1.65%,0.04%,0.79%,0.03%,1.02%,0.02%,0.27%,0.02%,0.32%,0.02%,0.24%,0.01%,0.08%,0.01%,0.06%,0.01%,0.05%,0.01%,0.05%,0.01%,0.02%,0.00,0.00,0.00,0.00,0.00,0.00,0.00,0.00,0.00,0.00,0.00,0.00,0.00,0.00,0.00,0.00,0.00,0.00,0.00,0.00,0.00,0.00,0.00,0.00,132,0.774,108,84,59.97,60.01,60.06
29-Jul-2018 23:50:00,10.000,Y,118.80,119.90,120.18,1.02,1.10,1.17,2.25%,0.17,0.13%,0.88%,0.05%,1.58%,0.03%,0.75%,0.03%,1.00%,0.02%,0.22%,0.02%,0.29%,0.01%,0.24%,0.01%,0.05%,0.01%,0.05%,0.01%,0.05%,0.01%,0.03%,0.01%,0.04%,0.01,0.08,0.00,0.07,0.00,0.06,0.00,0.09,0.00,0.04,0.00,0.04,0.00,0.01,0.00,0.02,0.00,0.02,0.00,0.02,0.00,0.02,0.00,0.01,119.18,120.30,120.56,0.00,0.00,0.31,2.46%,0.00,0.12%,1.00%,0.05%,1.70%,0.03%,0.82%,0.02%,1.06%,0.02%,0.31%,0.01%,0.35%,0.02%,0.25%,0.01%,0.10%,0.01%,0.08%,0.01%,0.06%,0.01%,0.06%,0.01%,0.03%,0.00,0.00,0.00,0.00,0.00,0.00,0.00,0.00,0.00,0.00,0.00,0.00,0.00,0.00,0.00,0.00,0.00,0.00,0.00,0.00,0.00,0.00,0.00,0.00,238.12,239.40,239.86,0.00,0.00,0.00,2.34%,0.00,0.13%,0.94%,0.05%,1.64%,0.03%,0.78%,0.02%,1.03%,0.02%,0.26%,0.01%,0.31%,0.01%,0.24%,0.01%,0.07%,0.01%,0.06%,0.01%,0.05%,0.01%,0.04%,0.01%,0.02%,0.00,0.00,0.00,0.00,0.00,0.00,0.00,0.00,0.00,0.00,0.00,0.00,0.00,0.00,0.00,0.00,0.00,0.00,0.00,0.00,0.00,0.00,0.00,0.00,132,0.772,96,84,59.94,60.00,60.05
30-Jul-2018 00:00:00,10.000,Y,119.00,120.10,120.54,1.03,1.10,1.15,2.22%,0.17,0.13%,0.84%,0.04%,1.57%,0.03%,0.73%,0.03%,0.99%,0.02%,0.23%,0.02%,0.29%,0.01%,0.22%,0.01%,0.05%,0.01%,0.07%,0.01%,0.04%,0.01%,0.03%,0.01%,0.04%,0.01,0.08,0.00,0.07,0.00,0.06,0.00,0.09,0.00,0.04,0.00,0.03,0.00,0.01,0.00,0.02,0.00,0.02,0.00,0.02,0.00,0.02,0.00,0.01,119.48,120.28,120.62,0.00,0.00,0.31,2.37%,0.00,0.13%,0.94%,0.04%,1.67%,0.03%,0.79%,0.03%,1.03%,0.02%,0.29%,0.02%,0.33%,0.01%,0.23%,0.01%,0.09%,0.01%,0.08%,0.01%,0.05%,0.01%,0.05%,0.01%,0.03%,0.00,0.00,0.00,0.00,0.00,0.00,0.00,0.00,0.00,0.00,0.00,0.00,0.00,0.00,0.00,0.00,0.00,0.00,0.00,0.00,0.00,0.00,0.00,0.00,238.20,239.56,240.24,0.00,0.00,0.00,2.29%,0.00,0.13%,0.89%,0.04%,1.62%,0.03%,0.76%,0.03%,1.01%,0.02%,0.25%,0.02%,0.30%,0.01%,0.22%,0.01%,0.07%,0.01%,0.07%,0.01%,0.05%,0.01%,0.04%,0.01%,0.03%,0.00,0.00,0.00,0.00,0.00,0.00,0.00,0.00,0.00,0.00,0.00,0.00,0.00,0.00,0.00,0.00,0.00,0.00,0.00,0.00,0.00,0.00,0.00,0.00,132,0.769,96,84,59.96,60.00,60.07
30-Jul-2018 00:10:00,10.000,Y,119.40,120.26,120.68,1.03,1.10,1.16,2.19%,0.17,0.11%,0.79%,0.04%,1.57%,0.03%,0.72%,0.02%,0.98%,0.02%,0.21%,0.01%,0.29%,0.01%,0.22%,0.01%,0.05%,0.01%,0.07%,0.01%,0.04%,0.01%,0.03%,0.01%,0.04%,0.01,0.08,0.00,0.07,0.00,0.06,0.00,0.09,0.00,0.04,0.00,0.03,0.00,0.01,0.00,0.02,0.00,0.02,0.00,0.02,0.00,0.02,0.00,0.01,119.08,120.06,120.40,0.00,0.00,0.31,2.31%,0.00,0.11%,0.86%,0.04%,1.65%,0.03%,0.77%,0.02%,1.00%,0.02%,0.26%,0.01%,0.32%,0.01%,0.22%,0.01%,0.08%,0.01%,0.07%,0.01%,0.04%,0.01%,0.04%,0.01%,0.03%,0.00,0.00,0.00,0.00,0.00,0.00,0.00,0.00,0.00,0.00,0.00,0.00,0.00,0.00,0.00,0.00,0.00,0.00,0.00,0.00,0.00,0.00,0.00,0.00,237.88,239.50,240.08,0.00,0.00,0.00,2.24%,0.00,0.11%,0.83%,0.04%,1.61%,0.03%,0.74%,0.02%,0.99%,0.02%,0.24%,0.01%,0.30%,0.01%,0.22%,0.01%,0.07%,0.01%,0.07%,0.01%,0.04%,0.01%,0.03%,0.01%,0.03%,0.00,0.00,0.00,0.00,0.00,0.00,0.00,0.00,0.00,0.00,0.00,0.00,0.00,0.00,0.00,0.00,0.00,0.00,0.00,0.00,0.00,0.00,0.00,0.00,132,0.770,96,84,59.93,59.99,60.05
30-Jul-2018 00:20:00,10.000,Y,119.14,120.08,120.46,1.02,1.10,1.17,2.17%,0.17,0.11%,0.77%,0.04%,1.58%,0.03%,0.71%,0.02%,0.93%,0.02%,0.23%,0.01%,0.28%,0.01%,0.22%,0.01%,0.05%,0.01%,0.06%,0.01%,0.04%,0.01%,0.03%,0.01%,0.04%,0.01,0.08,0.00,0.07,0.00,0.06,0.00,0.09,0.00,0.04,0.00,0.03,0.00,0.01,0.00,0.02,0.00,0.02,0.00,0.02,0.00,0.02,0.00,0.01,118.74,119.94,120.30,0.00,0.00,0.31,2.29%,0.00,0.11%,0.83%,0.04%,1.66%,0.03%,0.77%,0.02%,0.98%,0.02%,0.28%,0.01%,0.31%,0.01%,0.21%,0.01%,0.07%,0.01%,0.07%,0.01%,0.04%,0.01%,0.04%,0.01%,0.03%,0.00,0.00,0.00,0.00,0.00,0.00,0.00,0.00,0.00,0.00,0.00,0.00,0.00,0.00,0.00,0.00,0.00,0.00,0.00,0.00,0.00,0.00,0.00,0.00,237.74,239.22,239.82,0.00,0.00,0.00,2.22%,0.00,0.11%,0.80%,0.04%,1.62%,0.03%,0.74%,0.02%,0.95%,0.02%,0.26%,0.01%,0.29%,0.01%,0.21%,0.01%,0.06%,0.01%,0.06%,0.01%,0.04%,0.01%,0.03%,0.01%,0.02%,0.00,0.00,0.00,0.00,0.00,0.00,0.00,0.00,0.00,0.00,0.00,0.00,0.00,0.00,0.00,0.00,0.00,0.00,0.00,0.00,0.00,0.00,0.00,0.00,132,0.770,96,84,59.93,59.99,60.08
30-Jul-2018 00:30:00,10.000,Y,119.14,120.06,120.34,1.03,1.10,1.16,2.18%,0.16,0.16%,0.74%,0.06%,1.62%,0.04%,0.72%,0.03%,0.91%,0.03%,0.22%,0.02%,0.27%,0.02%,0.21%,0.02%,0.05%,0.01%,0.06%,0.01%,0.04%,0.01%,0.03%,0.01%,0.04%,0.01,0.08,0.00,0.07,0.00,0.06,0.00,0.09,0.00,0.04,0.00,0.03,0.00,0.01,0.00,0.02,0.00,0.02,0.00,0.02,0.00,0.02,0.00,0.01,119.40,120.32,120.72,0.00,0.00,0.31,2.32%,0.00,0.16%,0.82%,0.06%,1.71%,0.04%,0.77%,0.03%,0.96%,0.03%,0.28%,0.02%,0.31%,0.02%,0.21%,0.01%,0.07%,0.01%,0.07%,0.01%,0.05%,0.01%,0.05%,0.01%,0.03%,0.00,0.00,0.00,0.00,0.00,0.00,0.00,0.00,0.00,0.00,0.00,0.00,0.00,0.00,0.00,0.00,0.00,0.00,0.00,0.00,0.00,0.00,0.00,0.00,238.18,239.56,240.12,0.00,0.00,0.00,2.24%,0.00,0.16%,0.78%,0.06%,1.66%,0.04%,0.74%,0.03%,0.93%,0.03%,0.25%,0.02%,0.28%,0.02%,0.21%,0.01%,0.06%,0.01%,0.06%,0.01%,0.04%,0.01%,0.04%,0.01%,0.03%,0.00,0.00,0.00,0.00,0.00,0.00,0.00,0.00,0.00,0.00,0.00,0.00,0.00,0.00,0.00,0.00,0.00,0.00,0.00,0.00,0.00,0.00,0.00,0.00,132,0.771,96,84,59.96,60.02,60.08
30-Jul-2018 00:40:00,10.000,Y,119.30,120.16,120.50,1.02,1.10,1.16,2.17%,0.17,0.13%,0.72%,0.05%,1.61%,0.04%,0.73%,0.02%,0.93%,0.02%,0.22%,0.02%,0.28%,0.01%,0.21%,0.01%,0.05%,0.01%,0.07%,0.01%,0.04%,0.01%,0.03%,0.01%,0.04%,0.01,0.08,0.00,0.07,0.00,0.06,0.00,0.09,0.00,0.04,0.00,0.03,0.00,0.01,0.00,0.02,0.00,0.02,0.00,0.02,0.00,0.02,0.00,0.01,119.34,120.20,120.74,0.00,0.00,0.31,2.27%,0.00,0.13%,0.77%,0.05%,1.69%,0.03%,0.75%,0.02%,0.95%,0.02%,0.26%,0.02%,0.30%,0.01%,0.21%,0.01%,0.08%,0.01%,0.07%,0.01%,0.05%,0.01%,0.05%,0.01%,0.02%,0.00,0.00,0.00,0.00,0.00,0.00,0.00,0.00,0.00,0.00,0.00,0.00,0.00,0.00,0.00,0.00,0.00,0.00,0.00,0.00,0.00,0.00,0.00,0.00,238.40,239.56,240.30,0.00,0.00,0.00,2.22%,0.00,0.13%,0.74%,0.05%,1.65%,0.03%,0.73%,0.02%,0.94%,0.02%,0.24%,0.02%,0.28%,0.01%,0.21%,0.01%,0.06%,0.01%,0.07%,0.01%,0.05%,0.01%,0.04%,0.01%,0.03%,0.00,0.00,0.00,0.00,0.00,0.00,0.00,0.00,0.00,0.00,0.00,0.00,0.00,0.00,0.00,0.00,0.00,0.00,0.00,0.00,0.00,0.00,0.00,0.00,132,0.771,96,84,59.95,60.00,60.05
30-Jul-2018 00:50:00,10.000,Y,119.10,120.18,120.52,1.02,1.10,1.17,2.16%,0.16,0.12%,0.69%,0.05%,1.63%,0.03%,0.72%,0.02%,0.90%,0.02%,0.22%,0.02%,0.28%,0.01%,0.21%,0.01%,0.04%,0.01%,0.06%,0.01%,0.05%,0.01%,0.03%,0.01%,0.05%,0.01,0.09,0.00,0.07,0.00,0.06,0.00,0.08,0.00,0.04,0.00,0.03,0.00,0.02,0.00,0.02,0.00,0.02,0.00,0.02,0.00,0.02,0.00,0.01,119.44,120.26,120.58,0.00,0.00,0.31,2.26%,0.00,0.12%,0.74%,0.05%,1.70%,0.03%,0.74%,0.02%,0.94%,0.02%,0.26%,0.02%,0.29%,0.01%,0.21%,0.01%,0.08%,0.01%,0.06%,0.01%,0.05%,0.01%,0.06%,0.01%,0.03%,0.00,0.00,0.00,0.00,0.00,0.00,0.00,0.00,0.00,0.00,0.00,0.00,0.00,0.00,0.00,0.00,0.00,0.00,0.00,0.00,0.00,0.00,0.00,0.00,238.44,239.62,240.08,0.00,0.00,0.00,2.21%,0.00,0.12%,0.71%,0.05%,1.67%,0.03%,0.73%,0.02%,0.92%,0.02%,0.23%,0.02%,0.28%,0.01%,0.21%,0.01%,0.06%,0.01%,0.06%,0.01%,0.05%,0.01%,0.04%,0.01%,0.03%,0.00,0.00,0.00,0.00,0.00,0.00,0.00,0.00,0.00,0.00,0.00,0.00,0.00,0.00,0.00,0.00,0.00,0.00,0.00,0.00,0.00,0.00,0.00,0.00,132,0.772,96,84,59.95,60.00,60.07
30-Jul-2018 01:00:00,10.000,Y,119.12,120.30,120.56,0.32,1.26,2.10,2.17%,0.18,0.13%,0.67%,0.05%,1.65%,0.03%,0.72%,0.03%,0.89%,0.02%,0.21%,0.02%,0.29%,0.01%,0.21%,0.01%,0.04%,0.01%,0.06%,0.01%,0.05%,0.01%,0.03%,0.01%,0.04%,0.01,0.10,0.00,0.07,0.00,0.07,0.00,0.08,0.00,0.04,0.00,0.03,0.00,0.02,0.00,0.02,0.00,0.02,0.00,0.02,0.00,0.02,0.00,0.01,119.44,120.22,120.62,0.00,0.00,0.31,2.27%,0.00,0.12%,0.72%,0.05%,1.71%,0.03%,0.74%,0.03%,0.95%,0.02%,0.25%,0.02%,0.30%,0.02%,0.21%,0.01%,0.07%,0.01%,0.06%,0.01%,0.06%,0.01%,0.05%,0.01%,0.03%,0.00,0.00,0.00,0.00,0.00,0.00,0.00,0.00,0.00,0.00,0.00,0.00,0.00,0.00,0.00,0.00,0.00,0.00,0.00,0.00,0.00,0.00,0.00,0.00,238.48,239.70,240.14,0.00,0.00,0.00,2.21%,0.00,0.12%,0.70%,0.05%,1.68%,0.03%,0.73%,0.03%,0.92%,0.02%,0.23%,0.02%,0.29%,0.01%,0.21%,0.01%,0.05%,0.01%,0.05%,0.01%,0.05%,0.01%,0.04%,0.01%,0.03%,0.00,0.00,0.00,0.00,0.00,0.00,0.00,0.00,0.00,0.00,0.00,0.00,0.00,0.00,0.00,0.00,0.00,0.00,0.00,0.00,0.00,0.00,0.00,0.00,156,0.821,132,60,59.94,60.00,60.06
30-Jul-2018 01:10:00,10.000,Y,119.42,120.28,120.60,1.89,1.98,2.05,2.16%,0.25,0.12%,0.66%,0.05%,1.65%,0.03%,0.71%,0.02%,0.90%,0.02%,0.19%,0.02%,0.29%,0.01%,0.21%,0.01%,0.04%,0.01%,0.05%,0.01%,0.05%,0.01%,0.03%,0.01%,0.04%,0.01,0.17,0.00,0.10,0.00,0.10,0.00,0.08,0.00,0.05,0.00,0.05,0.00,0.03,0.00,0.02,0.00,0.02,0.00,0.02,0.00,0.02,0.00,0.01,119.38,120.44,120.76,0.00,0.00,0.31,2.26%,0.00,0.12%,0.71%,0.05%,1.71%,0.03%,0.75%,0.03%,0.94%,0.02%,0.25%,0.02%,0.30%,0.01%,0.21%,0.01%,0.07%,0.01%,0.06%,0.01%,0.06%,0.01%,0.06%,0.01%,0.03%,0.00,0.00,0.00,0.00,0.00,0.00,0.00,0.00,0.00,0.00,0.00,0.00,0.00,0.00,0.00,0.00,0.00,0.00,0.00,0.00,0.00,0.00,0.00,0.00,238.72,239.92,240.46,0.00,0.00,0.00,2.21%,0.00,0.12%,0.68%,0.05%,1.68%,0.03%,0.73%,0.02%,0.92%,0.02%,0.22%,0.01%,0.29%,0.01%,0.21%,0.01%,0.05%,0.01%,0.05%,0.01%,0.05%,0.01%,0.04%,0.01%,0.03%,0.00,0.00,0.00,0.00,0.00,0.00,0.00,0.00,0.00,0.00,0.00,0.00,0.00,0.00,0.00,0.00,0.00,0.00,0.00,0.00,0.00,0.00,0.00,0.00,240,-0.986,240,-12,59.95,60.00,60.06
30-Jul-2018 01:20:00,10.000,Y,119.02,120.12,120.62,0.31,1.04,2.04,2.14%,0.25,0.11%,0.67%,0.04%,1.61%,0.03%,0.74%,0.02%,0.90%,0.02%,0.22%,0.01%,0.28%,0.01%,0.22%,0.01%,0.04%,0.01%,0.04%,0.01%,0.05%,0.01%,0.03%,0.01%,0.04%,0.01,0.17,0.00,0.09,0.00,0.09,0.00,0.08,0.00,0.05,0.00,0.04,0.00,0.03,0.00,0.02,0.00,0.02,0.00,0.02,0.00,0.02,0.00,0.01,118.78,120.22,120.84,0.00,0.00,0.31,2.23%,0.00,0.12%,0.70%,0.04%,1.67%,0.03%,0.78%,0.02%,0.91%,0.02%,0.27%,0.01%,0.29%,0.01%,0.21%,0.01%,0.07%,0.01%,0.05%,0.01%,0.06%,0.01%,0.05%,0.01%,0.02%,0.00,0.00,0.00,0.00,0.00,0.00,0.00,0.00,0.00,0.00,0.00,0.00,0.00,0.00,0.00,0.00,0.00,0.00,0.00,0.00,0.00,0.00,0.00,0.00,237.74,239.54,240.58,0.00,0.00,0.00,2.18%,0.00,0.12%,0.68%,0.04%,1.64%,0.03%,0.76%,0.02%,0.90%,0.02%,0.24%,0.01%,0.28%,0.01%,0.21%,0.01%,0.05%,0.01%,0.04%,0.01%,0.05%,0.01%,0.04%,0.01%,0.02%,0.00,0.00,0.00,0.00,0.00,0.00,0.00,0.00,0.00,0.00,0.00,0.00,0.00,0.00,0.00,0.00,0.00,0.00,0.00,0.00,0.00,0.00,0.00,0.00,132,-0.755,108,0,59.95,59.99,60.05
30-Jul-2018 01:30:00,10.000,Y,118.92,119.88,120.22,0.31,0.39,0.44,2.09%,0.25,0.12%,0.64%,0.04%,1.56%,0.03%,0.75%,0.03%,0.88%,0.02%,0.21%,0.02%,0.27%,0.01%,0.21%,0.01%,0.05%,0.01%,0.05%,0.01%,0.05%,0.01%,0.03%,0.01%,0.03%,0.01,0.18,0.00,0.09,0.00,0.09,0.00,0.08,0.00,0.05,0.00,0.04,0.00,0.03,0.00,0.02,0.00,0.02,0.00,0.02,0.00,0.02,0.00,0.02,119.02,119.92,120.26,0.00,0.00,0.31,2.14%,0.00,0.12%,0.67%,0.05%,1.61%,0.03%,0.77%,0.02%,0.87%,0.02%,0.24%,0.02%,0.28%,0.01%,0.21%,0.01%,0.07%,0.01%,0.04%,0.01%,0.05%,0.01%,0.05%,0.01%,0.01%,0.00,0.00,0.00,0.00,0.00,0.00,0.00,0.00,0.00,0.00,0.00,0.00,0.00,0.00,0.00,0.00,0.00,0.00,0.00,0.00,0.00,0.00,0.00,0.00,237.32,238.98,239.58,0.00,0.00,0.00,2.11%,0.00,0.12%,0.66%,0.05%,1.58%,0.03%,0.76%,0.02%,0.87%,0.02%,0.23%,0.01%,0.27%,0.01%,0.21%,0.01%,0.06%,0.01%,0.04%,0.01%,0.05%,0.01%,0.04%,0.01%,0.02%,0.00,0.00,0.00,0.00,0.00,0.00,0.00,0.00,0.00,0.00,0.00,0.00,0.00,0.00,0.00,0.00,0.00,0.00,0.00,0.00,0.00,0.00,0.00,0.00,48,-0.593,24,0,59.95,60.00,60.05
30-Jul-2018 01:40:00,10.000,Y,118.54,119.68,119.96,0.31,0.92,14.32,2.04%,0.20,0.12%,0.59%,0.05%,1.54%,0.03%,0.74%,0.02%,0.86%,0.02%,0.21%,0.02%,0.26%,0.01%,0.20%,0.01%,0.04%,0.01%,0.05%,0.01%,0.04%,0.01%,0.03%,0.01%,0.04%,0.01,0.11,0.00,0.08,0.00,0.07,0.00,0.09,0.00,0.04,0.00,0.04,0.00,0.02,0.00,0.02,0.00,0.02,0.00,0.02,0.00,0.02,0.00,0.01,119.12,119.88,120.14,0.00,0.00,0.31,2.15%,0.00,0.12%,0.65%,0.05%,1.60%,0.03%,0.78%,0.02%,0.89%,0.02%,0.25%,0.02%,0.29%,0.02%,0.20%,0.01%,0.06%,0.01%,0.06%,0.01%,0.05%,0.01%,0.05%,0.01%,0.02%,0.00,0.00,0.00,0.00,0.00,0.00,0.00,0.00,0.00,0.00,0.00,0.00,0.00,0.00,0.00,0.00,0.00,0.00,0.00,0.00,0.00,0.00,0.00,0.00,237.26,238.76,239.26,0.00,0.00,0.00,2.09%,0.00,0.12%,0.62%,0.05%,1.57%,0.03%,0.76%,0.02%,0.87%,0.02%,0.22%,0.02%,0.27%,0.01%,0.20%,0.01%,0.05%,0.01%,0.05%,0.01%,0.04%,0.01%,0.04%,0.01%,0.02%,0.00,0.00,0.00,0.00,0.00,0.00,0.00,0.00,0.00,0.00,0.00,0.00,0.00,0.00,0.00,0.00,0.00,0.00,0.00,0.00,0.00,0.00,0.00,0.00,108,1.000,84,48,59.96,60.00,60.06
30-Jul-2018 01:50:00,10.000,Y,118.78,119.74,120.12,1.05,1.13,1.19,2.06%,0.17,0.15%,0.59%,0.06%,1.55%,0.04%,0.75%,0.03%,0.85%,0.03%,0.20%,0.02%,0.27%,0.02%,0.20%,0.01%,0.04%,0.01%,0.05%,0.01%,0.04%,0.01%,0.03%,0.01%,0.04%,0.01,0.08,0.00,0.07,0.00,0.06,0.00,0.09,0.00,0.04,0.00,0.03,0.00,0.02,0.00,0.02,0.00,0.02,0.00,0.02,0.00,0.02,0.00,0.01,118.94,119.88,120.30,0.00,0.00,0.31,2.16%,0.00,0.15%,0.66%,0.06%,1.61%,0.04%,0.78%,0.03%,0.89%,0.03%,0.24%,0.02%,0.29%,0.02%,0.20%,0.01%,0.06%,0.01%,0.06%,0.01%,0.05%,0.01%,0.05%,0.01%,0.03%,0.00,0.00,0.00,0.00,0.00,0.00,0.00,0.00,0.00,0.00,0.00,0.00,0.00,0.00,0.00,0.00,0.00,0.00,0.00,0.00,0.00,0.00,0.00,0.00,237.38,238.82,239.54,0.00,0.00,0.00,2.10%,0.00,0.15%,0.62%,0.06%,1.58%,0.04%,0.76%,0.03%,0.87%,0.03%,0.22%,0.02%,0.27%,0.02%,0.20%,0.01%,0.05%,0.01%,0.05%,0.01%,0.04%,0.01%,0.04%,0.01%,0.03%,0.00,0.00,0.00,0.00,0.00,0.00,0.00,0.00,0.00,0.00,0.00,0.00,0.00,0.00,0.00,0.00,0.00,0.00,0.00,0.00,0.00,0.00,0.00,0.00,132,0.788,108,84,59.97,60.01,60.05
30-Jul-2018 02:00:00,10.000,Y,118.18,119.56,119.94,1.05,1.12,1.19,2.06%,0.17,0.16%,0.60%,0.06%,1.54%,0.04%,0.75%,0.03%,0.86%,0.03%,0.21%,0.02%,0.27%,0.02%,0.20%,0.01%,0.05%,0.01%,0.06%,0.01%,0.04%,0.01%,0.03%,0.01%,0.04%,0.01,0.08,0.00,0.07,0.00,0.06,0.00,0.09,0.00,0.04,0.00,0.03,0.00,0.02,0.00,0.02,0.00,0.02,0.00,0.02,0.00,0.02,0.00,0.01,118.62,119.80,120.12,0.00,0.00,0.31,2.18%,0.00,0.16%,0.66%,0.06%,1.61%,0.04%,0.81%,0.03%,0.91%,0.03%,0.25%,0.02%,0.30%,0.02%,0.21%,0.01%,0.07%,0.01%,0.06%,0.01%,0.05%,0.01%,0.06%,0.01%,0.03%,0.00,0.00,0.00,0.00,0.00,0.00,0.00,0.00,0.00,0.00,0.00,0.00,0.00,0.00,0.00,0.00,0.00,0.00,0.00,0.00,0.00,0.00,0.00,0.00,237.34,238.56,239.26,0.00,0.00,0.00,2.12%,0.00,0.16%,0.63%,0.06%,1.57%,0.04%,0.78%,0.03%,0.88%,0.03%,0.23%,0.02%,0.28%,0.02%,0.20%,0.01%,0.06%,0.01%,0.05%,0.01%,0.04%,0.01%,0.04%,0.01%,0.03%,0.00,0.00,0.00,0.00,0.00,0.00,0.00,0.00,0.00,0.00,0.00,0.00,0.00,0.00,0.00,0.00,0.00,0.00,0.00,0.00,0.00,0.00,0.00,0.00,132,0.787,108,84,59.94,60.02,60.07
30-Jul-2018 02:10:00,10.000,Y,118.42,119.44,119.76,1.04,1.12,1.21,2.03%,0.17,0.09%,0.58%,0.03%,1.53%,0.03%,0.75%,0.02%,0.83%,0.02%,0.21%,0.01%,0.27%,0.01%,0.20%,0.01%,0.05%,0.01%,0.06%,0.01%,0.04%,0.01%,0.03%,0.01%,0.04%,0.01,0.08,0.00,0.07,0.00,0.06,0.00,0.08,0.00,0.04,0.00,0.03,0.00,0.02,0.00,0.02,0.00,0.02,0.00,0.02,0.00,0.02,0.00,0.01,118.78,119.70,120.10,0.00,0.00,0.31,2.15%,0.00,0.09%,0.65%,0.03%,1.60%,0.03%,0.80%,0.02%,0.89%,0.02%,0.26%,0.01%,0.30%,0.01%,0.21%,0.01%,0.08%,0.01%,0.06%,0.01%,0.05%,0.01%,0.06%,0.01%,0.03%,0.00,0.00,0.00,0.00,0.00,0.00,0.00,0.00,0.00,0.00,0.00,0.00,0.00,0.00,0.00,0.00,0.00,0.00,0.00,0.00,0.00,0.00,0.00,0.00,236.84,238.34,238.98,0.00,0.00,0.00,2.09%,0.00,0.09%,0.62%,0.03%,1.56%,0.03%,0.77%,0.02%,0.86%,0.02%,0.23%,0.01%,0.28%,0.01%,0.20%,0.01%,0.06%,0.01%,0.06%,0.01%,0.05%,0.01%,0.04%,0.01%,0.03%,0.00,0.00,0.00,0.00,0.00,0.00,0.00,0.00,0.00,0.00,0.00,0.00,0.00,0.00,0.00,0.00,0.00,0.00,0.00,0.00,0.00,0.00,0.00,0.00,132,0.788,108,84,59.93,59.98,60.05
30-Jul-2018 02:20:00,10.000,Y,118.56,119.58,119.86,1.05,1.12,1.20,2.04%,0.17,0.13%,0.58%,0.05%,1.53%,0.03%,0.76%,0.03%,0.84%,0.02%,0.22%,0.02%,0.27%,0.01%,0.20%,0.01%,0.05%,0.01%,0.06%,0.01%,0.05%,0.01%,0.03%,0.01%,0.04%,0.01,0.08,0.00,0.07,0.00,0.06,0.00,0.09,0.00,0.04,0.00,0.03,0.00,0.02,0.00,0.02,0.00,0.02,0.00,0.02,0.00,0.02,0.00,0.01,118.86,119.80,120.14,0.00,0.00,0.31,2.14%,0.00,0.13%,0.64%,0.05%,1.59%,0.03%,0.77%,0.03%,0.89%,0.02%,0.26%,0.02%,0.30%,0.02%,0.20%,0.01%,0.08%,0.01%,0.06%,0.01%,0.05%,0.01%,0.06%,0.01%,0.03%,0.00,0.00,0.00,0.00,0.00,0.00,0.00,0.00,0.00,0.00,0.00,0.00,0.00,0.00,0.00,0.00,0.00,0.00,0.00,0.00,0.00,0.00,0.00,0.00,237.02,238.56,239.14,0.00,0.00,0.00,2.08%,0.00,0.13%,0.61%,0.05%,1.56%,0.03%,0.76%,0.03%,0.86%,0.02%,0.23%,0.02%,0.28%,0.01%,0.20%,0.01%,0.06%,0.01%,0.05%,0.01%,0.05%,0.01%,0.04%,0.01%,0.03%,0.00,0.00,0.00,0.00,0.00,0.00,0.00,0.00,0.00,0.00,0.00,0.00,0.00,0.00,0.00,0.00,0.00,0.00,0.00,0.00,0.00,0.00,0.00,0.00,132,0.786,108,84,59.95,60.00,60.04
30-Jul-2018 02:30:00,10.000,Y,118.50,119.52,119.86,1.03,1.11,1.17,2.02%,0.17,0.10%,0.57%,0.04%,1.50%,0.03%,0.76%,0.02%,0.85%,0.02%,0.19%,0.01%,0.27%,0.01%,0.20%,0.01%,0.05%,0.01%,0.06%,0.01%,0.05%,0.01%,0.03%,0.01%,0.04%,0.01,0.08,0.00,0.07,0.00,0.07,0.00,0.09,0.00,0.04,0.00,0.04,0.00,0.02,0.00,0.02,0.00,0.02,0.00,0.02,0.00,0.02,0.00,0.01,118.62,119.60,120.02,0.00,0.00,0.31,2.12%,0.00,0.10%,0.62%,0.04%,1.58%,0.03%,0.80%,0.02%,0.87%,0.02%,0.24%,0.01%,0.29%,0.01%,0.19%,0.01%,0.08%,0.01%,0.05%,0.01%,0.05%,0.01%,0.05%,0.01%,0.02%,0.00,0.00,0.00,0.00,0.00,0.00,0.00,0.00,0.00,0.00,0.00,0.00,0.00,0.00,0.00,0.00,0.00,0.00,0.00,0.00,0.00,0.00,0.00,0.00,236.74,238.32,238.94,0.00,0.00,0.00,2.06%,0.00,0.10%,0.59%,0.04%,1.54%,0.03%,0.78%,0.02%,0.86%,0.02%,0.21%,0.01%,0.28%,0.01%,0.20%,0.01%,0.06%,0.01%,0.05%,0.01%,0.05%,0.01%,0.04%,0.01%,0.02%,0.00,0.00,0.00,0.00,0.00,0.00,0.00,0.00,0.00,0.00,0.00,0.00,0.00,0.00,0.00,0.00,0.00,0.00,0.00,0.00,0.00,0.00,0.00,0.00,132,0.781,108,84,59.95,59.98,60.04
30-Jul-2018 02:40:00,10.000,Y,118.52,119.56,119.86,1.03,1.11,1.17,2.01%,0.17,0.13%,0.57%,0.05%,1.49%,0.03%,0.75%,0.03%,0.86%,0.02%,0.18%,0.02%,0.27%,0.01%,0.20%,0.01%,0.04%,0.01%,0.06%,0.01%,0.05%,0.01%,0.02%,0.01%,0.04%,0.01,0.09,0.00,0.07,0.00,0.07,0.00,0.09,0.00,0.04,0.00,0.03,0.00,0.02,0.00,0.02,0.00,0.02,0.00,0.02,0.00,0.02,0.00,0.01,118.82,119.68,120.06,0.00,0.00,0.31,2.10%,0.00,0.13%,0.61%,0.05%,1.55%,0.03%,0.80%,0.03%,0.88%,0.02%,0.23%,0.02%,0.28%,0.01%,0.19%,0.01%,0.07%,0.01%,0.05%,0.01%,0.04%,0.01%,0.05%,0.01%,0.02%,0.00,0.00,0.00,0.00,0.00,0.00,0.00,0.00,0.00,0.00,0.00,0.00,0.00,0.00,0.00,0.00,0.00,0.00,0.00,0.00,0.00,0.00,0.00,0.00,237.12,238.44,239.04,0.00,0.00,0.00,2.05%,0.00,0.13%,0.59%,0.05%,1.52%,0.03%,0.77%,0.03%,0.87%,0.02%,0.20%,0.02%,0.27%,0.01%,0.19%,0.01%,0.06%,0.01%,0.05%,0.01%,0.04%,0.01%,0.03%,0.01%,0.02%,0.00,0.00,0.00,0.00,0.00,0.00,0.00,0.00,0.00,0.00,0.00,0.00,0.00,0.00,0.00,0.00,0.00,0.00,0.00,0.00,0.00,0.00,0.00,0.00,132,0.779,108,84,59.95,60.00,60.08
30-Jul-2018 02:50:00,10.000,Y,118.68,119.56,119.84,1.03,1.10,1.16,2.00%,0.17,0.16%,0.56%,0.06%,1.49%,0.04%,0.75%,0.03%,0.85%,0.03%,0.19%,0.02%,0.26%,0.02%,0.19%,0.01%,0.06%,0.01%,0.06%,0.01%,0.04%,0.01%,0.03%,0.01%,0.05%,0.01,0.09,0.00,0.07,0.00,0.06,0.00,0.09,0.00,0.04,0.00,0.03,0.00,0.02,0.00,0.02,0.00,0.02,0.00,0.02,0.00,0.02,0.00,0.01,118.78,119.66,120.00,0.00,0.00,0.31,2.11%,0.00,0.16%,0.61%,0.06%,1.55%,0.04%,0.80%,0.03%,0.89%,0.03%,0.24%,0.02%,0.29%,0.02%,0.19%,0.01%,0.08%,0.01%,0.05%,0.01%,0.05%,0.01%,0.06%,0.01%,0.02%,0.00,0.00,0.00,0.00,0.00,0.00,0.00,0.00,0.00,0.00,0.00,0.00,0.00,0.00,0.00,0.00,0.00,0.00,0.00,0.00,0.00,0.00,0.00,0.00,237.26,238.40,238.96,0.00,0.00,0.00,2.05%,0.00,0.16%,0.59%,0.06%,1.52%,0.04%,0.78%,0.03%,0.86%,0.03%,0.21%,0.02%,0.27%,0.02%,0.19%,0.01%,0.06%,0.01%,0.05%,0.01%,0.04%,0.01%,0.04%,0.01%,0.03%,0.00,0.00,0.00,0.00,0.00,0.00,0.00,0.00,0.00,0.00,0.00,0.00,0.00,0.00,0.00,0.00,0.00,0.00,0.00,0.00,0.00,0.00,0.00,0.00,132,0.778,108,84,59.97,60.02,60.07
30-Jul-2018 03:00:00,10.000,Y,118.76,119.62,120.04,1.03,1.11,1.17,1.99%,0.17,0.09%,0.55%,0.04%,1.48%,0.03%,0.76%,0.02%,0.84%,0.02%,0.18%,0.01%,0.27%,0.01%,0.20%,0.01%,0.05%,0.01%,0.06%,0.01%,0.04%,0.01%,0.02%,0.01%,0.04%,0.01,0.09,0.00,0.07,0.00,0.07,0.00,0.09,0.00,0.04,0.00,0.03,0.00,0.02,0.00,0.02,0.00,0.02,0.00,0.02,0.00,0.02,0.00,0.01,118.80,119.66,120.24,0.00,0.00,0.32,2.07%,0.00,0.09%,0.60%,0.04%,1.54%,0.03%,0.77%,0.02%,0.86%,0.02%,0.23%,0.01%,0.29%,0.01%,0.20%,0.01%,0.08%,0.01%,0.05%,0.01%,0.05%,0.01%,0.06%,0.01%,0.02%,0.00,0.00,0.00,0.00,0.00,0.00,0.00,0.00,0.00,0.00,0.00,0.00,0.00,0.00,0.00,0.00,0.00,0.00,0.00,0.00,0.00,0.00,0.00,0.00,237.24,238.50,239.26,0.00,0.00,0.00,2.02%,0.00,0.09%,0.58%,0.04%,1.51%,0.03%,0.76%,0.02%,0.85%,0.02%,0.20%,0.01%,0.27%,0.01%,0.20%,0.01%,0.06%,0.01%,0.05%,0.01%,0.05%,0.01%,0.04%,0.01%,0.03%,0.00,0.00,0.00,0.00,0.00,0.00,0.00,0.00,0.00,0.00,0.00,0.00,0.00,0.00,0.00,0.00,0.00,0.00,0.00,0.00,0.00,0.00,0.00,0.00,132,0.776,108,84,59.93,59.98,60.02
30-Jul-2018 03:10:00,10.000,Y,118.78,119.54,119.92,1.03,1.10,1.16,2.01%,0.17,0.14%,0.57%,0.05%,1.50%,0.04%,0.76%,0.03%,0.82%,0.03%,0.18%,0.02%,0.27%,0.02%,0.20%,0.01%,0.05%,0.01%,0.06%,0.01%,0.04%,0.01%,0.03%,0.01%,0.05%,0.01,0.09,0.00,0.07,0.00,0.07,0.00,0.09,0.00,0.04,0.00,0.03,0.00,0.02,0.00,0.02,0.00,0.02,0.00,0.02,0.00,0.02,0.00,0.01,118.96,119.82,120.14,0.00,0.00,0.31,2.12%,0.00,0.14%,0.63%,0.05%,1.57%,0.04%,0.80%,0.03%,0.86%,0.03%,0.25%,0.02%,0.30%,0.02%,0.20%,0.02%,0.08%,0.01%,0.05%,0.01%,0.05%,0.01%,0.06%,0.01%,0.02%,0.00,0.00,0.00,0.00,0.00,0.00,0.00,0.00,0.00,0.00,0.00,0.00,0.00,0.00,0.00,0.00,0.00,0.00,0.00,0.00,0.00,0.00,0.00,0.00,237.36,238.54,239.04,0.00,0.00,0.00,2.06%,0.00,0.14%,0.60%,0.05%,1.54%,0.04%,0.78%,0.03%,0.84%,0.03%,0.22%,0.02%,0.28%,0.02%,0.20%,0.01%,0.06%,0.01%,0.05%,0.01%,0.05%,0.01%,0.04%,0.01%,0.03%,0.00,0.00,0.00,0.00,0.00,0.00,0.00,0.00,0.00,0.00,0.00,0.00,0.00,0.00,0.00,0.00,0.00,0.00,0.00,0.00,0.00,0.00,0.00,0.00,132,0.776,108,84,59.96,60.01,60.06
30-Jul-2018 03:20:00,10.000,Y,118.30,119.40,119.74,1.02,1.10,1.16,2.00%,0.17,0.10%,0.56%,0.04%,1.51%,0.03%,0.74%,0.02%,0.82%,0.02%,0.19%,0.01%,0.27%,0.01%,0.20%,0.01%,0.05%,0.01%,0.06%,0.01%,0.04%,0.01%,0.03%,0.01%,0.05%,0.01,0.09,0.00,0.07,0.00,0.06,0.00,0.08,0.00,0.04,0.00,0.03,0.00,0.02,0.00,0.02,0.00,0.02,0.00,0.02,0.00,0.02,0.00,0.01,119.02,119.76,120.06,0.00,0.00,0.31,2.12%,0.00,0.10%,0.62%,0.04%,1.58%,0.03%,0.80%,0.02%,0.86%,0.02%,0.25%,0.01%,0.30%,0.01%,0.20%,0.01%,0.07%,0.01%,0.05%,0.01%,0.05%,0.01%,0.06%,0.01%,0.02%,0.00,0.00,0.00,0.00,0.00,0.00,0.00,0.00,0.00,0.00,0.00,0.00,0.00,0.00,0.00,0.00,0.00,0.00,0.00,0.00,0.00,0.00,0.00,0.00,236.92,238.36,238.94,0.00,0.00,0.00,2.05%,0.00,0.10%,0.59%,0.04%,1.54%,0.03%,0.77%,0.02%,0.84%,0.02%,0.22%,0.01%,0.28%,0.01%,0.20%,0.01%,0.06%,0.01%,0.05%,0.01%,0.04%,0.01%,0.04%,0.01%,0.03%,0.00,0.00,0.00,0.00,0.00,0.00,0.00,0.00,0.00,0.00,0.00,0.00,0.00,0.00,0.00,0.00,0.00,0.00,0.00,0.00,0.00,0.00,0.00,0.00,132,0.777,96,84,59.95,59.99,60.02
30-Jul-2018 03:30:00,10.000,Y,118.20,119.38,119.74,1.03,1.11,1.17,1.98%,0.17,0.12%,0.55%,0.04%,1.48%,0.03%,0.75%,0.02%,0.82%,0.02%,0.20%,0.01%,0.26%,0.01%,0.19%,0.01%,0.05%,0.01%,0.06%,0.01%,0.03%,0.01%,0.03%,0.01%,0.04%,0.01,0.09,0.00,0.07,0.00,0.07,0.00,0.08,0.00,0.04,0.00,0.03,0.00,0.02,0.00,0.02,0.00,0.02,0.00,0.02,0.00,0.02,0.00,0.01,118.72,119.76,120.12,0.00,0.00,0.32,2.09%,0.00,0.12%,0.61%,0.04%,1.55%,0.03%,0.80%,0.02%,0.86%,0.02%,0.25%,0.01%,0.29%,0.01%,0.20%,0.01%,0.07%,0.01%,0.05%,0.01%,0.05%,0.01%,0.05%,0.01%,0.02%,0.00,0.00,0.00,0.00,0.00,0.00,0.00,0.00,0.00,0.00,0.00,0.00,0.00,0.00,0.00,0.00,0.00,0.00,0.00,0.00,0.00,0.00,0.00,0.00,236.74,238.34,239.04,0.00,0.00,0.00,2.03%,0.00,0.12%,0.58%,0.04%,1.52%,0.03%,0.77%,0.02%,0.84%,0.02%,0.22%,0.01%,0.27%,0.01%,0.19%,0.01%,0.05%,0.01%,0.05%,0.01%,0.04%,0.01%,0.03%,0.01%,0.02%,0.00,0.00,0.00,0.00,0.00,0.00,0.00,0.00,0.00,0.00,0.00,0.00,0.00,0.00,0.00,0.00,0.00,0.00,0.00,0.00,0.00,0.00,0.00,0.00,132,0.783,108,84,59.96,60.00,60.05
30-Jul-2018 03:40:00,10.000,Y,118.34,119.36,119.70,1.02,1.10,1.19,1.96%,0.17,0.13%,0.55%,0.05%,1.45%,0.03%,0.74%,0.02%,0.84%,0.02%,0.20%,0.02%,0.26%,0.01%,0.19%,0.01%,0.04%,0.01%,0.06%,0.01%,0.04%,0.01%,0.02%,0.01%,0.04%,0.01,0.09,0.00,0.07,0.00,0.07,0.00,0.09,0.00,0.04,0.00,0.03,0.00,0.02,0.00,0.02,0.00,0.02,0.00,0.02,0.00,0.02,0.00,0.01,118.64,119.50,119.84,0.00,0.00,0.32,2.06%,0.00,0.13%,0.60%,0.05%,1.52%,0.03%,0.77%,0.02%,0.86%,0.02%,0.25%,0.02%,0.29%,0.01%,0.19%,0.01%,0.06%,0.01%,0.05%,0.01%,0.04%,0.01%,0.05%,0.01%,0.02%,0.00,0.00,0.00,0.00,0.00,0.00,0.00,0.00,0.00,0.00,0.00,0.00,0.00,0.00,0.00,0.00,0.00,0.00,0.00,0.00,0.00,0.00,0.00,0.00,236.70,238.06,238.72,0.00,0.00,0.00,2.00%,0.00,0.13%,0.58%,0.05%,1.48%,0.03%,0.76%,0.02%,0.85%,0.02%,0.22%,0.02%,0.27%,0.01%,0.19%,0.01%,0.05%,0.01%,0.06%,0.01%,0.04%,0.01%,0.03%,0.01%,0.02%,0.00,0.00,0.00,0.00,0.00,0.00,0.00,0.00,0.00,0.00,0.00,0.00,0.00,0.00,0.00,0.00,0.00,0.00,0.00,0.00,0.00,0.00,0.00,0.00,132,0.779,108,84,59.96,60.00,60.05
30-Jul-2018 03:50:00,10.000,Y,118.22,119.26,119.66,1.02,1.10,1.16,1.96%,0.17,0.17%,0.54%,0.06%,1.44%,0.04%,0.74%,0.03%,0.84%,0.03%,0.20%,0.02%,0.26%,0.02%,0.20%,0.01%,0.05%,0.01%,0.06%,0.01%,0.04%,0.01%,0.02%,0.01%,0.04%,0.01,0.09,0.00,0.07,0.00,0.07,0.00,0.09,0.00,0.04,0.00,0.03,0.00,0.02,0.00,0.02,0.00,0.02,0.00,0.02,0.00,0.02,0.00,0.01,118.40,119.22,119.56,0.00,0.00,0.32,2.03%,0.00,0.17%,0.57%,0.06%,1.50%,0.04%,0.76%,0.03%,0.85%,0.03%,0.25%,0.02%,0.27%,0.02%,0.18%,0.01%,0.07%,0.02%,0.05%,0.01%,0.04%,0.01%,0.04%,0.01%,0.02%,0.00,0.00,0.00,0.00,0.00,0.00,0.00,0.00,0.00,0.00,0.00,0.00,0.00,0.00,0.00,0.00,0.00,0.00,0.00,0.00,0.00,0.00,0.00,0.00,236.40,237.68,238.38,0.00,0.00,0.00,1.99%,0.00,0.17%,0.56%,0.06%,1.47%,0.04%,0.75%,0.03%,0.84%,0.03%,0.22%,0.02%,0.26%,0.02%,0.19%,0.01%,0.05%,0.01%,0.05%,0.01%,0.04%,0.01%,0.03%,0.01%,0.02%,0.00,0.00,0.00,0.00,0.00,0.00,0.00,0.00,0.00,0.00,0.00,0.00,0.00,0.00,0.00,0.00,0.00,0.00,0.00,0.00,0.00,0.00,0.00,0.00,132,0.778,96,84,59.95,60.03,60.08
30-Jul-2018 04:00:00,10.000,Y,118.24,119.12,119.42,1.01,1.10,1.16,1.94%,0.17,0.14%,0.56%,0.05%,1.42%,0.04%,0.73%,0.03%,0.83%,0.02%,0.22%,0.02%,0.26%,0.02%,0.19%,0.01%,0.05%,0.01%,0.06%,0.01%,0.04%,0.01%,0.02%,0.01%,0.04%,0.01,0.09,0.00,0.07,0.00,0.06,0.00,0.09,0.00,0.04,0.00,0.03,0.00,0.02,0.00,0.02,0.00,0.02,0.00,0.02,0.00,0.02,0.00,0.01,118.44,119.28,119.54,0.00,0.00,0.31,2.04%,0.00,0.15%,0.61%,0.05%,1.48%,0.04%,0.78%,0.03%,0.87%,0.02%,0.26%,0.02%,0.28%,0.02%,0.19%,0.01%,0.07%,0.01%,0.05%,0.01%,0.04%,0.01%,0.05%,0.01%,0.03%,0.00,0.00,0.00,0.00,0.00,0.00,0.00,0.00,0.00,0.00,0.00,0.00,0.00,0.00,0.00,0.00,0.00,0.00,0.00,0.00,0.00,0.00,0.00,0.00,236.36,237.60,238.10,0.00,0.00,0.00,1.98%,0.00,0.15%,0.58%,0.05%,1.45%,0.04%,0.75%,0.03%,0.85%,0.02%,0.24%,0.02%,0.26%,0.02%,0.19%,0.01%,0.06%,0.01%,0.05%,0.01%,0.04%,0.01%,0.03%,0.01%,0.02%,0.00,0.00,0.00,0.00,0.00,0.00,0.00,0.00,0.00,0.00,0.00,0.00,0.00,0.00,0.00,0.00,0.00,0.00,0.00,0.00,0.00,0.00,0.00,0.00,132,0.778,96,84,59.95,60.01,60.08
30-Jul-2018 04:10:00,10.000,Y,118.26,119.16,119.54,1.02,1.10,1.16,1.96%,0.17,0.11%,0.58%,0.04%,1.46%,0.03%,0.71%,0.02%,0.83%,0.02%,0.23%,0.01%,0.26%,0.01%,0.19%,0.01%,0.05%,0.01%,0.06%,0.01%,0.04%,0.01%,0.02%,0.01%,0.04%,0.01,0.09,0.00,0.07,0.00,0.06,0.00,0.09,0.00,0.04,0.00,0.03,0.00,0.02,0.00,0.02,0.00,0.02,0.00,0.02,0.00,0.02,0.00,0.01,118.44,119.32,119.60,0.00,0.00,0.32,2.06%,0.00,0.11%,0.64%,0.04%,1.51%,0.03%,0.75%,0.02%,0.88%,0.02%,0.28%,0.01%,0.27%,0.01%,0.19%,0.01%,0.08%,0.01%,0.05%,0.01%,0.05%,0.01%,0.04%,0.01%,0.02%,0.00,0.00,0.00,0.00,0.00,0.00,0.00,0.00,0.00,0.00,0.00,0.00,0.00,0.00,0.00,0.00,0.00,0.00,0.00,0.00,0.00,0.00,0.00,0.00,236.58,237.68,238.18,0.00,0.00,0.00,2.01%,0.00,0.11%,0.61%,0.04%,1.48%,0.03%,0.73%,0.02%,0.85%,0.02%,0.25%,0.01%,0.26%,0.01%,0.19%,0.01%,0.06%,0.01%,0.06%,0.01%,0.04%,0.01%,0.03%,0.01%,0.02%,0.00,0.00,0.00,0.00,0.00,0.00,0.00,0.00,0.00,0.00,0.00,0.00,0.00,0.00,0.00,0.00,0.00,0.00,0.00,0.00,0.00,0.00,0.00,0.00,132,0.777,96,84,59.94,59.99,60.05
30-Jul-2018 04:20:00,10.000,Y,115.90,118.64,119.14,1.02,1.10,1.16,1.91%,0.17,0.07%,0.59%,0.03%,1.39%,0.02%,0.69%,0.02%,0.84%,0.01%,0.22%,0.01%,0.25%,0.01%,0.20%,0.01%,0.04%,0.01%,0.07%,0.01%,0.04%,0.01%,0.01%,0.01%,0.04%,0.01,0.09,0.00,0.07,0.00,0.07,0.00,0.09,0.00,0.04,0.00,0.03,0.00,0.02,0.00,0.02,0.00,0.02,0.00,0.02,0.00,0.02,0.00,0.01,116.48,119.10,119.68,0.00,0.00,0.34,1.98%,0.00,0.07%,0.66%,0.03%,1.42%,0.02%,0.72%,0.02%,0.86%,0.01%,0.26%,0.01%,0.27%,0.01%,0.19%,0.01%,0.07%,0.01%,0.05%,0.01%,0.04%,0.01%,0.04%,0.01%,0.02%,0.00,0.00,0.00,0.00,0.00,0.00,0.00,0.00,0.00,0.00,0.00,0.00,0.00,0.00,0.00,0.00,0.00,0.00,0.00,0.00,0.00,0.00,0.00,0.00,231.60,236.94,237.98,0.00,0.00,0.00,1.94%,0.00,0.07%,0.62%,0.03%,1.41%,0.02%,0.71%,0.02%,0.84%,0.01%,0.24%,0.01%,0.26%,0.01%,0.19%,0.01%,0.05%,0.01%,0.06%,0.01%,0.04%,0.01%,0.02%,0.01%,0.03%,0.00,0.00,0.00,0.00,0.00,0.00,0.00,0.00,0.00,0.00,0.00,0.00,0.00,0.00,0.00,0.00,0.00,0.00,0.00,0.00,0.00,0.00,0.00,0.00,132,0.779,96,84,59.92,59.97,60.02
30-Jul-2018 04:30:00,10.000,Y,117.74,118.90,119.26,1.02,1.10,1.16,1.88%,0.18,0.10%,0.60%,0.04%,1.36%,0.03%,0.69%,0.02%,0.83%,0.02%,0.22%,0.01%,0.24%,0.01%,0.19%,0.01%,0.03%,0.01%,0.06%,0.01%,0.05%,0.01%,0.01%,0.01%,0.04%,0.01,0.09,0.00,0.07,0.00,0.07,0.00,0.09,0.00,0.04,0.00,0.03,0.00,0.02,0.00,0.02,0.00,0.02,0.00,0.02,0.00,0.02,0.00,0.01,117.98,119.12,119.42,0.00,0.00,0.33,1.92%,0.00,0.10%,0.66%,0.04%,1.37%,0.03%,0.70%,0.02%,0.83%,0.02%,0.25%,0.01%,0.25%,0.01%,0.18%,0.01%,0.05%,0.01%,0.04%,0.01%,0.04%,0.01%,0.04%,0.01%,0.02%,0.00,0.00,0.00,0.00,0.00,0.00,0.00,0.00,0.00,0.00,0.00,0.00,0.00,0.00,0.00,0.00,0.00,0.00,0.00,0.00,0.00,0.00,0.00,0.00,235.64,237.22,237.74,0.00,0.00,0.00,1.89%,0.00,0.10%,0.63%,0.04%,1.36%,0.02%,0.69%,0.02%,0.83%,0.02%,0.23%,0.01%,0.24%,0.01%,0.19%,0.01%,0.04%,0.01%,0.05%,0.01%,0.04%,0.01%,0.02%,0.01%,0.02%,0.00,0.00,0.00,0.00,0.00,0.00,0.00,0.00,0.00,0.00,0.00,0.00,0.00,0.00,0.00,0.00,0.00,0.00,0.00,0.00,0.00,0.00,0.00,0.00,132,0.777,96,84,59.94,59.99,60.04
30-Jul-2018 04:40:00,10.000,Y,117.78,118.84,119.30,1.02,1.10,1.16,1.86%,0.18,0.15%,0.65%,0.05%,1.32%,0.04%,0.65%,0.03%,0.82%,0.03%,0.22%,0.02%,0.22%,0.01%,0.19%,0.02%,0.03%,0.01%,0.05%,0.01%,0.05%,0.01%,0.01%,0.01%,0.04%,0.01,0.09,0.00,0.07,0.00,0.07,0.00,0.09,0.00,0.04,0.00,0.03,0.00,0.02,0.00,0.02,0.00,0.02,0.00,0.02,0.00,0.02,0.00,0.01,117.90,118.86,119.44,0.00,0.00,0.40,1.89%,0.00,0.15%,0.69%,0.05%,1.33%,0.04%,0.65%,0.03%,0.83%,0.02%,0.24%,0.02%,0.24%,0.01%,0.19%,0.01%,0.05%,0.01%,0.02%,0.01%,0.05%,0.01%,0.02%,0.01%,0.01%,0.00,0.00,0.00,0.00,0.00,0.00,0.00,0.00,0.00,0.00,0.00,0.00,0.00,0.00,0.00,0.00,0.00,0.00,0.00,0.00,0.00,0.00,0.00,0.00,235.34,236.90,237.88,0.00,0.00,0.00,1.87%,0.00,0.15%,0.67%,0.05%,1.33%,0.04%,0.65%,0.03%,0.82%,0.02%,0.23%,0.02%,0.22%,0.01%,0.19%,0.01%,0.04%,0.01%,0.03%,0.01%,0.05%,0.01%,0.01%,0.01%,0.02%,0.00,0.00,0.00,0.00,0.00,0.00,0.00,0.00,0.00,0.00,0.00,0.00,0.00,0.00,0.00,0.00,0.00,0.00,0.00,0.00,0.00,0.00,0.00,0.00,132,0.779,96,84,59.97,60.01,60.07
30-Jul-2018 04:50:00,10.000,Y,117.66,118.50,118.90,1.02,1.10,1.17,1.79%,0.17,0.11%,0.63%,0.04%,1.27%,0.03%,0.61%,0.02%,0.80%,0.02%,0.23%,0.01%,0.21%,0.01%,0.19%,0.01%,0.04%,0.01%,0.05%,0.01%,0.05%,0.01%,0.01%,0.01%,0.04%,0.01,0.09,0.00,0.07,0.00,0.07,0.00,0.09,0.00,0.04,0.00,0.03,0.00,0.02,0.00,0.02,0.00,0.02,0.00,0.02,0.00,0.02,0.00,0.01,117.68,118.52,118.92,0.00,0.00,0.32,1.81%,0.00,0.11%,0.67%,0.04%,1.29%,0.03%,0.60%,0.02%,0.80%,0.02%,0.25%,0.01%,0.22%,0.01%,0.18%,0.01%,0.05%,0.01%,0.03%,0.01%,0.05%,0.01%,0.02%,0.01%,0.02%,0.00,0.00,0.00,0.00,0.00,0.00,0.00,0.00,0.00,0.00,0.00,0.00,0.00,0.00,0.00,0.00,0.00,0.00,0.00,0.00,0.00,0.00,0.00,0.00,235.10,236.22,236.88,0.00,0.00,0.00,1.80%,0.00,0.11%,0.65%,0.04%,1.28%,0.03%,0.60%,0.02%,0.80%,0.02%,0.24%,0.01%,0.21%,0.01%,0.18%,0.01%,0.04%,0.01%,0.04%,0.01%,0.05%,0.01%,0.01%,0.01%,0.02%,0.00,0.00,0.00,0.00,0.00,0.00,0.00,0.00,0.00,0.00,0.00,0.00,0.00,0.00,0.00,0.00,0.00,0.00,0.00,0.00,0.00,0.00,0.00,0.00,132,0.784,108,84,59.94,59.99,60.03
30-Jul-2018 05:00:00,10.000,Y,117.72,118.58,118.82,1.01,1.10,1.16,1.79%,0.18,0.14%,0.67%,0.06%,1.25%,0.04%,0.62%,0.03%,0.79%,0.03%,0.25%,0.02%,0.20%,0.01%,0.17%,0.01%,0.04%,0.01%,0.03%,0.01%,0.05%,0.01%,0.02%,0.01%,0.04%,0.01,0.09,0.00,0.07,0.00,0.07,0.00,0.09,0.00,0.04,0.00,0.03,0.00,0.02,0.00,0.02,0.00,0.02,0.00,0.02,0.00,0.02,0.00,0.01,117.50,118.48,118.86,0.00,0.00,0.32,1.81%,0.00,0.14%,0.70%,0.06%,1.27%,0.04%,0.62%,0.03%,0.78%,0.03%,0.27%,0.02%,0.21%,0.01%,0.16%,0.01%,0.05%,0.01%,0.02%,0.01%,0.04%,0.01%,0.02%,0.01%,0.03%,0.00,0.00,0.00,0.00,0.00,0.00,0.00,0.00,0.00,0.00,0.00,0.00,0.00,0.00,0.00,0.00,0.00,0.00,0.00,0.00,0.00,0.00,0.00,0.00,235.06,236.28,236.84,0.00,0.00,0.00,1.79%,0.00,0.14%,0.69%,0.06%,1.26%,0.04%,0.62%,0.03%,0.78%,0.03%,0.26%,0.02%,0.20%,0.01%,0.16%,0.01%,0.04%,0.01%,0.02%,0.01%,0.04%,0.01%,0.02%,0.01%,0.03%,0.00,0.00,0.00,0.00,0.00,0.00,0.00,0.00,0.00,0.00,0.00,0.00,0.00,0.00,0.00,0.00,0.00,0.00,0.00,0.00,0.00,0.00,0.00,0.00,132,0.779,96,84,59.95,60.01,60.05
30-Jul-2018 05:10:00,10.000,Y,116.84,118.22,118.82,1.01,1.09,1.15,1.77%,0.18,0.13%,0.73%,0.05%,1.21%,0.03%,0.60%,0.03%,0.78%,0.02%,0.26%,0.02%,0.19%,0.01%,0.17%,0.01%,0.06%,0.01%,0.05%,0.01%,0.04%,0.01%,0.01%,0.01%,0.03%,0.01,0.09,0.00,0.07,0.00,0.07,0.00,0.09,0.00,0.04,0.00,0.03,0.00,0.02,0.00,0.02,0.00,0.02,0.00,0.02,0.00,0.02,0.00,0.01,116.72,117.68,118.20,0.00,0.00,0.33,1.80%,0.00,0.13%,0.77%,0.05%,1.23%,0.03%,0.60%,0.03%,0.76%,0.02%,0.28%,0.01%,0.21%,0.01%,0.15%,0.01%,0.07%,0.01%,0.03%,0.01%,0.04%,0.01%,0.02%,0.01%,0.02%,0.00,0.00,0.00,0.00,0.00,0.00,0.00,0.00,0.00,0.00,0.00,0.00,0.00,0.00,0.00,0.00,0.00,0.00,0.00,0.00,0.00,0.00,0.00,0.00,233.44,235.10,235.96,0.00,0.00,0.00,1.78%,0.00,0.13%,0.75%,0.05%,1.22%,0.03%,0.60%,0.03%,0.77%,0.02%,0.27%,0.01%,0.19%,0.01%,0.16%,0.01%,0.06%,0.01%,0.04%,0.01%,0.04%,0.01%,0.01%,0.01%,0.02%,0.00,0.00,0.00,0.00,0.00,0.00,0.00,0.00,0.00,0.00,0.00,0.00,0.00,0.00,0.00,0.00,0.00,0.00,0.00,0.00,0.00,0.00,0.00,0.00,132,0.780,96,72,59.94,60.00,60.05
30-Jul-2018 05:20:00,10.000,Y,116.52,117.46,117.76,1.01,1.09,1.15,1.74%,0.18,0.15%,0.79%,0.05%,1.17%,0.04%,0.56%,0.03%,0.74%,0.03%,0.28%,0.02%,0.16%,0.02%,0.17%,0.01%,0.05%,0.01%,0.04%,0.01%,0.04%,0.01%,0.01%,0.01%,0.03%,0.01,0.09,0.00,0.08,0.00,0.07,0.00,0.09,0.00,0.04,0.00,0.03,0.00,0.01,0.00,0.02,0.00,0.02,0.00,0.02,0.00,0.02,0.00,0.01,116.66,117.56,118.04,0.00,0.00,0.32,1.77%,0.00,0.14%,0.83%,0.05%,1.19%,0.04%,0.55%,0.03%,0.73%,0.03%,0.30%,0.02%,0.18%,0.02%,0.17%,0.01%,0.06%,0.01%,0.03%,0.01%,0.02%,0.01%,0.03%,0.01%,0.02%,0.00,0.00,0.00,0.00,0.00,0.00,0.00,0.00,0.00,0.00,0.00,0.00,0.00,0.00,0.00,0.00,0.00,0.00,0.00,0.00,0.00,0.00,0.00,0.00,232.78,234.24,234.94,0.00,0.00,0.00,1.75%,0.00,0.14%,0.81%,0.05%,1.18%,0.04%,0.55%,0.03%,0.73%,0.03%,0.29%,0.02%,0.16%,0.01%,0.17%,0.01%,0.05%,0.01%,0.03%,0.01%,0.03%,0.01%,0.02%,0.01%,0.02%,0.00,0.00,0.00,0.00,0.00,0.00,0.00,0.00,0.00,0.00,0.00,0.00,0.00,0.00,0.00,0.00,0.00,0.00,0.00,0.00,0.00,0.00,0.00,0.00,132,0.783,96,72,59.94,60.01,60.11
30-Jul-2018 05:30:00,10.000,Y,116.44,117.26,117.58,1.02,1.09,1.15,1.70%,0.17,0.11%,0.81%,0.04%,1.13%,0.03%,0.53%,0.02%,0.65%,0.02%,0.35%,0.01%,0.17%,0.01%,0.21%,0.01%,0.08%,0.01%,0.06%,0.01%,0.06%,0.01%,0.02%,0.01%,0.03%,0.01,0.09,0.00,0.07,0.00,0.07,0.00,0.09,0.00,0.04,0.00,0.03,0.00,0.02,0.00,0.02,0.00,0.02,0.00,0.02,0.00,0.02,0.00,0.01,116.52,117.40,117.86,0.00,0.00,0.38,1.75%,0.00,0.11%,0.86%,0.04%,1.16%,0.03%,0.54%,0.02%,0.65%,0.02%,0.37%,0.02%,0.20%,0.01%,0.21%,0.01%,0.09%,0.01%,0.06%,0.01%,0.05%,0.01%,0.03%,0.01%,0.05%,0.00,0.00,0.00,0.00,0.00,0.00,0.00,0.00,0.00,0.00,0.00,0.00,0.00,0.00,0.00,0.00,0.00,0.00,0.00,0.00,0.00,0.00,0.00,0.00,232.58,233.86,234.44,0.00,0.00,0.00,1.72%,0.00,0.11%,0.83%,0.04%,1.15%,0.03%,0.53%,0.02%,0.64%,0.02%,0.36%,0.01%,0.18%,0.01%,0.21%,0.01%,0.08%,0.01%,0.06%,0.01%,0.06%,0.01%,0.02%,0.01%,0.03%,0.00,0.00,0.00,0.00,0.00,0.00,0.00,0.00,0.00,0.00,0.00,0.00,0.00,0.00,0.00,0.00,0.00,0.00,0.00,0.00,0.00,0.00,0.00,0.00,132,0.784,96,72,59.94,59.99,60.07
30-Jul-2018 05:40:00,10.000,Y,115.54,117.16,117.48,1.01,1.09,1.15,1.67%,0.17,0.14%,0.86%,0.05%,1.11%,0.03%,0.52%,0.02%,0.55%,0.02%,0.34%,0.02%,0.18%,0.02%,0.20%,0.01%,0.11%,0.01%,0.05%,0.01%,0.09%,0.01%,0.02%,0.01%,0.03%,0.01,0.09,0.00,0.07,0.00,0.07,0.00,0.09,0.00,0.04,0.00,0.03,0.00,0.02,0.00,0.02,0.00,0.02,0.00,0.02,0.00,0.02,0.00,0.01,115.54,116.90,117.56,0.00,0.00,0.33,1.73%,0.00,0.14%,0.92%,0.05%,1.13%,0.03%,0.53%,0.03%,0.54%,0.02%,0.36%,0.02%,0.21%,0.02%,0.21%,0.01%,0.13%,0.01%,0.07%,0.01%,0.08%,0.01%,0.04%,0.01%,0.06%,0.00,0.00,0.00,0.00,0.00,0.00,0.00,0.00,0.00,0.00,0.00,0.00,0.00,0.00,0.00,0.00,0.00,0.00,0.00,0.00,0.00,0.00,0.00,0.00,230.34,233.28,234.14,0.00,0.00,0.00,1.70%,0.00,0.14%,0.89%,0.05%,1.12%,0.03%,0.52%,0.03%,0.55%,0.02%,0.35%,0.02%,0.19%,0.02%,0.20%,0.01%,0.12%,0.01%,0.06%,0.01%,0.08%,0.01%,0.03%,0.01%,0.04%,0.00,0.00,0.00,0.00,0.00,0.00,0.00,0.00,0.00,0.00,0.00,0.00,0.00,0.00,0.00,0.00,0.00,0.00,0.00,0.00,0.00,0.00,0.00,0.00,132,0.784,96,72,59.95,60.01,60.05
30-Jul-2018 05:50:00,10.000,Y,116.04,116.98,117.46,1.00,1.09,1.16,1.68%,0.17,0.10%,0.89%,0.04%,1.12%,0.02%,0.52%,0.02%,0.54%,0.02%,0.34%,0.01%,0.19%,0.01%,0.19%,0.01%,0.11%,0.01%,0.05%,0.01%,0.09%,0.01%,0.02%,0.01%,0.02%,0.01,0.09,0.00,0.07,0.00,0.06,0.00,0.09,0.00,0.04,0.00,0.03,0.00,0.02,0.00,0.02,0.00,0.02,0.00,0.02,0.00,0.02,0.00,0.01,115.38,116.66,117.22,0.00,0.00,0.33,1.75%,0.00,0.10%,0.96%,0.04%,1.15%,0.02%,0.53%,0.02%,0.54%,0.02%,0.36%,0.01%,0.20%,0.01%,0.20%,0.01%,0.14%,0.01%,0.07%,0.01%,0.07%,0.01%,0.04%,0.01%,0.05%,0.00,0.00,0.00,0.00,0.00,0.00,0.00,0.00,0.00,0.00,0.00,0.00,0.00,0.00,0.00,0.00,0.00,0.00,0.00,0.00,0.00,0.00,0.00,0.00,231.10,232.86,233.82,0.00,0.00,0.00,1.72%,0.00,0.10%,0.93%,0.04%,1.13%,0.02%,0.52%,0.02%,0.54%,0.02%,0.35%,0.01%,0.19%,0.01%,0.20%,0.01%,0.13%,0.01%,0.06%,0.01%,0.08%,0.01%,0.03%,0.01%,0.03%,0.00,0.00,0.00,0.00,0.00,0.00,0.00,0.00,0.00,0.00,0.00,0.00,0.00,0.00,0.00,0.00,0.00,0.00,0.00,0.00,0.00,0.00,0.00,0.00,132,0.785,96,72,59.95,59.98,60.03
30-Jul-2018 06:00:00,10.000,Y,113.32,116.44,117.54,1.01,1.09,1.16,1.73%,0.17,0.13%,0.94%,0.05%,1.13%,0.03%,0.54%,0.02%,0.55%,0.02%,0.33%,0.02%,0.19%,0.01%,0.18%,0.01%,0.11%,0.01%,0.05%,0.01%,0.09%,0.01%,0.02%,0.01%,0.02%,0.01,0.08,0.00,0.07,0.00,0.07,0.00,0.08,0.00,0.04,0.00,0.03,0.00,0.02,0.00,0.02,0.00,0.02,0.00,0.02,0.00,0.02,0.00,0.01,114.30,117.12,117.82,0.00,0.00,0.37,1.79%,0.00,0.13%,1.00%,0.05%,1.15%,0.03%,0.54%,0.02%,0.55%,0.02%,0.35%,0.02%,0.21%,0.01%,0.20%,0.01%,0.14%,0.01%,0.07%,0.01%,0.08%,0.01%,0.05%,0.01%,0.05%,0.00,0.00,0.00,0.00,0.00,0.00,0.00,0.00,0.00,0.00,0.00,0.00,0.00,0.00,0.00,0.00,0.00,0.00,0.00,0.00,0.00,0.00,0.00,0.00,226.88,232.76,234.00,0.00,0.00,0.00,1.76%,0.00,0.13%,0.97%,0.05%,1.14%,0.03%,0.54%,0.02%,0.55%,0.02%,0.34%,0.02%,0.20%,0.01%,0.19%,0.01%,0.12%,0.01%,0.06%,0.01%,0.08%,0.01%,0.03%,0.01%,0.03%,0.00,0.00,0.00,0.00,0.00,0.00,0.00,0.00,0.00,0.00,0.00,0.00,0.00,0.00,0.00,0.00,0.00,0.00,0.00,0.00,0.00,0.00,0.00,0.00,132,0.790,96,72,59.94,60.00,60.06
30-Jul-2018 06:10:00,10.000,Y,115.46,117.44,118.02,1.02,1.10,1.16,1.73%,0.17,0.15%,0.98%,0.05%,1.10%,0.03%,0.53%,0.03%,0.57%,0.02%,0.34%,0.02%,0.19%,0.02%,0.18%,0.01%,0.12%,0.01%,0.05%,0.01%,0.08%,0.01%,0.02%,0.01%,0.02%,0.01,0.08,0.00,0.07,0.00,0.07,0.00,0.09,0.00,0.04,0.00,0.03,0.00,0.02,0.00,0.02,0.00,0.02,0.00,0.02,0.00,0.02,0.00,0.01,115.74,117.26,117.80,0.00,0.00,0.33,1.78%,0.00,0.15%,1.03%,0.05%,1.13%,0.04%,0.52%,0.03%,0.55%,0.02%,0.34%,0.02%,0.21%,0.02%,0.19%,0.01%,0.13%,0.01%,0.06%,0.01%,0.07%,0.01%,0.04%,0.01%,0.05%,0.00,0.00,0.00,0.00,0.00,0.00,0.00,0.00,0.00,0.00,0.00,0.00,0.00,0.00,0.00,0.00,0.00,0.00,0.00,0.00,0.00,0.00,0.00,0.00,231.52,233.90,234.82,0.00,0.00,0.00,1.75%,0.00,0.14%,1.00%,0.05%,1.11%,0.04%,0.52%,0.03%,0.56%,0.02%,0.34%,0.02%,0.20%,0.02%,0.19%,0.01%,0.13%,0.01%,0.05%,0.01%,0.07%,0.01%,0.03%,0.01%,0.03%,0.00,0.00,0.00,0.00,0.00,0.00,0.00,0.00,0.00,0.00,0.00,0.00,0.00,0.00,0.00,0.00,0.00,0.00,0.00,0.00,0.00,0.00,0.00,0.00,132,0.786,96,72,59.96,60.02,60.09
30-Jul-2018 06:20:00,10.000,Y,115.56,117.12,117.76,1.01,1.09,1.15,1.75%,0.17,0.10%,1.02%,0.04%,1.10%,0.02%,0.55%,0.02%,0.54%,0.01%,0.33%,0.01%,0.21%,0.01%,0.19%,0.01%,0.11%,0.01%,0.05%,0.01%,0.08%,0.01%,0.02%,0.01%,0.02%,0.01,0.08,0.00,0.07,0.00,0.07,0.00,0.09,0.00,0.04,0.00,0.03,0.00,0.02,0.00,0.02,0.00,0.02,0.00,0.02,0.00,0.02,0.00,0.01,115.00,116.44,117.28,0.00,0.00,0.33,1.83%,0.00,0.10%,1.09%,0.04%,1.15%,0.02%,0.57%,0.02%,0.52%,0.02%,0.33%,0.01%,0.23%,0.01%,0.19%,0.01%,0.13%,0.01%,0.07%,0.01%,0.06%,0.01%,0.04%,0.01%,0.04%,0.00,0.00,0.00,0.00,0.00,0.00,0.00,0.00,0.00,0.00,0.00,0.00,0.00,0.00,0.00,0.00,0.00,0.00,0.00,0.00,0.00,0.00,0.00,0.00,229.78,232.78,233.52,0.00,0.00,0.00,1.79%,0.00,0.10%,1.06%,0.04%,1.12%,0.02%,0.56%,0.02%,0.53%,0.01%,0.33%,0.01%,0.22%,0.01%,0.19%,0.01%,0.12%,0.01%,0.06%,0.01%,0.07%,0.01%,0.03%,0.01%,0.03%,0.00,0.00,0.00,0.00,0.00,0.00,0.00,0.00,0.00,0.00,0.00,0.00,0.00,0.00,0.00,0.00,0.00,0.00,0.00,0.00,0.00,0.00,0.00,0.00,132,0.783,96,72,59.92,59.98,60.02
30-Jul-2018 06:30:00,10.000,Y,114.96,118.12,120.28,1.01,1.09,1.17,1.91%,0.18,0.12%,0.99%,0.05%,1.40%,0.03%,0.56%,0.02%,0.49%,0.02%,0.16%,0.01%,0.10%,0.01%,0.18%,0.01%,0.06%,0.01%,0.03%,0.01%,0.08%,0.01%,0.01%,0.01%,0.03%,0.01,0.08,0.00,0.08,0.00,0.07,0.00,0.09,0.00,0.05,0.00,0.03,0.00,0.02,0.00,0.02,0.00,0.02,0.00,0.02,0.00,0.02,0.00,0.01,116.28,118.24,120.46,0.00,0.00,0.36,1.97%,0.00,0.12%,1.07%,0.05%,1.43%,0.03%,0.53%,0.02%,0.47%,0.02%,0.18%,0.01%,0.14%,0.01%,0.18%,0.01%,0.08%,0.01%,0.06%,0.01%,0.06%,0.01%,0.03%,0.01%,0.05%,0.00,0.00,0.00,0.00,0.00,0.00,0.00,0.00,0.00,0.00,0.00,0.00,0.00,0.00,0.00,0.00,0.00,0.00,0.00,0.00,0.00,0.00,0.00,0.00,230.92,235.56,239.78,0.00,0.00,0.00,1.94%,0.00,0.12%,1.03%,0.05%,1.41%,0.03%,0.54%,0.02%,0.48%,0.02%,0.17%,0.01%,0.12%,0.01%,0.18%,0.01%,0.07%,0.01%,0.04%,0.01%,0.07%,0.01%,0.02%,0.01%,0.03%,0.00,0.00,0.00,0.00,0.00,0.00,0.00,0.00,0.00,0.00,0.00,0.00,0.00,0.00,0.00,0.00,0.00,0.00,0.00,0.00,0.00,0.00,0.00,0.00,132,0.780,96,72,59.93,59.99,60.06
30-Jul-2018 06:40:00,10.000,Y,117.76,118.66,119.06,1.01,1.10,1.16,1.98%,0.18,0.11%,0.98%,0.04%,1.55%,0.03%,0.54%,0.02%,0.45%,0.01%,0.07%,0.01%,0.04%,0.01%,0.18%,0.01%,0.03%,0.01%,0.01%,0.01%,0.09%,0.01%,0.01%,0.01%,0.02%,0.01,0.08,0.00,0.08,0.00,0.07,0.00,0.09,0.00,0.05,0.00,0.03,0.00,0.03,0.00,0.02,0.00,0.02,0.00,0.02,0.00,0.02,0.00,0.01,117.56,118.66,119.38,0.00,0.00,0.33,2.04%,0.00,0.10%,1.07%,0.04%,1.58%,0.03%,0.50%,0.02%,0.44%,0.02%,0.09%,0.01%,0.08%,0.01%,0.19%,0.01%,0.04%,0.01%,0.03%,0.01%,0.07%,0.01%,0.04%,0.01%,0.06%,0.00,0.00,0.00,0.00,0.00,0.00,0.00,0.00,0.00,0.00,0.00,0.00,0.00,0.00,0.00,0.00,0.00,0.00,0.00,0.00,0.00,0.00,0.00,0.00,234.92,236.52,237.38,0.00,0.00,0.00,2.01%,0.00,0.10%,1.03%,0.04%,1.56%,0.03%,0.52%,0.02%,0.44%,0.01%,0.08%,0.01%,0.06%,0.01%,0.18%,0.01%,0.04%,0.01%,0.02%,0.01%,0.08%,0.01%,0.02%,0.01%,0.04%,0.00,0.00,0.00,0.00,0.00,0.00,0.00,0.00,0.00,0.00,0.00,0.00,0.00,0.00,0.00,0.00,0.00,0.00,0.00,0.00,0.00,0.00,0.00,0.00,132,0.778,96,84,59.94,59.99,60.05
30-Jul-2018 06:50:00,10.000,Y,105.24,119.12,119.46,0.99,1.10,1.88,2.00%,0.18,0.13%,0.96%,0.05%,1.59%,0.03%,0.55%,0.02%,0.43%,0.02%,0.08%,0.02%,0.03%,0.01%,0.19%,0.01%,0.04%,0.01%,0.01%,0.01%,0.08%,0.01%,0.01%,0.01%,0.02%,0.01,0.09,0.00,0.08,0.00,0.07,0.00,0.09,0.00,0.05,0.00,0.03,0.00,0.03,0.00,0.02,0.00,0.02,0.00,0.02,0.00,0.02,0.00,0.01,104.20,117.78,118.80,0.00,0.00,0.94,2.12%,0.00,0.13%,1.13%,0.05%,1.64%,0.03%,0.51%,0.02%,0.42%,0.02%,0.11%,0.02%,0.07%,0.01%,0.20%,0.01%,0.06%,0.01%,0.04%,0.01%,0.06%,0.01%,0.03%,0.01%,0.06%,0.00,0.00,0.00,0.00,0.00,0.00,0.00,0.00,0.00,0.00,0.00,0.00,0.00,0.00,0.00,0.00,0.00,0.00,0.00,0.00,0.00,0.00,0.00,0.00,208.78,236.10,237.10,0.00,0.00,0.00,2.06%,0.00,0.13%,1.04%,0.05%,1.61%,0.03%,0.53%,0.02%,0.42%,0.02%,0.09%,0.01%,0.05%,0.01%,0.19%,0.01%,0.05%,0.01%,0.02%,0.01%,0.07%,0.01%,0.02%,0.01%,0.03%,0.00,0.00,0.00,0.00,0.00,0.00,0.00,0.00,0.00,0.00,0.00,0.00,0.00,0.00,0.00,0.00,0.00,0.00,0.00,0.00,0.00,0.00,0.00,0.00,132,0.776,96,84,59.93,60.00,60.07
30-Jul-2018 07:00:00,10.000,Y,117.08,118.38,119.02,1.01,1.10,1.16,1.96%,0.18,0.15%,0.98%,0.06%,1.52%,0.04%,0.54%,0.03%,0.43%,0.02%,0.07%,0.02%,0.05%,0.02%,0.19%,0.02%,0.03%,0.01%,0.02%,0.01%,0.07%,0.01%,0.01%,0.01%,0.03%,0.01,0.08,0.00,0.08,0.00,0.07,0.00,0.09,0.00,0.05,0.00,0.03,0.00,0.03,0.00,0.02,0.00,0.02,0.00,0.02,0.00,0.02,0.00,0.01,116.58,118.18,119.26,0.00,0.00,0.33,2.03%,0.00,0.15%,1.05%,0.06%,1.58%,0.04%,0.50%,0.03%,0.40%,0.02%,0.10%,0.02%,0.07%,0.02%,0.19%,0.01%,0.05%,0.01%,0.04%,0.01%,0.06%,0.01%,0.02%,0.01%,0.05%,0.00,0.00,0.00,0.00,0.00,0.00,0.00,0.00,0.00,0.00,0.00,0.00,0.00,0.00,0.00,0.00,0.00,0.00,0.00,0.00,0.00,0.00,0.00,0.00,233.22,235.78,236.74,0.00,0.00,0.00,1.99%,0.00,0.15%,1.02%,0.06%,1.55%,0.04%,0.52%,0.03%,0.42%,0.02%,0.08%,0.02%,0.06%,0.02%,0.19%,0.01%,0.04%,0.01%,0.03%,0.01%,0.07%,0.01%,0.01%,0.01%,0.04%,0.00,0.00,0.00,0.00,0.00,0.00,0.00,0.00,0.00,0.00,0.00,0.00,0.00,0.00,0.00,0.00,0.00,0.00,0.00,0.00,0.00,0.00,0.00,0.00,132,0.780,96,72,59.95,60.02,60.07
30-Jul-2018 07:10:00,10.000,Y,116.46,117.82,118.38,1.00,1.09,1.17,1.95%,0.18,0.14%,0.98%,0.05%,1.52%,0.03%,0.51%,0.02%,0.41%,0.02%,0.04%,0.02%,0.05%,0.01%,0.19%,0.01%,0.03%,0.01%,0.02%,0.01%,0.08%,0.01%,0.02%,0.01%,0.02%,0.01,0.09,0.00,0.08,0.00,0.07,0.00,0.08,0.00,0.05,0.00,0.03,0.00,0.03,0.00,0.02,0.00,0.02,0.00,0.02,0.00,0.02,0.00,0.01,117.20,118.42,118.92,0.00,0.00,0.32,2.00%,0.00,0.14%,1.03%,0.05%,1.57%,0.03%,0.48%,0.02%,0.40%,0.02%,0.09%,0.02%,0.06%,0.02%,0.18%,0.01%,0.04%,0.01%,0.05%,0.01%,0.07%,0.01%,0.02%,0.01%,0.04%,0.00,0.00,0.00,0.00,0.00,0.00,0.00,0.00,0.00,0.00,0.00,0.00,0.00,0.00,0.00,0.00,0.00,0.00,0.00,0.00,0.00,0.00,0.00,0.00,233.12,235.44,236.36,0.00,0.00,0.00,1.97%,0.00,0.14%,1.01%,0.05%,1.54%,0.03%,0.49%,0.02%,0.40%,0.02%,0.06%,0.01%,0.05%,0.01%,0.18%,0.01%,0.04%,0.01%,0.03%,0.01%,0.07%,0.01%,0.02%,0.01%,0.03%,0.00,0.00,0.00,0.00,0.00,0.00,0.00,0.00,0.00,0.00,0.00,0.00,0.00,0.00,0.00,0.00,0.00,0.00,0.00,0.00,0.00,0.00,0.00,0.00,132,0.781,96,72,59.94,60.00,60.06
30-Jul-2018 07:20:00,10.000,Y,116.86,118.00,118.64,1.00,1.10,1.17,2.13%,0.17,0.09%,1.13%,0.03%,1.68%,0.02%,0.47%,0.02%,0.39%,0.01%,0.07%,0.01%,0.06%,0.01%,0.19%,0.01%,0.03%,0.01%,0.02%,0.01%,0.09%,0.01%,0.02%,0.01%,0.03%,0.01,0.08,0.00,0.08,0.00,0.07,0.00,0.08,0.00,0.05,0.00,0.03,0.00,0.02,0.00,0.02,0.00,0.02,0.00,0.02,0.00,0.02,0.00,0.01,117.20,118.36,118.92,0.00,0.00,0.33,2.15%,0.00,0.09%,1.10%,0.03%,1.72%,0.02%,0.48%,0.02%,0.40%,0.01%,0.10%,0.01%,0.06%,0.01%,0.19%,0.01%,0.05%,0.01%,0.04%,0.01%,0.07%,0.01%,0.03%,0.01%,0.05%,0.00,0.00,0.00,0.00,0.00,0.00,0.00,0.00,0.00,0.00,0.00,0.00,0.00,0.00,0.00,0.00,0.00,0.00,0.00,0.00,0.00,0.00,0.00,0.00,233.80,235.56,236.64,0.00,0.00,0.00,2.14%,0.00,0.09%,1.12%,0.03%,1.70%,0.02%,0.48%,0.02%,0.40%,0.01%,0.08%,0.01%,0.05%,0.01%,0.19%,0.01%,0.04%,0.01%,0.03%,0.01%,0.08%,0.01%,0.02%,0.01%,0.04%,0.00,0.00,0.00,0.00,0.00,0.00,0.00,0.00,0.00,0.00,0.00,0.00,0.00,0.00,0.00,0.00,0.00,0.00,0.00,0.00,0.00,0.00,0.00,0.00,132,0.784,96,72,59.93,59.98,60.04
30-Jul-2018 07:30:00,10.000,Y,115.62,117.40,118.22,1.01,1.09,1.16,2.11%,0.17,0.11%,1.09%,0.04%,1.67%,0.03%,0.47%,0.02%,0.41%,0.02%,0.07%,0.01%,0.05%,0.01%,0.19%,0.01%,0.04%,0.01%,0.02%,0.01%,0.07%,0.01%,0.02%,0.01%,0.03%,0.01,0.08,0.00,0.08,0.00,0.07,0.00,0.08,0.00,0.05,0.00,0.03,0.00,0.02,0.00,0.02,0.00,0.02,0.00,0.02,0.00,0.02,0.00,0.01,117.48,118.76,119.14,0.00,0.00,0.32,2.17%,0.00,0.11%,1.09%,0.04%,1.73%,0.03%,0.49%,0.02%,0.44%,0.02%,0.09%,0.01%,0.06%,0.01%,0.19%,0.01%,0.04%,0.01%,0.04%,0.01%,0.07%,0.01%,0.04%,0.01%,0.05%,0.00,0.00,0.00,0.00,0.00,0.00,0.00,0.00,0.00,0.00,0.00,0.00,0.00,0.00,0.00,0.00,0.00,0.00,0.00,0.00,0.00,0.00,0.00,0.00,233.38,235.38,236.44,0.00,0.00,0.00,2.13%,0.00,0.11%,1.09%,0.04%,1.70%,0.03%,0.48%,0.02%,0.43%,0.02%,0.08%,0.01%,0.05%,0.01%,0.19%,0.01%,0.04%,0.01%,0.03%,0.01%,0.07%,0.01%,0.03%,0.01%,0.04%,0.00,0.00,0.00,0.00,0.00,0.00,0.00,0.00,0.00,0.00,0.00,0.00,0.00,0.00,0.00,0.00,0.00,0.00,0.00,0.00,0.00,0.00,0.00,0.00,132,0.786,96,72,59.93,60.00,60.05
30-Jul-2018 07:40:00,10.000,Y,115.42,117.12,117.92,1.01,1.09,1.15,2.12%,0.17,0.13%,1.13%,0.04%,1.65%,0.03%,0.46%,0.02%,0.42%,0.02%,0.07%,0.01%,0.06%,0.01%,0.19%,0.01%,0.04%,0.01%,0.02%,0.01%,0.08%,0.01%,0.02%,0.01%,0.04%,0.01,0.08,0.00,0.08,0.00,0.07,0.00,0.08,0.00,0.05,0.00,0.03,0.00,0.02,0.00,0.02,0.00,0.02,0.00,0.02,0.00,0.02,0.00,0.01,116.70,118.00,118.78,0.00,0.00,0.32,2.16%,0.00,0.12%,1.11%,0.04%,1.71%,0.03%,0.47%,0.02%,0.43%,0.02%,0.10%,0.02%,0.06%,0.01%,0.18%,0.01%,0.05%,0.01%,0.04%,0.01%,0.07%,0.01%,0.03%,0.01%,0.05%,0.00,0.00,0.00,0.00,0.00,0.00,0.00,0.00,0.00,0.00,0.00,0.00,0.00,0.00,0.00,0.00,0.00,0.00,0.00,0.00,0.00,0.00,0.00,0.00,231.58,234.34,235.78,0.00,0.00,0.00,2.13%,0.00,0.12%,1.12%,0.04%,1.68%,0.03%,0.46%,0.02%,0.42%,0.02%,0.08%,0.01%,0.06%,0.01%,0.18%,0.01%,0.04%,0.01%,0.03%,0.01%,0.07%,0.01%,0.02%,0.01%,0.04%,0.00,0.00,0.00,0.00,0.00,0.00,0.00,0.00,0.00,0.00,0.00,0.00,0.00,0.00,0.00,0.00,0.00,0.00,0.00,0.00,0.00,0.00,0.00,0.00,132,0.785,96,72,59.95,60.00,60.06
30-Jul-2018 07:50:00,10.000,Y,116.16,118.08,118.66,1.01,1.09,1.15,2.07%,0.18,0.13%,1.09%,0.05%,1.59%,0.03%,0.52%,0.02%,0.46%,0.02%,0.04%,0.02%,0.05%,0.01%,0.21%,0.01%,0.04%,0.01%,0.02%,0.01%,0.07%,0.01%,0.02%,0.01%,0.03%,0.01,0.08,0.00,0.08,0.00,0.07,0.00,0.08,0.00,0.06,0.00,0.04,0.00,0.03,0.00,0.02,0.00,0.02,0.00,0.02,0.00,0.02,0.00,0.01,116.68,118.20,119.02,0.00,0.00,0.33,2.07%,0.00,0.13%,1.09%,0.05%,1.62%,0.03%,0.47%,0.02%,0.43%,0.02%,0.09%,0.02%,0.06%,0.01%,0.18%,0.01%,0.04%,0.01%,0.04%,0.01%,0.06%,0.01%,0.03%,0.01%,0.04%,0.00,0.00,0.00,0.00,0.00,0.00,0.00,0.00,0.00,0.00,0.00,0.00,0.00,0.00,0.00,0.00,0.00,0.00,0.00,0.00,0.00,0.00,0.00,0.00,233.14,235.48,236.46,0.00,0.00,0.00,2.07%,0.00,0.13%,1.09%,0.05%,1.60%,0.03%,0.50%,0.02%,0.44%,0.02%,0.07%,0.02%,0.05%,0.01%,0.19%,0.01%,0.04%,0.01%,0.03%,0.01%,0.06%,0.01%,0.03%,0.01%,0.03%,0.00,0.00,0.00,0.00,0.00,0.00,0.00,0.00,0.00,0.00,0.00,0.00,0.00,0.00,0.00,0.00,0.00,0.00,0.00,0.00,0.00,0.00,0.00,0.00,132,0.780,96,72,59.94,60.00,60.07
30-Jul-2018 08:00:00,10.000,Y,116.82,118.08,118.82,1.01,1.51,16.47,2.06%,0.47,0.14%,1.10%,0.05%,1.56%,0.03%,0.52%,0.02%,0.46%,0.02%,0.07%,0.02%,0.06%,0.02%,0.23%,0.01%,0.05%,0.01%,0.03%,0.01%,0.10%,0.01%,0.02%,0.01%,0.02%,0.01,0.30,0.00,0.20,0.00,0.15,0.00,0.16,0.00,0.12,0.00,0.08,0.00,0.07,0.00,0.06,0.00,0.04,0.00,0.03,0.00,0.03,0.00,0.02,115.96,117.76,118.50,0.10,0.10,3.16,2.06%,0.03,0.14%,1.10%,0.05%,1.58%,0.03%,0.48%,0.03%,0.43%,0.02%,0.09%,0.02%,0.07%,0.01%,0.19%,0.01%,0.04%,0.01%,0.05%,0.01%,0.06%,0.01%,0.03%,0.01%,0.04%,0.00,0.02,0.00,0.02,0.00,0.01,0.00,0.01,0.00,0.00,0.00,0.00,0.00,0.00,0.00,0.00,0.00,0.00,0.00,0.00,0.00,0.00,0.00,0.00,232.74,235.04,236.08,0.00,0.00,0.00,2.05%,0.00,0.14%,1.10%,0.05%,1.57%,0.03%,0.50%,0.02%,0.45%,0.02%,0.07%,0.02%,0.05%,0.01%,0.21%,0.01%,0.04%,0.01%,0.03%,0.01%,0.07%,0.01%,0.02%,0.01%,0.03%,0.00,0.00,0.00,0.00,0.00,0.00,0.00,0.00,0.00,0.00,0.00,0.00,0.00,0.00,0.00,0.00,0.00,0.00,0.00,0.00,0.00,0.00,0.00,0.00,192,0.786,156,72,59.96,60.01,60.08
30-Jul-2018 08:10:00,10.000,Y,116.06,118.00,118.72,3.89,4.27,4.48,2.08%,2.55,0.15%,1.18%,0.06%,1.47%,0.03%,0.53%,0.03%,0.54%,0.02%,0.12%,0.02%,0.09%,0.02%,0.31%,0.02%,0.14%,0.01%,0.07%,0.01%,0.15%,0.01%,0.06%,0.01%,0.02%,0.01,1.82,0.01,1.10,0.01,0.79,0.01,0.75,0.01,0.57,0.01,0.40,0.01,0.36,0.01,0.29,0.01,0.19,0.01,0.16,0.01,0.12,0.01,0.06,114.42,117.32,118.04,0.53,0.86,1.21,2.06%,0.31,0.15%,1.07%,0.06%,1.61%,0.03%,0.49%,0.03%,0.41%,0.02%,0.10%,0.02%,0.07%,0.02%,0.17%,0.01%,0.04%,0.01%,0.05%,0.01%,0.06%,0.01%,0.03%,0.01%,0.05%,0.00,0.21,0.00,0.18,0.00,0.10,0.00,0.05,0.00,0.01,0.00,0.03,0.00,0.03,0.00,0.03,0.00,0.00,0.00,0.00,0.00,0.02,0.00,0.01,229.72,234.54,235.44,0.00,0.00,0.00,2.06%,0.00,0.15%,1.13%,0.06%,1.54%,0.03%,0.50%,0.03%,0.48%,0.02%,0.09%,0.02%,0.03%,0.02%,0.23%,0.01%,0.08%,0.01%,0.02%,0.01%,0.10%,0.01%,0.02%,0.01%,0.02%,0.00,0.00,0.00,0.00,0.00,0.00,0.00,0.00,0.00,0.00,0.00,0.00,0.00,0.00,0.00,0.00,0.00,0.00,0.00,0.00,0.00,0.00,0.00,0.00,600,0.840,492,12,59.93,60.01,60.06
30-Jul-2018 08:20:00,10.000,Y,116.52,118.10,118.64,3.62,3.82,4.46,2.08%,2.19,0.09%,1.18%,0.04%,1.48%,0.02%,0.55%,0.02%,0.53%,0.02%,0.10%,0.01%,0.09%,0.01%,0.30%,0.01%,0.11%,0.01%,0.05%,0.01%,0.15%,0.01%,0.05%,0.01%,0.02%,0.01,1.58,0.01,0.94,0.01,0.68,0.01,0.64,0.01,0.47,0.01,0.33,0.01,0.30,0.01,0.24,0.01,0.16,0.00,0.14,0.00,0.11,0.00,0.07,114.56,116.88,118.26,0.63,0.86,1.42,2.09%,0.32,0.09%,1.13%,0.04%,1.61%,0.02%,0.51%,0.02%,0.42%,0.02%,0.12%,0.01%,0.07%,0.01%,0.19%,0.01%,0.04%,0.01%,0.06%,0.01%,0.06%,0.01%,0.04%,0.01%,0.05%,0.00,0.23,0.00,0.18,0.00,0.10,0.00,0.05,0.00,0.02,0.00,0.04,0.00,0.03,0.00,0.03,0.00,0.00,0.00,0.01,0.00,0.01,0.00,0.01,230.86,234.18,235.68,0.00,0.00,0.00,2.08%,0.00,0.09%,1.15%,0.04%,1.54%,0.02%,0.53%,0.02%,0.48%,0.02%,0.09%,0.01%,0.04%,0.01%,0.24%,0.01%,0.07%,0.01%,0.01%,0.01%,0.10%,0.01%,0.02%,0.01%,0.02%,0.00,0.00,0.00,0.00,0.00,0.00,0.00,0.00,0.00,0.00,0.00,0.00,0.00,0.00,0.00,0.00,0.00,0.00,0.00,0.00,0.00,0.00,0.00,0.00,552,0.834,456,24,59.94,59.98,60.03
30-Jul-2018 08:30:00,10.000,Y,116.58,117.90,118.30,3.65,3.81,4.22,2.11%,2.17,0.13%,1.22%,0.05%,1.47%,0.03%,0.58%,0.02%,0.54%,0.02%,0.09%,0.02%,0.09%,0.01%,0.30%,0.01%,0.11%,0.01%,0.05%,0.01%,0.15%,0.01%,0.04%,0.01%,0.02%,0.01,1.57,0.01,0.93,0.01,0.67,0.01,0.64,0.01,0.46,0.01,0.32,0.01,0.30,0.01,0.23,0.01,0.16,0.01,0.14,0.01,0.11,0.01,0.07,116.82,117.72,118.08,0.64,0.72,1.36,2.10%,0.34,0.14%,1.16%,0.05%,1.60%,0.03%,0.49%,0.02%,0.40%,0.02%,0.12%,0.02%,0.08%,0.01%,0.19%,0.01%,0.04%,0.01%,0.05%,0.01%,0.07%,0.01%,0.03%,0.01%,0.05%,0.01,0.25,0.01,0.18,0.01,0.11,0.00,0.06,0.00,0.01,0.00,0.03,0.00,0.03,0.00,0.03,0.00,0.00,0.00,0.01,0.00,0.01,0.00,0.01,233.38,234.82,235.42,0.00,0.00,0.00,2.10%,0.00,0.14%,1.19%,0.05%,1.54%,0.03%,0.53%,0.02%,0.47%,0.02%,0.08%,0.01%,0.04%,0.01%,0.24%,0.01%,0.07%,0.01%,0.01%,0.01%,0.10%,0.01%,0.02%,0.01%,0.02%,0.00,0.00,0.00,0.00,0.00,0.00,0.00,0.00,0.00,0.00,0.00,0.00,0.00,0.00,0.00,0.00,0.00,0.00,0.00,0.00,0.00,0.00,0.00,0.00,528,0.824,432,24,59.96,60.01,60.05
30-Jul-2018 08:40:00,10.000,Y,116.36,117.64,118.26,3.64,3.88,4.77,2.11%,2.19,0.13%,1.24%,0.05%,1.46%,0.03%,0.58%,0.02%,0.54%,0.02%,0.10%,0.02%,0.09%,0.01%,0.30%,0.01%,0.11%,0.01%,0.05%,0.01%,0.15%,0.01%,0.03%,0.01%,0.02%,0.01,1.61,0.01,0.93,0.01,0.68,0.01,0.64,0.01,0.45,0.01,0.32,0.01,0.30,0.01,0.23,0.01,0.15,0.01,0.14,0.01,0.11,0.01,0.07,115.80,117.66,118.36,0.62,0.73,1.23,2.11%,0.34,0.13%,1.16%,0.05%,1.60%,0.03%,0.50%,0.02%,0.39%,0.02%,0.12%,0.01%,0.08%,0.01%,0.19%,0.01%,0.04%,0.01%,0.05%,0.01%,0.07%,0.01%,0.04%,0.01%,0.05%,0.00,0.25,0.00,0.18,0.00,0.11,0.00,0.06,0.00,0.01,0.00,0.03,0.00,0.03,0.00,0.03,0.00,0.00,0.00,0.01,0.00,0.01,0.00,0.01,232.56,234.50,235.40,0.00,0.00,0.00,2.10%,0.00,0.13%,1.20%,0.05%,1.53%,0.03%,0.53%,0.02%,0.46%,0.02%,0.09%,0.01%,0.05%,0.01%,0.24%,0.01%,0.07%,0.01%,0.01%,0.01%,0.10%,0.01%,0.02%,0.01%,0.02%,0.00,0.00,0.00,0.00,0.00,0.00,0.00,0.00,0.00,0.00,0.00,0.00,0.00,0.00,0.00,0.00,0.00,0.00,0.00,0.00,0.00,0.00,0.00,0.00,540,0.826,444,24,59.97,60.01,60.05
30-Jul-2018 08:50:00,10.000,Y,116.72,117.80,118.60,3.97,4.12,4.27,2.17%,2.39,0.13%,1.25%,0.05%,1.53%,0.03%,0.57%,0.03%,0.56%,0.02%,0.09%,0.02%,0.09%,0.01%,0.31%,0.01%,0.11%,0.01%,0.06%,0.01%,0.15%,0.01%,0.04%,0.01%,0.02%,0.01,1.74,0.01,1.00,0.01,0.74,0.01,0.71,0.01,0.50,0.01,0.36,0.01,0.33,0.01,0.25,0.01,0.17,0.01,0.16,0.01,0.12,0.00,0.08,115.16,117.12,117.74,0.63,0.72,1.23,2.18%,0.33,0.12%,1.18%,0.05%,1.69%,0.03%,0.49%,0.02%,0.40%,0.02%,0.11%,0.02%,0.09%,0.01%,0.19%,0.01%,0.04%,0.01%,0.05%,0.01%,0.07%,0.01%,0.04%,0.01%,0.05%,0.00,0.24,0.00,0.17,0.00,0.11,0.00,0.06,0.00,0.01,0.00,0.03,0.00,0.03,0.00,0.03,0.00,0.01,0.00,0.01,0.00,0.01,0.00,0.01,232.04,234.14,235.02,0.00,0.00,0.00,2.16%,0.00,0.12%,1.21%,0.05%,1.61%,0.03%,0.52%,0.02%,0.47%,0.02%,0.07%,0.01%,0.05%,0.01%,0.25%,0.01%,0.06%,0.01%,0.01%,0.01%,0.11%,0.01%,0.01%,0.01%,0.02%,0.00,0.00,0.00,0.00,0.00,0.00,0.00,0.00,0.00,0.00,0.00,0.00,0.00,0.00,0.00,0.00,0.00,0.00,0.00,0.00,0.00,0.00,0.00,0.00,564,0.818,468,24,59.94,60.00,60.06
30-Jul-2018 09:00:00,10.000,Y,117.32,118.20,118.96,3.63,3.83,4.28,2.16%,2.15,0.14%,1.23%,0.05%,1.53%,0.03%,0.58%,0.02%,0.57%,0.02%,0.08%,0.01%,0.09%,0.01%,0.31%,0.01%,0.10%,0.01%,0.05%,0.01%,0.16%,0.01%,0.04%,0.01%,0.03%,0.02,1.58,0.01,0.89,0.01,0.66,0.01,0.63,0.01,0.44,0.01,0.32,0.01,0.30,0.01,0.23,0.01,0.16,0.01,0.15,0.01,0.11,0.00,0.07,115.20,117.64,118.56,0.63,0.72,1.20,2.19%,0.33,0.14%,1.21%,0.05%,1.67%,0.03%,0.51%,0.02%,0.43%,0.02%,0.13%,0.01%,0.10%,0.01%,0.20%,0.01%,0.04%,0.01%,0.05%,0.01%,0.07%,0.01%,0.04%,0.01%,0.05%,0.00,0.24,0.00,0.17,0.00,0.11,0.00,0.06,0.00,0.01,0.00,0.03,0.00,0.03,0.00,0.03,0.00,0.01,0.00,0.01,0.00,0.01,0.00,0.01,232.92,235.04,236.08,0.00,0.00,0.00,2.17%,0.00,0.14%,1.22%,0.05%,1.60%,0.03%,0.54%,0.02%,0.49%,0.02%,0.08%,0.01%,0.06%,0.01%,0.25%,0.01%,0.06%,0.01%,0.01%,0.01%,0.11%,0.01%,0.01%,0.01%,0.02%,0.00,0.00,0.00,0.00,0.00,0.00,0.00,0.00,0.00,0.00,0.00,0.00,0.00,0.00,0.00,0.00,0.00,0.00,0.00,0.00,0.00,0.00,0.00,0.00,528,0.827,444,36,59.95,60.01,60.06
30-Jul-2018 09:10:00,10.000,Y,117.08,118.22,119.04,3.68,4.08,4.81,2.17%,2.34,0.15%,1.26%,0.06%,1.50%,0.04%,0.57%,0.02%,0.58%,0.02%,0.11%,0.02%,0.10%,0.02%,0.32%,0.01%,0.11%,0.01%,0.05%,0.01%,0.16%,0.01%,0.05%,0.01%,0.02%,0.02,1.70,0.01,0.97,0.01,0.73,0.01,0.70,0.01,0.50,0.01,0.36,0.01,0.34,0.01,0.26,0.01,0.18,0.01,0.15,0.01,0.11,0.01,0.07,114.40,116.76,117.92,0.64,0.73,1.38,2.19%,0.33,0.15%,1.25%,0.06%,1.65%,0.04%,0.47%,0.02%,0.43%,0.02%,0.14%,0.02%,0.10%,0.02%,0.18%,0.01%,0.04%,0.01%,0.06%,0.01%,0.07%,0.01%,0.03%,0.01%,0.05%,0.01,0.25,0.00,0.17,0.00,0.11,0.00,0.05,0.00,0.01,0.00,0.03,0.00,0.03,0.00,0.03,0.00,0.01,0.00,0.01,0.00,0.01,0.00,0.01,231.30,234.18,235.06,0.00,0.00,0.00,2.17%,0.00,0.15%,1.25%,0.05%,1.57%,0.03%,0.51%,0.02%,0.51%,0.02%,0.09%,0.02%,0.06%,0.01%,0.24%,0.01%,0.07%,0.01%,0.02%,0.01%,0.11%,0.01%,0.02%,0.01%,0.02%,0.00,0.00,0.00,0.00,0.00,0.00,0.00,0.00,0.00,0.00,0.00,0.00,0.00,0.00,0.00,0.00,0.00,0.00,0.00,0.00,0.00,0.00,0.00,0.00,564,0.820,468,24,59.96,60.01,60.05
30-Jul-2018 09:20:00,10.000,Y,116.58,117.72,118.12,3.86,4.04,4.21,2.20%,2.33,0.14%,1.27%,0.05%,1.54%,0.03%,0.58%,0.02%,0.58%,0.02%,0.09%,0.02%,0.11%,0.02%,0.32%,0.01%,0.11%,0.01%,0.05%,0.01%,0.16%,0.01%,0.04%,0.01%,0.02%,0.01,1.67,0.01,0.96,0.01,0.74,0.01,0.71,0.01,0.51,0.01,0.37,0.01,0.34,0.01,0.26,0.01,0.18,0.01,0.16,0.01,0.11,0.01,0.08,116.64,117.76,118.06,0.63,0.72,1.20,2.18%,0.33,0.14%,1.18%,0.06%,1.67%,0.04%,0.51%,0.03%,0.41%,0.02%,0.13%,0.02%,0.12%,0.02%,0.19%,0.01%,0.04%,0.01%,0.06%,0.01%,0.07%,0.01%,0.04%,0.01%,0.06%,0.01,0.24,0.00,0.17,0.00,0.11,0.00,0.05,0.00,0.01,0.00,0.03,0.00,0.03,0.00,0.03,0.00,0.01,0.00,0.01,0.00,0.01,0.00,0.01,232.44,234.68,235.22,0.00,0.00,0.00,2.18%,0.00,0.14%,1.23%,0.05%,1.61%,0.03%,0.54%,0.02%,0.49%,0.02%,0.08%,0.02%,0.07%,0.02%,0.25%,0.01%,0.06%,0.01%,0.02%,0.01%,0.11%,0.01%,0.02%,0.01%,0.02%,0.00,0.00,0.00,0.00,0.00,0.00,0.00,0.00,0.00,0.00,0.00,0.00,0.00,0.00,0.00,0.00,0.00,0.00,0.00,0.00,0.00,0.00,0.00,0.00,552,0.818,456,24,59.95,60.01,60.08
30-Jul-2018 09:30:00,10.000,Y,115.72,117.42,117.80,3.56,3.92,4.13,2.23%,2.23,0.12%,1.30%,0.05%,1.55%,0.03%,0.58%,0.02%,0.58%,0.02%,0.07%,0.02%,0.12%,0.01%,0.32%,0.01%,0.10%,0.01%,0.04%,0.01%,0.16%,0.01%,0.04%,0.01%,0.03%,0.02,1.60,0.01,0.90,0.01,0.71,0.01,0.69,0.01,0.49,0.01,0.37,0.01,0.33,0.01,0.25,0.01,0.17,0.01,0.15,0.01,0.11,0.00,0.07,115.52,117.32,117.86,0.64,0.74,1.33,2.21%,0.34,0.13%,1.26%,0.06%,1.67%,0.04%,0.49%,0.03%,0.40%,0.03%,0.13%,0.01%,0.10%,0.02%,0.19%,0.01%,0.04%,0.01%,0.06%,0.01%,0.07%,0.01%,0.03%,0.01%,0.05%,0.01,0.25,0.01,0.18,0.01,0.11,0.00,0.06,0.00,0.01,0.00,0.03,0.00,0.03,0.00,0.03,0.00,0.01,0.00,0.01,0.00,0.01,0.00,0.01,230.46,233.94,234.86,0.00,0.00,0.00,2.21%,0.00,0.12%,1.28%,0.05%,1.61%,0.03%,0.53%,0.03%,0.49%,0.02%,0.08%,0.01%,0.07%,0.01%,0.25%,0.01%,0.06%,0.01%,0.01%,0.01%,0.11%,0.01%,0.02%,0.01%,0.02%,0.00,0.00,0.00,0.00,0.00,0.00,0.00,0.00,0.00,0.00,0.00,0.00,0.00,0.00,0.00,0.00,0.00,0.00,0.00,0.00,0.00,0.00,0.00,0.00,540,0.825,444,24,59.94,60.00,60.04
30-Jul-2018 09:40:00,10.000,Y,115.88,116.96,117.58,3.59,9.68,16.80,2.27%,2.08,0.14%,1.34%,0.05%,1.57%,0.03%,0.61%,0.02%,0.58%,0.02%,0.07%,0.02%,0.11%,0.01%,0.32%,0.01%,0.09%,0.01%,0.04%,0.01%,0.16%,0.01%,0.03%,0.01%,0.03%,0.02,1.45,0.01,0.87,0.01,0.71,0.01,0.66,0.01,0.46,0.01,0.34,0.01,0.30,0.01,0.22,0.01,0.15,0.01,0.14,0.01,0.10,0.00,0.07,116.42,117.28,117.60,0.62,0.73,1.19,2.19%,0.33,0.14%,1.24%,0.05%,1.64%,0.03%,0.50%,0.02%,0.43%,0.02%,0.13%,0.02%,0.10%,0.01%,0.18%,0.01%,0.04%,0.01%,0.06%,0.01%,0.06%,0.01%,0.03%,0.01%,0.05%,0.00,0.24,0.00,0.18,0.00,0.11,0.00,0.06,0.00,0.01,0.00,0.03,0.00,0.03,0.00,0.03,0.00,0.01,0.00,0.01,0.00,0.01,0.00,0.01,231.58,233.44,234.04,0.00,0.00,0.00,2.22%,0.00,0.14%,1.29%,0.05%,1.61%,0.03%,0.55%,0.02%,0.50%,0.02%,0.07%,0.02%,0.07%,0.01%,0.24%,0.01%,0.05%,0.01%,0.02%,0.01%,0.11%,0.01%,0.01%,0.01%,0.03%,0.00,0.00,0.00,0.00,0.00,0.00,0.00,0.00,0.00,0.00,0.00,0.00,0.00,0.00,0.00,0.00,0.00,0.00,0.00,0.00,0.00,0.00,0.00,0.00,1212,0.959,1176,12,59.97,60.00,60.04
30-Jul-2018 09:50:00,10.000,Y,114.92,116.98,117.58,3.52,4.91,14.51,2.27%,2.18,0.13%,1.35%,0.05%,1.56%,0.03%,0.60%,0.02%,0.59%,0.02%,0.08%,0.01%,0.10%,0.01%,0.32%,0.01%,0.11%,0.01%,0.05%,0.01%,0.16%,0.01%,0.04%,0.01%,0.04%,0.03,1.60,0.02,0.80,0.01,0.67,0.01,0.65,0.01,0.46,0.01,0.34,0.01,0.31,0.01,0.23,0.01,0.15,0.01,0.14,0.01,0.10,0.00,0.07,115.38,116.80,117.56,0.63,0.74,1.24,2.22%,0.33,0.13%,1.29%,0.05%,1.65%,0.03%,0.50%,0.02%,0.41%,0.02%,0.12%,0.01%,0.11%,0.01%,0.17%,0.01%,0.05%,0.01%,0.07%,0.01%,0.06%,0.01%,0.03%,0.01%,0.05%,0.00,0.24,0.00,0.18,0.00,0.11,0.00,0.06,0.00,0.01,0.00,0.03,0.00,0.03,0.00,0.03,0.00,0.01,0.00,0.01,0.00,0.01,0.00,0.01,231.02,233.00,234.10,0.00,0.00,0.00,2.23%,0.00,0.13%,1.32%,0.05%,1.61%,0.03%,0.55%,0.02%,0.50%,0.02%,0.08%,0.01%,0.06%,0.01%,0.24%,0.01%,0.06%,0.01%,0.02%,0.01%,0.11%,0.01%,0.01%,0.01%,0.03%,0.00,0.00,0.00,0.00,0.00,0.00,0.00,0.00,0.00,0.00,0.00,0.00,0.00,0.00,0.00,0.00,0.00,0.00,0.00,0.00,0.00,0.00,0.00,0.00,660,0.849,564,36,59.97,60.00,60.04
30-Jul-2018 10:00:00,10.000,Y,116.26,117.32,117.64,3.57,4.28,10.79,2.23%,2.13,0.11%,1.31%,0.05%,1.53%,0.03%,0.61%,0.02%,0.60%,0.02%,0.10%,0.01%,0.10%,0.01%,0.32%,0.01%,0.12%,0.01%,0.04%,0.01%,0.15%,0.01%,0.04%,0.01%,0.03%,0.01,1.52,0.01,0.86,0.01,0.70,0.01,0.68,0.01,0.49,0.01,0.35,0.01,0.31,0.01,0.22,0.01,0.14,0.00,0.13,0.00,0.10,0.00,0.07,115.02,116.46,117.24,0.64,0.75,1.42,2.17%,0.35,0.11%,1.24%,0.05%,1.63%,0.03%,0.50%,0.02%,0.42%,0.02%,0.11%,0.01%,0.10%,0.01%,0.18%,0.01%,0.04%,0.01%,0.06%,0.01%,0.06%,0.01%,0.04%,0.01%,0.05%,0.00,0.25,0.00,0.19,0.00,0.12,0.00,0.06,0.00,0.01,0.00,0.03,0.00,0.03,0.00,0.03,0.00,0.01,0.00,0.01,0.00,0.01,0.00,0.01,230.64,232.98,234.02,0.00,0.00,0.00,2.19%,0.00,0.11%,1.28%,0.05%,1.58%,0.03%,0.55%,0.02%,0.51%,0.02%,0.07%,0.01%,0.06%,0.01%,0.25%,0.01%,0.07%,0.01%,0.02%,0.01%,0.10%,0.01%,0.02%,0.01%,0.03%,0.00,0.00,0.00,0.00,0.00,0.00,0.00,0.00,0.00,0.00,0.00,0.00,0.00,0.00,0.00,0.00,0.00,0.00,0.00,0.00,0.00,0.00,0.00,0.00,588,0.838,504,24,59.95,59.99,60.04
30-Jul-2018 10:10:00,10.000,Y,115.58,116.98,117.50,3.57,4.24,10.68,2.19%,2.09,0.12%,1.30%,0.05%,1.47%,0.03%,0.63%,0.02%,0.60%,0.02%,0.10%,0.01%,0.09%,0.01%,0.29%,0.01%,0.11%,0.01%,0.04%,0.01%,0.13%,0.01%,0.04%,0.01%,0.03%,0.01,1.50,0.01,0.86,0.01,0.70,0.01,0.66,0.01,0.46,0.01,0.31,0.01,0.28,0.01,0.20,0.01,0.13,0.01,0.13,0.01,0.10,0.00,0.07,114.78,115.98,116.64,0.65,0.76,1.37,2.20%,0.34,0.12%,1.28%,0.05%,1.62%,0.03%,0.52%,0.02%,0.44%,0.02%,0.11%,0.01%,0.09%,0.01%,0.19%,0.01%,0.05%,0.01%,0.06%,0.01%,0.06%,0.01%,0.04%,0.01%,0.05%,0.00,0.25,0.00,0.18,0.00,0.11,0.00,0.06,0.00,0.01,0.00,0.03,0.00,0.03,0.00,0.03,0.00,0.01,0.00,0.01,0.00,0.01,0.00,0.01,229.88,232.18,232.90,0.00,0.00,0.00,2.18%,0.00,0.12%,1.29%,0.05%,1.54%,0.03%,0.57%,0.02%,0.52%,0.02%,0.08%,0.01%,0.05%,0.01%,0.23%,0.01%,0.07%,0.01%,0.01%,0.01%,0.10%,0.01%,0.02%,0.01%,0.02%,0.00,0.00,0.00,0.00,0.00,0.00,0.00,0.00,0.00,0.00,0.00,0.00,0.00,0.00,0.00,0.00,0.00,0.00,0.00,0.00,0.00,0.00,0.00,0.00,576,0.839,492,24,59.97,60.00,60.08
30-Jul-2018 10:20:00,10.000,Y,115.14,116.40,117.32,3.54,4.20,10.55,2.17%,2.18,0.13%,1.33%,0.05%,1.44%,0.03%,0.60%,0.02%,0.59%,0.02%,0.10%,0.01%,0.09%,0.01%,0.28%,0.01%,0.09%,0.01%,0.04%,0.01%,0.13%,0.01%,0.03%,0.01%,0.03%,0.01,1.57,0.01,0.90,0.01,0.72,0.01,0.68,0.01,0.47,0.01,0.32,0.01,0.29,0.01,0.21,0.01,0.15,0.01,0.14,0.01,0.11,0.01,0.08,114.76,116.00,116.64,0.65,0.74,1.28,2.20%,0.33,0.13%,1.32%,0.05%,1.60%,0.03%,0.51%,0.02%,0.43%,0.02%,0.12%,0.01%,0.11%,0.01%,0.18%,0.01%,0.06%,0.01%,0.06%,0.01%,0.06%,0.01%,0.05%,0.01%,0.06%,0.00,0.24,0.00,0.18,0.00,0.11,0.00,0.06,0.00,0.01,0.00,0.03,0.00,0.03,0.00,0.03,0.00,0.01,0.00,0.01,0.00,0.01,0.00,0.01,229.48,231.62,232.92,0.00,0.00,0.00,2.18%,0.00,0.13%,1.33%,0.05%,1.52%,0.03%,0.55%,0.02%,0.51%,0.02%,0.08%,0.01%,0.06%,0.01%,0.23%,0.01%,0.07%,0.01%,0.02%,0.01%,0.09%,0.01%,0.02%,0.01%,0.02%,0.00,0.00,0.00,0.00,0.00,0.00,0.00,0.00,0.00,0.00,0.00,0.00,0.00,0.00,0.00,0.00,0.00,0.00,0.00,0.00,0.00,0.00,0.00,0.00,576,0.834,480,24,59.95,60.00,60.06
30-Jul-2018 10:30:00,10.000,Y,115.30,116.68,117.20,3.58,4.44,10.61,2.16%,2.30,0.14%,1.34%,0.05%,1.41%,0.04%,0.59%,0.03%,0.62%,0.02%,0.11%,0.02%,0.09%,0.01%,0.30%,0.01%,0.10%,0.01%,0.03%,0.01%,0.13%,0.01%,0.03%,0.01%,0.03%,0.02,1.63,0.01,0.95,0.01,0.76,0.01,0.73,0.01,0.51,0.01,0.35,0.01,0.31,0.01,0.23,0.01,0.15,0.01,0.15,0.01,0.12,0.01,0.08,114.98,115.94,116.50,0.65,0.74,1.22,2.18%,0.34,0.14%,1.30%,0.05%,1.59%,0.03%,0.49%,0.03%,0.44%,0.02%,0.11%,0.02%,0.12%,0.02%,0.19%,0.01%,0.04%,0.01%,0.07%,0.01%,0.06%,0.01%,0.05%,0.01%,0.06%,0.00,0.25,0.00,0.18,0.00,0.11,0.00,0.06,0.00,0.01,0.00,0.03,0.00,0.03,0.00,0.03,0.00,0.01,0.00,0.01,0.00,0.01,0.00,0.01,230.20,231.84,232.80,0.00,0.00,0.00,2.16%,0.00,0.14%,1.32%,0.05%,1.50%,0.03%,0.53%,0.03%,0.52%,0.02%,0.07%,0.02%,0.06%,0.01%,0.24%,0.01%,0.07%,0.01%,0.02%,0.01%,0.10%,0.01%,0.01%,0.01%,0.03%,0.00,0.00,0.00,0.00,0.00,0.00,0.00,0.00,0.00,0.00,0.00,0.00,0.00,0.00,0.00,0.00,0.00,0.00,0.00,0.00,0.00,0.00,0.00,0.00,600,0.830,504,24,59.97,60.00,60.05
30-Jul-2018 10:40:00,10.000,Y,115.52,116.76,117.18,3.15,4.67,11.59,2.21%,2.21,0.12%,1.36%,0.05%,1.44%,0.03%,0.63%,0.02%,0.60%,0.02%,0.10%,0.02%,0.09%,0.01%,0.30%,0.01%,0.11%,0.01%,0.04%,0.01%,0.14%,0.01%,0.04%,0.01%,0.04%,0.01,1.58,0.01,0.90,0.01,0.73,0.01,0.69,0.01,0.48,0.01,0.34,0.01,0.30,0.01,0.22,0.01,0.15,0.01,0.15,0.01,0.11,0.00,0.08,115.22,116.04,116.42,0.64,0.73,1.20,2.23%,0.34,0.12%,1.32%,0.05%,1.63%,0.03%,0.53%,0.02%,0.42%,0.02%,0.12%,0.01%,0.12%,0.01%,0.19%,0.01%,0.05%,0.01%,0.06%,0.01%,0.07%,0.01%,0.04%,0.01%,0.05%,0.00,0.25,0.00,0.18,0.00,0.11,0.00,0.06,0.00,0.01,0.00,0.03,0.00,0.03,0.00,0.03,0.00,0.01,0.00,0.01,0.00,0.01,0.00,0.01,230.64,232.02,232.70,0.00,0.00,0.00,2.20%,0.00,0.12%,1.34%,0.05%,1.54%,0.03%,0.58%,0.02%,0.51%,0.02%,0.08%,0.01%,0.07%,0.01%,0.24%,0.01%,0.07%,0.01%,0.02%,0.01%,0.11%,0.01%,0.01%,0.01%,0.03%,0.00,0.00,0.00,0.00,0.00,0.00,0.00,0.00,0.00,0.00,0.00,0.00,0.00,0.00,0.00,0.00,0.00,0.00,0.00,0.00,0.00,0.00,0.00,0.00,624,0.987,540,-12,59.93,60.00,60.07
30-Jul-2018 10:50:00,10.000,Y,114.94,116.42,117.12,3.43,5.03,11.61,2.21%,2.38,0.12%,1.37%,0.05%,1.45%,0.03%,0.62%,0.02%,0.60%,0.02%,0.10%,0.02%,0.10%,0.01%,0.29%,0.01%,0.11%,0.01%,0.04%,0.01%,0.14%,0.01%,0.04%,0.01%,0.03%,0.01,1.72,0.01,0.96,0.01,0.79,0.01,0.73,0.01,0.51,0.01,0.37,0.01,0.33,0.01,0.23,0.01,0.16,0.01,0.16,0.01,0.12,0.00,0.08,114.66,115.78,116.36,0.65,0.74,1.23,2.24%,0.33,0.12%,1.33%,0.05%,1.65%,0.03%,0.52%,0.02%,0.41%,0.02%,0.12%,0.01%,0.13%,0.01%,0.18%,0.01%,0.05%,0.01%,0.07%,0.01%,0.07%,0.01%,0.04%,0.01%,0.05%,0.00,0.24,0.00,0.18,0.00,0.11,0.00,0.06,0.00,0.01,0.00,0.03,0.00,0.03,0.00,0.03,0.00,0.01,0.00,0.01,0.00,0.01,0.00,0.01,229.56,231.42,232.46,0.00,0.00,0.00,2.21%,0.00,0.12%,1.35%,0.05%,1.55%,0.03%,0.56%,0.02%,0.50%,0.02%,0.07%,0.02%,0.07%,0.01%,0.23%,0.01%,0.07%,0.01%,0.02%,0.01%,0.11%,0.01%,0.01%,0.01%,0.02%,0.00,0.00,0.00,0.00,0.00,0.00,0.00,0.00,0.00,0.00,0.00,0.00,0.00,0.00,0.00,0.00,0.00,0.00,0.00,0.00,0.00,0.00,0.00,0.00,672,-0.840,576,-60,59.94,60.00,60.04
30-Jul-2018 11:00:00,10.000,Y,115.52,116.62,117.10,3.41,4.03,10.08,2.25%,2.38,0.12%,1.41%,0.04%,1.47%,0.03%,0.64%,0.02%,0.59%,0.02%,0.09%,0.01%,0.10%,0.01%,0.29%,0.01%,0.10%,0.01%,0.04%,0.01%,0.14%,0.01%,0.04%,0.01%,0.03%,0.02,1.73,0.01,0.95,0.01,0.78,0.01,0.72,0.01,0.51,0.01,0.37,0.01,0.33,0.01,0.24,0.01,0.16,0.01,0.15,0.01,0.11,0.01,0.08,115.06,116.02,116.56,0.64,0.75,1.26,2.31%,0.33,0.12%,1.38%,0.04%,1.68%,0.03%,0.55%,0.02%,0.41%,0.02%,0.13%,0.01%,0.13%,0.01%,0.19%,0.01%,0.06%,0.01%,0.06%,0.01%,0.08%,0.01%,0.04%,0.01%,0.04%,0.00,0.25,0.00,0.18,0.00,0.11,0.00,0.06,0.00,0.01,0.00,0.03,0.00,0.03,0.00,0.03,0.00,0.01,0.00,0.01,0.00,0.01,0.00,0.01,230.54,231.86,232.72,0.00,0.00,0.00,2.26%,0.00,0.12%,1.39%,0.04%,1.57%,0.03%,0.59%,0.02%,0.50%,0.02%,0.07%,0.01%,0.08%,0.01%,0.24%,0.01%,0.07%,0.01%,0.02%,0.01%,0.11%,0.01%,0.01%,0.01%,0.02%,0.00,0.00,0.00,0.00,0.00,0.00,0.00,0.00,0.00,0.00,0.00,0.00,0.00,0.00,0.00,0.00,0.00,0.00,0.00,0.00,0.00,0.00,0.00,0.00,552,-0.764,432,-60,59.94,60.00,60.06
30-Jul-2018 11:10:00,10.000,Y,115.70,116.82,117.42,3.41,3.87,10.10,2.28%,2.41,0.12%,1.43%,0.04%,1.49%,0.03%,0.63%,0.02%,0.61%,0.02%,0.09%,0.01%,0.10%,0.01%,0.29%,0.01%,0.10%,0.01%,0.04%,0.01%,0.13%,0.01%,0.03%,0.01%,0.03%,0.01,1.75,0.01,0.96,0.01,0.79,0.01,0.74,0.01,0.52,0.01,0.37,0.01,0.33,0.01,0.24,0.01,0.15,0.01,0.15,0.01,0.11,0.00,0.08,113.76,114.60,116.10,0.66,0.75,1.26,2.30%,0.34,0.12%,1.39%,0.04%,1.68%,0.03%,0.52%,0.02%,0.43%,0.02%,0.12%,0.01%,0.12%,0.01%,0.18%,0.01%,0.05%,0.01%,0.05%,0.01%,0.07%,0.01%,0.04%,0.01%,0.04%,0.00,0.25,0.00,0.18,0.00,0.11,0.00,0.05,0.00,0.01,0.00,0.03,0.00,0.03,0.00,0.03,0.00,0.01,0.00,0.01,0.00,0.01,0.00,0.01,229.40,230.64,232.22,0.00,0.00,0.00,2.28%,0.00,0.12%,1.41%,0.04%,1.58%,0.03%,0.57%,0.02%,0.52%,0.02%,0.06%,0.01%,0.08%,0.01%,0.24%,0.01%,0.07%,0.01%,0.02%,0.01%,0.10%,0.01%,0.01%,0.01%,0.02%,0.00,0.00,0.00,0.00,0.00,0.00,0.00,0.00,0.00,0.00,0.00,0.00,0.00,0.00,0.00,0.00,0.00,0.00,0.00,0.00,0.00,0.00,0.00,0.00,540,-0.757,408,-60,59.94,59.99,60.04
30-Jul-2018 11:20:00,10.000,Y,114.98,116.38,116.86,3.83,4.15,16.48,2.30%,2.33,0.09%,1.45%,0.03%,1.50%,0.02%,0.64%,0.02%,0.62%,0.01%,0.10%,0.01%,0.11%,0.01%,0.30%,0.01%,0.09%,0.01%,0.05%,0.01%,0.13%,0.01%,0.03%,0.01%,0.03%,0.02,1.65,0.01,0.95,0.01,0.78,0.01,0.75,0.01,0.51,0.01,0.35,0.01,0.32,0.01,0.23,0.01,0.16,0.00,0.15,0.00,0.12,0.00,0.08,113.54,115.16,115.98,0.66,0.75,1.30,2.46%,0.33,0.09%,1.55%,0.04%,1.74%,0.02%,0.53%,0.02%,0.46%,0.01%,0.15%,0.01%,0.12%,0.01%,0.19%,0.01%,0.08%,0.01%,0.06%,0.01%,0.08%,0.01%,0.03%,0.01%,0.04%,0.01,0.25,0.00,0.18,0.00,0.11,0.00,0.05,0.00,0.01,0.00,0.03,0.00,0.03,0.00,0.02,0.00,0.01,0.00,0.01,0.00,0.01,0.00,0.01,228.32,230.76,231.82,0.00,0.00,0.00,2.36%,0.00,0.09%,1.50%,0.03%,1.62%,0.02%,0.57%,0.02%,0.54%,0.01%,0.07%,0.01%,0.09%,0.01%,0.24%,0.01%,0.07%,0.01%,0.02%,0.01%,0.11%,0.01%,0.01%,0.01%,0.02%,0.00,0.00,0.00,0.00,0.00,0.00,0.00,0.00,0.00,0.00,0.00,0.00,0.00,0.00,0.00,0.00,0.00,0.00,0.00,0.00,0.00,0.00,0.00,0.00,564,0.829,468,24,59.94,59.98,60.03
30-Jul-2018 11:30:00,10.000,Y,115.20,116.34,116.86,3.61,4.08,9.20,2.32%,2.33,0.13%,1.49%,0.05%,1.46%,0.03%,0.67%,0.02%,0.62%,0.02%,0.10%,0.02%,0.11%,0.01%,0.30%,0.01%,0.10%,0.01%,0.05%,0.01%,0.14%,0.01%,0.04%,0.01%,0.03%,0.02,1.65,0.01,0.95,0.01,0.79,0.01,0.76,0.01,0.53,0.01,0.36,0.01,0.32,0.01,0.23,0.01,0.16,0.01,0.16,0.01,0.12,0.00,0.08,114.18,115.36,116.14,0.64,0.75,1.33,2.36%,0.33,0.13%,1.46%,0.05%,1.66%,0.03%,0.58%,0.02%,0.43%,0.02%,0.11%,0.02%,0.13%,0.01%,0.20%,0.01%,0.06%,0.01%,0.05%,0.01%,0.08%,0.01%,0.04%,0.01%,0.04%,0.00,0.25,0.00,0.18,0.00,0.11,0.00,0.05,0.00,0.01,0.00,0.03,0.00,0.03,0.00,0.03,0.00,0.01,0.00,0.01,0.00,0.01,0.00,0.01,228.70,230.92,231.86,0.00,0.00,0.00,2.32%,0.00,0.13%,1.47%,0.05%,1.56%,0.03%,0.62%,0.02%,0.53%,0.02%,0.06%,0.01%,0.08%,0.01%,0.25%,0.01%,0.07%,0.01%,0.02%,0.01%,0.11%,0.01%,0.01%,0.01%,0.02%,0.00,0.00,0.00,0.00,0.00,0.00,0.00,0.00,0.00,0.00,0.00,0.00,0.00,0.00,0.00,0.00,0.00,0.00,0.00,0.00,0.00,0.00,0.00,0.00,552,0.822,456,24,59.93,60.00,60.07
30-Jul-2018 11:40:00,10.000,Y,115.26,116.20,116.60,3.56,3.74,6.18,2.32%,2.03,0.12%,1.49%,0.05%,1.49%,0.03%,0.65%,0.02%,0.60%,0.02%,0.08%,0.02%,0.11%,0.01%,0.29%,0.01%,0.09%,0.01%,0.04%,0.01%,0.12%,0.01%,0.03%,0.01%,0.03%,0.01,1.45,0.01,0.79,0.01,0.68,0.01,0.68,0.01,0.46,0.01,0.29,0.01,0.28,0.01,0.21,0.01,0.14,0.01,0.14,0.01,0.11,0.00,0.08,114.70,115.74,116.42,0.66,0.75,1.21,2.40%,0.34,0.12%,1.50%,0.05%,1.69%,0.03%,0.59%,0.02%,0.43%,0.02%,0.11%,0.02%,0.13%,0.01%,0.20%,0.01%,0.06%,0.01%,0.06%,0.01%,0.08%,0.01%,0.04%,0.01%,0.04%,0.00,0.25,0.00,0.18,0.00,0.11,0.00,0.06,0.00,0.01,0.00,0.03,0.00,0.03,0.00,0.03,0.00,0.01,0.00,0.01,0.00,0.01,0.00,0.01,229.84,231.16,232.10,0.00,0.00,0.00,2.35%,0.00,0.12%,1.49%,0.05%,1.59%,0.03%,0.61%,0.02%,0.51%,0.02%,0.06%,0.02%,0.10%,0.01%,0.25%,0.01%,0.06%,0.01%,0.02%,0.01%,0.10%,0.01%,0.01%,0.01%,0.03%,0.00,0.00,0.00,0.00,0.00,0.00,0.00,0.00,0.00,0.00,0.00,0.00,0.00,0.00,0.00,0.00,0.00,0.00,0.00,0.00,0.00,0.00,0.00,0.00,516,0.837,432,24,59.95,59.99,60.05
30-Jul-2018 11:50:00,10.000,Y,115.34,116.18,116.56,3.59,4.02,9.77,2.32%,2.26,0.11%,1.50%,0.04%,1.48%,0.03%,0.65%,0.02%,0.61%,0.02%,0.10%,0.01%,0.11%,0.01%,0.29%,0.01%,0.11%,0.01%,0.05%,0.01%,0.13%,0.01%,0.04%,0.01%,0.03%,0.02,1.60,0.01,0.89,0.01,0.77,0.01,0.76,0.01,0.51,0.01,0.34,0.01,0.31,0.01,0.23,0.01,0.15,0.01,0.15,0.00,0.11,0.00,0.08,114.14,115.62,116.24,0.65,0.74,1.23,2.42%,0.34,0.11%,1.53%,0.04%,1.70%,0.03%,0.59%,0.02%,0.42%,0.02%,0.11%,0.01%,0.14%,0.01%,0.19%,0.01%,0.06%,0.01%,0.06%,0.01%,0.07%,0.01%,0.04%,0.01%,0.05%,0.00,0.25,0.00,0.18,0.00,0.11,0.00,0.05,0.00,0.01,0.00,0.03,0.00,0.03,0.00,0.02,0.00,0.01,0.00,0.01,0.00,0.01,0.00,0.01,229.72,231.02,231.76,0.00,0.00,0.00,2.36%,0.00,0.11%,1.51%,0.04%,1.59%,0.03%,0.61%,0.02%,0.52%,0.02%,0.06%,0.01%,0.09%,0.01%,0.24%,0.01%,0.07%,0.01%,0.01%,0.01%,0.10%,0.01%,0.01%,0.01%,0.02%,0.00,0.00,0.00,0.00,0.00,0.00,0.00,0.00,0.00,0.00,0.00,0.00,0.00,0.00,0.00,0.00,0.00,0.00,0.00,0.00,0.00,0.00,0.00,0.00,552,0.826,456,24,59.94,59.99,60.04
30-Jul-2018 12:00:00,10.000,Y,114.70,116.24,116.76,3.83,4.62,14.11,2.39%,2.40,0.13%,1.58%,0.05%,1.48%,0.03%,0.66%,0.02%,0.63%,0.02%,0.11%,0.02%,0.12%,0.02%,0.31%,0.01%,0.10%,0.01%,0.05%,0.01%,0.14%,0.01%,0.03%,0.01%,0.03%,0.03,1.74,0.02,0.88,0.01,0.78,0.01,0.78,0.01,0.52,0.01,0.35,0.01,0.33,0.01,0.24,0.01,0.15,0.01,0.15,0.01,0.11,0.01,0.08,113.84,115.52,116.26,0.65,0.76,1.35,2.44%,0.34,0.13%,1.58%,0.05%,1.68%,0.03%,0.58%,0.02%,0.43%,0.02%,0.12%,0.01%,0.13%,0.01%,0.20%,0.01%,0.07%,0.01%,0.05%,0.01%,0.07%,0.01%,0.05%,0.01%,0.05%,0.00,0.26,0.00,0.18,0.00,0.11,0.00,0.06,0.00,0.01,0.00,0.03,0.00,0.03,0.00,0.02,0.00,0.01,0.00,0.01,0.00,0.01,0.00,0.01,228.30,230.98,231.92,0.00,0.00,0.00,2.40%,0.00,0.13%,1.58%,0.05%,1.57%,0.03%,0.61%,0.02%,0.53%,0.02%,0.07%,0.01%,0.09%,0.01%,0.25%,0.01%,0.07%,0.01%,0.01%,0.01%,0.10%,0.01%,0.01%,0.01%,0.02%,0.00,0.00,0.00,0.00,0.00,0.00,0.00,0.00,0.00,0.00,0.00,0.00,0.00,0.00,0.00,0.00,0.00,0.00,0.00,0.00,0.00,0.00,0.00,0.00,624,0.830,528,24,59.96,60.00,60.05
30-Jul-2018 12:10:00,10.000,Y,114.66,116.00,116.58,3.83,6.28,14.13,2.48%,2.75,0.12%,1.66%,0.05%,1.54%,0.03%,0.66%,0.02%,0.64%,0.02%,0.11%,0.01%,0.12%,0.01%,0.32%,0.01%,0.11%,0.01%,0.03%,0.01%,0.14%,0.01%,0.02%,0.01%,0.04%,0.11,2.19,0.05,0.77,0.03,0.77,0.02,0.77,0.01,0.50,0.01,0.35,0.01,0.33,0.01,0.22,0.01,0.12,0.01,0.15,0.01,0.10,0.01,0.09,114.74,116.02,116.62,0.87,0.98,1.51,2.50%,0.49,0.12%,1.65%,0.06%,1.71%,0.03%,0.55%,0.03%,0.42%,0.03%,0.12%,0.01%,0.15%,0.01%,0.22%,0.01%,0.06%,0.01%,0.05%,0.01%,0.08%,0.01%,0.03%,0.01%,0.05%,0.01,0.39,0.01,0.26,0.01,0.13,0.01,0.03,0.01,0.05,0.00,0.05,0.00,0.03,0.00,0.01,0.00,0.02,0.00,0.02,0.00,0.01,0.00,0.01,229.04,231.26,232.24,0.00,0.00,0.00,2.48%,0.00,0.12%,1.65%,0.05%,1.63%,0.03%,0.60%,0.02%,0.53%,0.02%,0.09%,0.01%,0.10%,0.01%,0.26%,0.01%,0.08%,0.01%,0.02%,0.01%,0.11%,0.01%,0.01%,0.01%,0.03%,0.00,0.00,0.00,0.00,0.00,0.00,0.00,0.00,0.00,0.00,0.00,0.00,0.00,0.00,0.00,0.00,0.00,0.00,0.00,0.00,0.00,0.00,0.00,0.00,840,0.850,732,36,59.96,60.00,60.05
30-Jul-2018 12:20:00,10.000,Y,114.50,116.00,116.86,3.80,4.91,13.71,2.46%,2.44,0.11%,1.59%,0.04%,1.58%,0.03%,0.63%,0.02%,0.63%,0.02%,0.11%,0.01%,0.12%,0.01%,0.34%,0.01%,0.11%,0.01%,0.04%,0.01%,0.15%,0.01%,0.03%,0.01%,0.04%,0.05,1.82,0.02,0.82,0.02,0.77,0.01,0.75,0.01,0.50,0.01,0.36,0.01,0.34,0.01,0.23,0.01,0.14,0.01,0.14,0.01,0.10,0.00,0.08,115.16,116.22,116.68,0.63,0.98,1.80,2.43%,0.49,0.11%,1.53%,0.06%,1.72%,0.03%,0.54%,0.03%,0.42%,0.03%,0.13%,0.01%,0.16%,0.01%,0.22%,0.01%,0.06%,0.01%,0.06%,0.01%,0.07%,0.01%,0.03%,0.01%,0.05%,0.01,0.39,0.01,0.25,0.01,0.13,0.01,0.03,0.01,0.05,0.00,0.06,0.00,0.03,0.00,0.01,0.00,0.02,0.00,0.02,0.00,0.01,0.00,0.01,228.90,231.44,232.34,0.00,0.00,0.00,2.43%,0.00,0.11%,1.56%,0.05%,1.65%,0.03%,0.58%,0.02%,0.52%,0.02%,0.09%,0.01%,0.11%,0.01%,0.27%,0.01%,0.08%,0.01%,0.02%,0.01%,0.11%,0.01%,0.02%,0.01%,0.03%,0.00,0.00,0.00,0.00,0.00,0.00,0.00,0.00,0.00,0.00,0.00,0.00,0.00,0.00,0.00,0.00,0.00,0.00,0.00,0.00,0.00,0.00,0.00,0.00,684,0.834,576,24,59.96,59.99,60.03
30-Jul-2018 12:50:00,10.000,N,0.00,111.26,117.40,0.00,5.22,12.05,2.27%,2.91,0.11%,1.48%,0.04%,1.43%,0.03%,0.62%,0.02%,0.61%,0.02%,0.10%,0.01%,0.12%,0.01%,0.32%,0.01%,0.11%,0.01%,0.05%,0.01%,0.14%,0.01%,0.03%,0.01%,0.05%,0.02,2.17,0.01,1.17,0.01,0.95,0.01,0.89,0.01,0.58,0.01,0.40,0.01,0.35,0.01,0.23,0.01,0.13,0.01,0.13,0.00,0.07,0.00,0.06,0.00,110.84,116.88,0.00,0.96,1.44,2.23%,0.46,0.11%,1.37%,0.04%,1.62%,0.03%,0.49%,0.02%,0.38%,0.02%,0.10%,0.01%,0.12%,0.01%,0.17%,0.01%,0.04%,0.01%,0.06%,0.01%,0.06%,0.01%,0.02%,0.01%,0.05%,0.00,0.36,0.00,0.24,0.00,0.13,0.00,0.04,0.00,0.05,0.00,0.06,0.00,0.03,0.00,0.02,0.00,0.02,0.00,0.02,0.00,0.02,0.00,0.00,0.00,221.36,233.36,0.00,0.00,0.00,2.23%,0.00,0.11%,1.42%,0.04%,1.52%,0.03%,0.54%,0.02%,0.49%,0.02%,0.06%,0.01%,0.08%,0.01%,0.24%,0.01%,0.07%,0.01%,0.02%,0.01%,0.10%,0.01%,0.01%,0.01%,0.04%,0.00,0.00,0.00,0.00,0.00,0.00,0.00,0.00,0.00,0.00,0.00,0.00,0.00,0.00,0.00,0.00,0.00,0.00,0.00,0.00,0.00,0.00,0.00,0.00,720,-0.839,600,-12,0.00,57.85,60.05
30-Jul-2018 13:00:00,10.000,Y,113.08,116.08,116.66,5.14,5.54,11.17,2.50%,3.10,0.14%,1.60%,0.05%,1.60%,0.04%,0.67%,0.02%,0.66%,0.02%,0.09%,0.02%,0.14%,0.02%,0.35%,0.01%,0.11%,0.01%,0.06%,0.01%,0.16%,0.01%,0.02%,0.01%,0.06%,0.02,2.29,0.01,1.24,0.01,1.05,0.02,0.96,0.02,0.59,0.01,0.43,0.01,0.39,0.01,0.25,0.01,0.13,0.01,0.13,0.01,0.07,0.00,0.07,113.08,116.10,116.52,0.88,0.97,1.47,2.41%,0.49,0.14%,1.44%,0.05%,1.77%,0.04%,0.54%,0.02%,0.42%,0.02%,0.13%,0.02%,0.14%,0.02%,0.20%,0.01%,0.04%,0.01%,0.06%,0.01%,0.07%,0.01%,0.03%,0.01%,0.05%,0.00,0.39,0.00,0.25,0.00,0.12,0.00,0.03,0.00,0.06,0.00,0.06,0.00,0.03,0.00,0.01,0.00,0.02,0.00,0.02,0.00,0.01,0.00,0.01,225.50,231.40,232.26,0.00,0.00,0.00,2.44%,0.00,0.14%,1.52%,0.05%,1.68%,0.04%,0.60%,0.02%,0.54%,0.02%,0.08%,0.02%,0.10%,0.02%,0.27%,0.01%,0.07%,0.01%,0.03%,0.01%,0.11%,0.01%,0.02%,0.01%,0.04%,0.00,0.00,0.00,0.00,0.00,0.00,0.00,0.00,0.00,0.00,0.00,0.00,0.00,0.00,0.00,0.00,0.00,0.00,0.00,0.00,0.00,0.00,0.00,0.00,756,-0.825,624,-12,59.96,60.01,60.07
30-Jul-2018 13:10:00,10.000,Y,115.08,115.98,116.36,5.09,5.28,5.69,2.55%,2.94,0.11%,1.63%,0.04%,1.66%,0.03%,0.67%,0.02%,0.66%,0.02%,0.09%,0.02%,0.13%,0.01%,0.35%,0.01%,0.11%,0.01%,0.07%,0.01%,0.17%,0.01%,0.03%,0.01%,0.07%,0.02,2.17,0.01,1.18,0.01,1.00,0.01,0.92,0.01,0.57,0.01,0.39,0.01,0.35,0.01,0.22,0.01,0.13,0.01,0.13,0.01,0.08,0.00,0.08,115.48,116.38,116.88,0.88,0.96,1.60,2.50%,0.49,0.12%,1.50%,0.04%,1.84%,0.03%,0.54%,0.02%,0.43%,0.02%,0.13%,0.02%,0.13%,0.01%,0.21%,0.01%,0.06%,0.01%,0.08%,0.01%,0.08%,0.01%,0.04%,0.01%,0.05%,0.00,0.39,0.00,0.25,0.00,0.12,0.00,0.03,0.00,0.06,0.00,0.06,0.00,0.03,0.00,0.01,0.00,0.02,0.00,0.02,0.00,0.01,0.00,0.01,230.46,231.58,232.32,0.00,0.00,0.00,2.51%,0.00,0.12%,1.57%,0.04%,1.75%,0.03%,0.59%,0.02%,0.54%,0.02%,0.07%,0.01%,0.09%,0.01%,0.28%,0.01%,0.07%,0.01%,0.04%,0.01%,0.13%,0.01%,0.01%,0.01%,0.04%,0.00,0.00,0.00,0.00,0.00,0.00,0.00,0.00,0.00,0.00,0.00,0.00,0.00,0.00,0.00,0.00,0.00,0.00,0.00,0.00,0.00,0.00,0.00,0.00,720,-0.827,600,-12,59.95,60.00,60.08
30-Jul-2018 13:20:00,10.000,Y,109.68,115.96,116.48,5.08,8.14,15.51,2.63%,3.53,0.13%,1.70%,0.05%,1.70%,0.03%,0.66%,0.02%,0.67%,0.02%,0.10%,0.02%,0.15%,0.02%,0.37%,0.01%,0.10%,0.01%,0.06%,0.01%,0.17%,0.01%,0.03%,0.01%,0.07%,0.13,2.87,0.05,1.05,0.03,0.98,0.02,0.95,0.01,0.60,0.01,0.42,0.01,0.36,0.01,0.22,0.01,0.12,0.01,0.13,0.00,0.07,0.00,0.09,110.68,116.72,117.42,0.82,0.95,1.39,2.50%,0.48,0.12%,1.47%,0.05%,1.87%,0.03%,0.54%,0.02%,0.43%,0.02%,0.12%,0.02%,0.13%,0.01%,0.22%,0.01%,0.06%,0.01%,0.08%,0.01%,0.08%,0.01%,0.05%,0.01%,0.05%,0.00,0.38,0.00,0.25,0.00,0.12,0.00,0.03,0.00,0.05,0.00,0.06,0.00,0.03,0.00,0.01,0.00,0.02,0.00,0.02,0.00,0.01,0.00,0.01,219.64,231.90,232.98,0.00,0.00,0.00,2.54%,0.00,0.12%,1.58%,0.05%,1.78%,0.03%,0.59%,0.02%,0.55%,0.02%,0.07%,0.01%,0.09%,0.01%,0.29%,0.01%,0.07%,0.01%,0.03%,0.01%,0.13%,0.01%,0.02%,0.01%,0.04%,0.00,0.00,0.00,0.00,0.00,0.00,0.00,0.00,0.00,0.00,0.00,0.00,0.00,0.00,0.00,0.00,0.00,0.00,0.00,0.00,0.00,0.00,0.00,0.00,1056,-0.897,924,0,59.89,60.00,60.08
30-Jul-2018 13:30:00,10.000,Y,114.92,116.10,116.64,5.12,5.63,14.55,2.55%,3.22,0.12%,1.63%,0.04%,1.67%,0.03%,0.64%,0.02%,0.62%,0.02%,0.10%,0.02%,0.13%,0.01%,0.36%,0.01%,0.10%,0.01%,0.05%,0.01%,0.18%,0.01%,0.03%,0.01%,0.07%,0.02,2.36,0.01,1.30,0.01,1.09,0.02,1.01,0.01,0.65,0.01,0.45,0.01,0.38,0.01,0.24,0.01,0.15,0.01,0.14,0.00,0.09,0.00,0.09,115.54,116.46,116.88,0.87,0.96,1.46,2.51%,0.49,0.12%,1.49%,0.05%,1.87%,0.03%,0.54%,0.02%,0.40%,0.02%,0.12%,0.01%,0.12%,0.01%,0.21%,0.01%,0.06%,0.01%,0.08%,0.01%,0.08%,0.01%,0.05%,0.01%,0.05%,0.00,0.39,0.00,0.25,0.00,0.12,0.00,0.03,0.00,0.06,0.00,0.06,0.00,0.03,0.00,0.01,0.00,0.02,0.00,0.02,0.00,0.01,0.00,0.01,230.52,231.78,232.54,0.00,0.00,0.00,2.51%,0.00,0.12%,1.56%,0.05%,1.77%,0.03%,0.58%,0.02%,0.51%,0.02%,0.06%,0.01%,0.08%,0.01%,0.28%,0.01%,0.06%,0.01%,0.03%,0.01%,0.13%,0.01%,0.02%,0.01%,0.04%,0.00,0.00,0.00,0.00,0.00,0.00,0.00,0.00,0.00,0.00,0.00,0.00,0.00,0.00,0.00,0.00,0.00,0.00,0.00,0.00,0.00,0.00,0.00,0.00,768,-0.818,624,-12,59.94,59.99,60.04
30-Jul-2018 13:40:00,10.000,Y,114.92,116.04,116.54,5.34,5.59,6.01,2.56%,3.19,0.12%,1.64%,0.04%,1.68%,0.03%,0.63%,0.02%,0.62%,0.02%,0.10%,0.01%,0.12%,0.01%,0.34%,0.01%,0.09%,0.01%,0.05%,0.01%,0.17%,0.01%,0.03%,0.01%,0.08%,0.02,2.34,0.01,1.30,0.01,1.08,0.02,0.99,0.02,0.63,0.01,0.43,0.01,0.37,0.01,0.23,0.01,0.16,0.01,0.16,0.01,0.10,0.01,0.10,114.98,116.34,117.00,0.88,0.97,1.49,2.50%,0.49,0.12%,1.47%,0.04%,1.88%,0.03%,0.51%,0.02%,0.38%,0.02%,0.12%,0.01%,0.12%,0.01%,0.21%,0.01%,0.06%,0.01%,0.08%,0.01%,0.09%,0.01%,0.04%,0.01%,0.04%,0.00,0.39,0.00,0.25,0.00,0.13,0.00,0.03,0.00,0.05,0.00,0.06,0.00,0.03,0.00,0.01,0.00,0.02,0.00,0.02,0.00,0.01,0.00,0.01,229.20,231.60,232.74,0.00,0.00,0.00,2.51%,0.00,0.12%,1.56%,0.04%,1.78%,0.03%,0.56%,0.02%,0.50%,0.02%,0.07%,0.01%,0.08%,0.01%,0.27%,0.01%,0.06%,0.01%,0.03%,0.01%,0.13%,0.01%,0.01%,0.01%,0.04%,0.00,0.00,0.00,0.00,0.00,0.00,0.00,0.00,0.00,0.00,0.00,0.00,0.00,0.00,0.00,0.00,0.00,0.00,0.00,0.00,0.00,0.00,0.00,0.00,756,-0.817,624,-12,59.93,60.00,60.06
30-Jul-2018 13:50:00,10.000,Y,114.92,116.40,116.84,5.36,5.58,5.97,2.56%,3.18,0.11%,1.60%,0.04%,1.71%,0.03%,0.65%,0.02%,0.65%,0.02%,0.10%,0.01%,0.12%,0.01%,0.35%,0.01%,0.09%,0.01%,0.04%,0.01%,0.17%,0.01%,0.03%,0.01%,0.07%,0.02,2.32,0.01,1.30,0.01,1.09,0.02,1.00,0.01,0.63,0.01,0.42,0.01,0.36,0.01,0.22,0.01,0.15,0.01,0.15,0.01,0.10,0.01,0.10,115.32,116.86,117.34,0.85,0.96,1.46,2.52%,0.48,0.11%,1.44%,0.04%,1.93%,0.03%,0.52%,0.02%,0.40%,0.02%,0.13%,0.01%,0.13%,0.01%,0.21%,0.01%,0.06%,0.01%,0.07%,0.01%,0.09%,0.01%,0.04%,0.01%,0.05%,0.00,0.39,0.00,0.25,0.00,0.13,0.00,0.03,0.00,0.05,0.00,0.06,0.00,0.03,0.00,0.01,0.00,0.02,0.00,0.02,0.00,0.01,0.00,0.01,229.92,232.50,233.20,0.00,0.00,0.00,2.52%,0.00,0.11%,1.52%,0.04%,1.82%,0.03%,0.57%,0.02%,0.52%,0.02%,0.07%,0.01%,0.08%,0.01%,0.27%,0.01%,0.07%,0.01%,0.03%,0.01%,0.13%,0.01%,0.01%,0.01%,0.04%,0.00,0.00,0.00,0.00,0.00,0.00,0.00,0.00,0.00,0.00,0.00,0.00,0.00,0.00,0.00,0.00,0.00,0.00,0.00,0.00,0.00,0.00,0.00,0.00,756,-0.818,624,-12,59.93,59.99,60.04
30-Jul-2018 14:00:00,10.000,Y,114.58,116.52,117.20,5.05,5.66,6.07,2.51%,3.24,0.12%,1.59%,0.04%,1.64%,0.03%,0.66%,0.02%,0.66%,0.02%,0.11%,0.02%,0.10%,0.01%,0.33%,0.01%,0.09%,0.01%,0.04%,0.01%,0.16%,0.01%,0.03%,0.01%,0.07%,0.02,2.38,0.01,1.33,0.01,1.10,0.01,1.01,0.01,0.63,0.01,0.41,0.01,0.35,0.01,0.22,0.01,0.16,0.01,0.17,0.01,0.11,0.00,0.10,114.84,116.88,117.58,0.87,0.96,1.45,2.46%,0.49,0.12%,1.43%,0.04%,1.85%,0.03%,0.54%,0.02%,0.41%,0.02%,0.13%,0.01%,0.11%,0.01%,0.21%,0.01%,0.06%,0.01%,0.06%,0.01%,0.09%,0.01%,0.03%,0.01%,0.03%,0.00,0.39,0.00,0.25,0.00,0.13,0.00,0.03,0.00,0.05,0.00,0.06,0.00,0.03,0.00,0.01,0.00,0.02,0.00,0.02,0.00,0.01,0.00,0.01,228.66,232.62,233.88,0.00,0.00,0.00,2.47%,0.00,0.12%,1.51%,0.04%,1.75%,0.03%,0.59%,0.02%,0.53%,0.02%,0.08%,0.01%,0.07%,0.01%,0.27%,0.01%,0.07%,0.01%,0.03%,0.01%,0.12%,0.01%,0.01%,0.01%,0.04%,0.00,0.00,0.00,0.00,0.00,0.00,0.00,0.00,0.00,0.00,0.00,0.00,0.00,0.00,0.00,0.00,0.00,0.00,0.00,0.00,0.00,0.00,0.00,0.00,768,-0.817,624,-12,59.91,60.00,60.05
30-Jul-2018 14:10:00,10.000,Y,115.26,116.78,117.22,5.03,5.48,5.72,2.53%,3.09,0.11%,1.61%,0.04%,1.69%,0.03%,0.62%,0.02%,0.64%,0.02%,0.10%,0.02%,0.09%,0.01%,0.32%,0.01%,0.07%,0.01%,0.05%,0.01%,0.15%,0.01%,0.02%,0.01%,0.07%,0.02,2.29,0.01,1.27,0.01,1.04,0.01,0.94,0.01,0.57,0.01,0.38,0.01,0.33,0.01,0.21,0.01,0.16,0.01,0.17,0.01,0.12,0.01,0.11,115.52,117.04,117.58,0.86,0.97,1.49,2.50%,0.49,0.11%,1.45%,0.04%,1.90%,0.03%,0.51%,0.02%,0.41%,0.02%,0.13%,0.01%,0.12%,0.01%,0.21%,0.01%,0.05%,0.01%,0.07%,0.01%,0.09%,0.01%,0.04%,0.01%,0.04%,0.00,0.39,0.00,0.25,0.00,0.13,0.00,0.03,0.00,0.05,0.00,0.06,0.00,0.03,0.00,0.01,0.00,0.02,0.00,0.02,0.00,0.01,0.00,0.01,230.00,233.04,233.96,0.00,0.00,0.00,2.50%,0.00,0.11%,1.53%,0.04%,1.79%,0.03%,0.56%,0.02%,0.52%,0.02%,0.08%,0.01%,0.07%,0.01%,0.26%,0.01%,0.06%,0.01%,0.04%,0.01%,0.12%,0.01%,0.02%,0.01%,0.04%,0.00,0.00,0.00,0.00,0.00,0.00,0.00,0.00,0.00,0.00,0.00,0.00,0.00,0.00,0.00,0.00,0.00,0.00,0.00,0.00,0.00,0.00,0.00,0.00,756,-0.822,612,-12,59.93,59.99,60.05
30-Jul-2018 14:20:00,10.000,Y,115.76,116.98,117.34,5.00,5.36,5.92,2.58%,2.99,0.14%,1.61%,0.05%,1.76%,0.04%,0.62%,0.03%,0.63%,0.02%,0.08%,0.02%,0.10%,0.02%,0.32%,0.01%,0.06%,0.01%,0.05%,0.01%,0.15%,0.01%,0.02%,0.01%,0.08%,0.02,2.22,0.01,1.22,0.01,1.01,0.02,0.91,0.02,0.54,0.01,0.37,0.01,0.32,0.01,0.20,0.01,0.16,0.01,0.16,0.01,0.12,0.01,0.12,116.02,117.14,117.66,0.87,0.96,1.36,2.55%,0.48,0.15%,1.48%,0.05%,1.94%,0.04%,0.52%,0.02%,0.42%,0.02%,0.12%,0.02%,0.12%,0.01%,0.22%,0.01%,0.06%,0.01%,0.08%,0.01%,0.09%,0.01%,0.05%,0.01%,0.04%,0.00,0.38,0.00,0.25,0.00,0.12,0.00,0.03,0.00,0.05,0.00,0.06,0.00,0.03,0.00,0.01,0.00,0.02,0.00,0.02,0.00,0.01,0.00,0.01,231.08,233.34,234.10,0.00,0.00,0.00,2.55%,0.00,0.14%,1.55%,0.05%,1.85%,0.04%,0.56%,0.02%,0.52%,0.02%,0.08%,0.02%,0.08%,0.01%,0.26%,0.01%,0.06%,0.01%,0.05%,0.01%,0.12%,0.01%,0.02%,0.01%,0.04%,0.00,0.00,0.00,0.00,0.00,0.00,0.00,0.00,0.00,0.00,0.00,0.00,0.00,0.00,0.00,0.00,0.00,0.00,0.00,0.00,0.00,0.00,0.00,0.00,732,-0.827,612,-12,59.97,60.01,60.05
30-Jul-2018 14:30:00,10.000,Y,115.72,117.00,117.40,5.00,5.32,5.70,2.59%,2.96,0.11%,1.60%,0.04%,1.78%,0.03%,0.62%,0.02%,0.66%,0.02%,0.08%,0.01%,0.09%,0.01%,0.32%,0.01%,0.06%,0.01%,0.05%,0.01%,0.16%,0.01%,0.03%,0.01%,0.08%,0.02,2.19,0.01,1.22,0.01,1.02,0.01,0.90,0.01,0.54,0.01,0.36,0.01,0.32,0.01,0.20,0.01,0.16,0.01,0.17,0.01,0.12,0.01,0.11,116.20,117.32,117.74,0.86,0.96,1.48,2.55%,0.49,0.11%,1.44%,0.04%,1.97%,0.03%,0.50%,0.02%,0.43%,0.02%,0.11%,0.01%,0.12%,0.01%,0.23%,0.01%,0.05%,0.01%,0.06%,0.01%,0.11%,0.01%,0.04%,0.01%,0.04%,0.01,0.39,0.00,0.25,0.00,0.13,0.00,0.03,0.00,0.05,0.00,0.05,0.00,0.03,0.00,0.01,0.00,0.02,0.00,0.02,0.00,0.01,0.00,0.01,231.26,233.56,234.36,0.00,0.00,0.00,2.56%,0.00,0.11%,1.52%,0.04%,1.87%,0.03%,0.55%,0.02%,0.54%,0.02%,0.07%,0.01%,0.08%,0.01%,0.27%,0.01%,0.05%,0.01%,0.04%,0.01%,0.13%,0.01%,0.02%,0.01%,0.05%,0.00,0.00,0.00,0.00,0.00,0.00,0.00,0.00,0.00,0.00,0.00,0.00,0.00,0.00,0.00,0.00,0.00,0.00,0.00,0.00,0.00,0.00,0.00,0.00,732,-0.826,600,-12,59.94,60.00,60.04
30-Jul-2018 14:40:00,10.000,Y,115.68,117.18,117.80,5.28,5.52,5.85,2.57%,3.13,0.09%,1.57%,0.04%,1.74%,0.03%,0.65%,0.02%,0.70%,0.01%,0.09%,0.01%,0.10%,0.01%,0.34%,0.01%,0.08%,0.01%,0.04%,0.01%,0.16%,0.01%,0.02%,0.01%,0.07%,0.02,2.29,0.01,1.27,0.01,1.09,0.01,0.99,0.01,0.60,0.01,0.40,0.01,0.36,0.01,0.23,0.01,0.16,0.01,0.17,0.01,0.12,0.00,0.11,116.28,117.54,118.18,0.63,0.75,1.18,2.57%,0.34,0.10%,1.45%,0.04%,1.97%,0.03%,0.53%,0.02%,0.46%,0.01%,0.10%,0.01%,0.11%,0.01%,0.25%,0.01%,0.06%,0.01%,0.06%,0.01%,0.10%,0.01%,0.04%,0.01%,0.04%,0.00,0.25,0.00,0.18,0.00,0.11,0.00,0.05,0.00,0.01,0.00,0.03,0.00,0.03,0.00,0.02,0.00,0.01,0.00,0.01,0.00,0.01,0.00,0.01,231.20,233.92,235.16,0.00,0.00,0.00,2.55%,0.00,0.09%,1.51%,0.04%,1.85%,0.03%,0.58%,0.02%,0.58%,0.01%,0.06%,0.01%,0.08%,0.01%,0.29%,0.01%,0.07%,0.01%,0.04%,0.01%,0.13%,0.01%,0.02%,0.01%,0.04%,0.00,0.00,0.00,0.00,0.00,0.00,0.00,0.00,0.00,0.00,0.00,0.00,0.00,0.00,0.00,0.00,0.00,0.00,0.00,0.00,0.00,0.00,0.00,0.00,732,-0.822,600,0,59.94,59.99,60.04
30-Jul-2018 14:50:00,10.000,Y,116.16,117.48,117.92,5.27,5.57,5.94,2.54%,3.17,0.12%,1.56%,0.04%,1.69%,0.03%,0.65%,0.02%,0.71%,0.02%,0.11%,0.02%,0.10%,0.02%,0.35%,0.01%,0.09%,0.01%,0.02%,0.01%,0.16%,0.01%,0.02%,0.01%,0.06%,0.02,2.32,0.01,1.29,0.01,1.08,0.02,1.00,0.01,0.62,0.01,0.40,0.01,0.36,0.01,0.23,0.01,0.16,0.01,0.18,0.01,0.12,0.00,0.11,116.58,117.86,118.22,0.63,0.72,1.21,2.54%,0.33,0.12%,1.43%,0.04%,1.94%,0.03%,0.54%,0.02%,0.47%,0.02%,0.11%,0.02%,0.12%,0.01%,0.25%,0.01%,0.05%,0.01%,0.06%,0.01%,0.11%,0.01%,0.04%,0.01%,0.04%,0.00,0.24,0.00,0.18,0.00,0.11,0.00,0.05,0.00,0.01,0.00,0.03,0.00,0.03,0.00,0.02,0.00,0.01,0.00,0.01,0.00,0.01,0.00,0.01,231.96,234.56,235.28,0.00,0.00,0.00,2.52%,0.00,0.12%,1.49%,0.04%,1.81%,0.03%,0.58%,0.02%,0.59%,0.02%,0.07%,0.02%,0.08%,0.01%,0.29%,0.01%,0.07%,0.01%,0.03%,0.01%,0.13%,0.01%,0.02%,0.01%,0.04%,0.00,0.00,0.00,0.00,0.00,0.00,0.00,0.00,0.00,0.00,0.00,0.00,0.00,0.00,0.00,0.00,0.00,0.00,0.00,0.00,0.00,0.00,0.00,0.00,732,-0.822,612,0,59.95,60.00,60.07
30-Jul-2018 15:00:00,10.000,Y,116.30,117.84,118.36,5.39,5.61,5.78,2.56%,3.19,0.14%,1.58%,0.06%,1.71%,0.04%,0.64%,0.04%,0.72%,0.02%,0.10%,0.02%,0.11%,0.02%,0.35%,0.01%,0.10%,0.01%,0.03%,0.01%,0.16%,0.01%,0.02%,0.01%,0.06%,0.02,2.35,0.01,1.30,0.01,1.07,0.02,1.00,0.02,0.62,0.01,0.41,0.01,0.37,0.01,0.24,0.01,0.16,0.01,0.18,0.01,0.12,0.01,0.11,116.72,117.92,118.32,0.64,0.72,1.18,2.55%,0.33,0.14%,1.45%,0.06%,1.92%,0.04%,0.54%,0.03%,0.50%,0.02%,0.11%,0.02%,0.11%,0.02%,0.26%,0.01%,0.06%,0.01%,0.05%,0.01%,0.11%,0.01%,0.05%,0.01%,0.04%,0.00,0.24,0.00,0.18,0.00,0.11,0.00,0.05,0.00,0.01,0.00,0.03,0.00,0.03,0.00,0.02,0.00,0.01,0.00,0.01,0.00,0.01,0.00,0.01,232.26,234.96,235.82,0.00,0.00,0.00,2.54%,0.00,0.14%,1.51%,0.06%,1.82%,0.04%,0.57%,0.04%,0.60%,0.02%,0.06%,0.02%,0.08%,0.02%,0.30%,0.01%,0.08%,0.01%,0.02%,0.01%,0.14%,0.01%,0.02%,0.01%,0.03%,0.00,0.00,0.00,0.00,0.00,0.00,0.00,0.00,0.00,0.00,0.00,0.00,0.00,0.00,0.00,0.00,0.00,0.00,0.00,0.00,0.00,0.00,0.00,0.00,744,-0.821,612,0,59.94,60.00,60.05
30-Jul-2018 15:10:00,10.000,Y,116.66,118.06,118.50,5.39,5.69,6.07,2.53%,3.26,0.12%,1.55%,0.05%,1.69%,0.05%,0.61%,0.03%,0.74%,0.03%,0.12%,0.02%,0.11%,0.02%,0.36%,0.01%,0.11%,0.01%,0.02%,0.01%,0.16%,0.01%,0.02%,0.01%,0.05%,0.02,2.40,0.01,1.34,0.01,1.09,0.02,1.02,0.01,0.65,0.01,0.42,0.01,0.37,0.01,0.24,0.01,0.15,0.01,0.17,0.01,0.12,0.01,0.10,116.64,118.20,118.52,0.62,0.74,1.25,2.52%,0.34,0.12%,1.40%,0.05%,1.92%,0.05%,0.51%,0.03%,0.51%,0.02%,0.09%,0.02%,0.11%,0.01%,0.27%,0.01%,0.06%,0.01%,0.05%,0.01%,0.11%,0.01%,0.05%,0.01%,0.04%,0.00,0.25,0.00,0.18,0.00,0.12,0.00,0.06,0.00,0.01,0.00,0.03,0.00,0.03,0.00,0.02,0.00,0.01,0.00,0.01,0.00,0.01,0.00,0.01,232.62,235.46,236.16,0.00,0.00,0.00,2.50%,0.00,0.12%,1.47%,0.05%,1.81%,0.05%,0.55%,0.03%,0.62%,0.02%,0.06%,0.02%,0.08%,0.02%,0.31%,0.01%,0.08%,0.01%,0.02%,0.01%,0.13%,0.01%,0.02%,0.01%,0.03%,0.00,0.00,0.00,0.00,0.00,0.00,0.00,0.00,0.00,0.00,0.00,0.00,0.00,0.00,0.00,0.00,0.00,0.00,0.00,0.00,0.00,0.00,0.00,0.00,756,-0.818,612,0,59.96,60.00,60.05
30-Jul-2018 15:20:00,10.000,Y,116.80,118.00,118.42,5.37,5.59,5.76,2.51%,3.20,0.11%,1.53%,0.05%,1.69%,0.04%,0.59%,0.03%,0.74%,0.02%,0.13%,0.02%,0.11%,0.02%,0.36%,0.01%,0.10%,0.01%,0.02%,0.01%,0.16%,0.01%,0.02%,0.01%,0.05%,0.02,2.35,0.01,1.31,0.01,1.08,0.01,1.02,0.01,0.65,0.01,0.42,0.01,0.37,0.01,0.24,0.01,0.15,0.01,0.16,0.01,0.11,0.01,0.10,116.42,117.92,118.38,0.64,0.73,1.20,2.52%,0.33,0.12%,1.39%,0.05%,1.94%,0.04%,0.49%,0.03%,0.50%,0.02%,0.09%,0.02%,0.12%,0.01%,0.26%,0.01%,0.06%,0.01%,0.05%,0.01%,0.11%,0.01%,0.05%,0.01%,0.04%,0.00,0.25,0.00,0.18,0.00,0.11,0.00,0.06,0.00,0.01,0.00,0.03,0.00,0.03,0.00,0.02,0.00,0.01,0.00,0.01,0.00,0.01,0.00,0.01,232.46,235.12,235.96,0.00,0.00,0.00,2.50%,0.00,0.11%,1.46%,0.05%,1.82%,0.04%,0.53%,0.03%,0.62%,0.02%,0.07%,0.02%,0.08%,0.01%,0.31%,0.01%,0.08%,0.01%,0.02%,0.01%,0.13%,0.01%,0.02%,0.01%,0.03%,0.00,0.00,0.00,0.00,0.00,0.00,0.00,0.00,0.00,0.00,0.00,0.00,0.00,0.00,0.00,0.00,0.00,0.00,0.00,0.00,0.00,0.00,0.00,0.00,744,-0.819,612,0,59.93,59.99,60.03
30-Jul-2018 15:30:00,10.000,Y,116.72,118.00,118.62,4.12,5.29,6.46,2.54%,3.03,0.12%,1.55%,0.04%,1.72%,0.03%,0.56%,0.02%,0.73%,0.02%,0.14%,0.02%,0.11%,0.01%,0.35%,0.01%,0.09%,0.01%,0.03%,0.01%,0.15%,0.01%,0.02%,0.01%,0.06%,0.02,2.22,0.01,1.23,0.01,1.02,0.01,0.97,0.01,0.61,0.01,0.39,0.01,0.35,0.01,0.23,0.01,0.15,0.01,0.17,0.01,0.12,0.01,0.11,116.54,117.76,118.32,0.62,0.72,1.17,2.53%,0.32,0.12%,1.40%,0.04%,1.94%,0.04%,0.49%,0.03%,0.52%,0.02%,0.09%,0.01%,0.12%,0.01%,0.27%,0.01%,0.06%,0.01%,0.05%,0.01%,0.11%,0.01%,0.05%,0.01%,0.05%,0.01,0.24,0.01,0.17,0.00,0.11,0.00,0.05,0.00,0.01,0.00,0.03,0.00,0.03,0.00,0.02,0.00,0.01,0.00,0.01,0.00,0.01,0.00,0.01,232.48,234.98,235.86,0.00,0.00,0.00,2.52%,0.00,0.12%,1.48%,0.04%,1.83%,0.03%,0.51%,0.03%,0.62%,0.02%,0.08%,0.02%,0.09%,0.01%,0.31%,0.01%,0.07%,0.01%,0.02%,0.01%,0.13%,0.01%,0.02%,0.01%,0.04%,0.00,0.00,0.00,0.00,0.00,0.00,0.00,0.00,0.00,0.00,0.00,0.00,0.00,0.00,0.00,0.00,0.00,0.00,0.00,0.00,0.00,0.00,0.00,0.00,708,-0.893,576,0,59.95,60.00,60.05
30-Jul-2018 15:40:00,10.000,Y,116.24,117.64,118.04,4.11,4.73,5.33,2.50%,2.83,0.12%,1.55%,0.04%,1.68%,0.03%,0.55%,0.02%,0.71%,0.02%,0.14%,0.02%,0.10%,0.01%,0.35%,0.01%,0.10%,0.01%,0.02%,0.01%,0.15%,0.01%,0.03%,0.01%,0.05%,0.02,2.02,0.01,1.14,0.01,0.94,0.01,0.93,0.01,0.63,0.01,0.42,0.01,0.37,0.01,0.27,0.01,0.17,0.01,0.18,0.01,0.14,0.01,0.10,116.50,117.96,118.32,0.64,0.73,1.29,2.53%,0.33,0.12%,1.45%,0.05%,1.89%,0.04%,0.53%,0.02%,0.54%,0.02%,0.07%,0.01%,0.13%,0.01%,0.28%,0.01%,0.07%,0.01%,0.06%,0.01%,0.09%,0.01%,0.07%,0.01%,0.07%,0.01,0.24,0.00,0.18,0.00,0.11,0.00,0.06,0.00,0.01,0.00,0.03,0.00,0.03,0.00,0.02,0.00,0.01,0.00,0.01,0.00,0.01,0.00,0.01,232.16,234.80,235.40,0.00,0.00,0.00,2.50%,0.00,0.12%,1.50%,0.05%,1.79%,0.03%,0.53%,0.02%,0.62%,0.02%,0.07%,0.01%,0.08%,0.01%,0.31%,0.01%,0.08%,0.01%,0.02%,0.01%,0.12%,0.01%,0.02%,0.01%,0.03%,0.00,0.00,0.00,0.00,0.00,0.00,0.00,0.00,0.00,0.00,0.00,0.00,0.00,0.00,0.00,0.00,0.00,0.00,0.00,0.00,0.00,0.00,0.00,0.00,636,-0.971,516,0,59.95,60.00,60.06
30-Jul-2018 15:50:00,10.000,Y,116.06,117.64,118.08,4.09,4.43,4.86,2.49%,2.58,0.13%,1.53%,0.05%,1.70%,0.03%,0.55%,0.02%,0.70%,0.02%,0.13%,0.02%,0.09%,0.01%,0.34%,0.01%,0.08%,0.01%,0.02%,0.01%,0.15%,0.01%,0.02%,0.01%,0.05%,0.02,1.86,0.01,1.04,0.01,0.86,0.01,0.84,0.01,0.56,0.01,0.36,0.01,0.33,0.01,0.24,0.01,0.16,0.01,0.17,0.01,0.13,0.01,0.10,116.44,117.98,118.38,0.63,0.72,1.19,2.51%,0.32,0.13%,1.43%,0.05%,1.87%,0.03%,0.54%,0.02%,0.56%,0.02%,0.07%,0.02%,0.11%,0.01%,0.28%,0.01%,0.08%,0.01%,0.07%,0.01%,0.10%,0.01%,0.08%,0.01%,0.07%,0.00,0.24,0.00,0.17,0.00,0.10,0.00,0.05,0.00,0.01,0.00,0.03,0.00,0.03,0.00,0.02,0.00,0.01,0.00,0.01,0.00,0.01,0.00,0.01,231.84,234.84,235.62,0.00,0.00,0.00,2.49%,0.00,0.13%,1.48%,0.05%,1.78%,0.03%,0.53%,0.02%,0.62%,0.02%,0.07%,0.02%,0.08%,0.01%,0.30%,0.01%,0.08%,0.01%,0.03%,0.01%,0.12%,0.01%,0.03%,0.01%,0.03%,0.00,0.00,0.00,0.00,0.00,0.00,0.00,0.00,0.00,0.00,0.00,0.00,0.00,0.00,0.00,0.00,0.00,0.00,0.00,0.00,0.00,0.00,0.00,0.00,600,0.836,492,12,59.94,60.00,60.04
30-Jul-2018 16:00:00,10.000,Y,116.32,117.68,118.12,4.13,5.30,6.33,2.57%,3.08,0.14%,1.60%,0.05%,1.71%,0.04%,0.60%,0.03%,0.75%,0.02%,0.14%,0.02%,0.11%,0.02%,0.34%,0.01%,0.08%,0.01%,0.04%,0.01%,0.14%,0.01%,0.02%,0.01%,0.05%,0.02,2.24,0.01,1.25,0.01,1.04,0.02,0.99,0.02,0.63,0.01,0.40,0.01,0.36,0.01,0.24,0.01,0.17,0.01,0.18,0.01,0.13,0.01,0.10,116.40,117.68,118.24,0.62,0.74,1.47,2.55%,0.33,0.14%,1.45%,0.05%,1.91%,0.04%,0.53%,0.03%,0.56%,0.02%,0.07%,0.02%,0.12%,0.01%,0.27%,0.01%,0.07%,0.01%,0.07%,0.01%,0.08%,0.01%,0.08%,0.01%,0.08%,0.00,0.24,0.00,0.18,0.00,0.11,0.00,0.05,0.00,0.01,0.00,0.03,0.00,0.03,0.00,0.02,0.00,0.01,0.00,0.01,0.00,0.01,0.00,0.01,232.00,234.56,235.56,0.00,0.00,0.00,2.55%,0.00,0.14%,1.53%,0.05%,1.81%,0.04%,0.55%,0.03%,0.65%,0.02%,0.08%,0.02%,0.09%,0.01%,0.30%,0.01%,0.07%,0.01%,0.03%,0.01%,0.11%,0.01%,0.03%,0.01%,0.04%,0.00,0.00,0.00,0.00,0.00,0.00,0.00,0.00,0.00,0.00,0.00,0.00,0.00,0.00,0.00,0.00,0.00,0.00,0.00,0.00,0.00,0.00,0.00,0.00,708,-0.984,576,0,59.96,60.01,60.04
30-Jul-2018 16:10:00,10.000,Y,116.50,117.80,118.22,6.01,6.22,6.54,2.58%,3.68,0.12%,1.62%,0.04%,1.67%,0.03%,0.62%,0.02%,0.79%,0.02%,0.15%,0.02%,0.11%,0.01%,0.36%,0.01%,0.09%,0.01%,0.04%,0.01%,0.15%,0.01%,0.02%,0.01%,0.05%,0.02,2.68,0.02,1.52,0.02,1.26,0.02,1.17,0.02,0.74,0.01,0.46,0.01,0.41,0.01,0.27,0.01,0.17,0.01,0.19,0.01,0.13,0.01,0.10,116.88,118.20,118.76,0.63,0.73,1.28,2.64%,0.32,0.12%,1.53%,0.05%,1.95%,0.03%,0.54%,0.03%,0.59%,0.02%,0.08%,0.01%,0.13%,0.01%,0.28%,0.01%,0.09%,0.01%,0.09%,0.01%,0.08%,0.01%,0.09%,0.01%,0.09%,0.00,0.24,0.00,0.17,0.00,0.11,0.00,0.05,0.00,0.01,0.00,0.03,0.00,0.03,0.00,0.02,0.00,0.01,0.00,0.01,0.00,0.01,0.00,0.01,232.62,235.20,236.02,0.00,0.00,0.00,2.59%,0.00,0.12%,1.58%,0.04%,1.81%,0.03%,0.56%,0.02%,0.68%,0.02%,0.08%,0.02%,0.09%,0.01%,0.32%,0.01%,0.08%,0.01%,0.04%,0.01%,0.12%,0.01%,0.04%,0.01%,0.04%,0.00,0.00,0.00,0.00,0.00,0.00,0.00,0.00,0.00,0.00,0.00,0.00,0.00,0.00,0.00,0.00,0.00,0.00,0.00,0.00,0.00,0.00,0.00,0.00,816,-0.806,660,-24,59.96,60.00,60.04
30-Jul-2018 16:20:00,10.000,Y,116.84,117.80,118.24,6.00,6.35,6.66,2.61%,3.78,0.12%,1.65%,0.05%,1.70%,0.03%,0.60%,0.02%,0.78%,0.02%,0.16%,0.02%,0.12%,0.01%,0.38%,0.01%,0.09%,0.01%,0.03%,0.01%,0.16%,0.01%,0.03%,0.01%,0.06%,0.02,2.75,0.01,1.56,0.02,1.28,0.02,1.20,0.02,0.79,0.01,0.50,0.01,0.43,0.01,0.28,0.01,0.17,0.01,0.18,0.01,0.13,0.01,0.11,117.26,118.32,119.02,0.63,0.72,1.22,2.69%,0.32,0.13%,1.58%,0.05%,1.99%,0.04%,0.53%,0.02%,0.60%,0.02%,0.10%,0.02%,0.13%,0.01%,0.27%,0.01%,0.08%,0.01%,0.09%,0.01%,0.10%,0.01%,0.09%,0.01%,0.07%,0.00,0.24,0.00,0.17,0.00,0.10,0.00,0.05,0.00,0.01,0.00,0.03,0.00,0.03,0.00,0.02,0.00,0.01,0.00,0.01,0.00,0.01,0.00,0.01,233.96,235.34,236.30,0.00,0.00,0.00,2.63%,0.00,0.13%,1.61%,0.05%,1.84%,0.03%,0.54%,0.02%,0.68%,0.02%,0.09%,0.02%,0.09%,0.01%,0.32%,0.01%,0.08%,0.01%,0.04%,0.01%,0.13%,0.01%,0.04%,0.01%,0.03%,0.00,0.00,0.00,0.00,0.00,0.00,0.00,0.00,0.00,0.00,0.00,0.00,0.00,0.00,0.00,0.00,0.00,0.00,0.00,0.00,0.00,0.00,0.00,0.00,828,-0.803,672,-24,59.95,60.00,60.06
30-Jul-2018 16:30:00,10.000,Y,116.32,117.76,118.32,5.97,10.21,13.02,2.67%,3.63,0.11%,1.69%,0.04%,1.74%,0.03%,0.60%,0.02%,0.80%,0.02%,0.15%,0.02%,0.12%,0.01%,0.38%,0.01%,0.10%,0.01%,0.04%,0.01%,0.15%,0.01%,0.02%,0.01%,0.05%,0.02,2.61,0.01,1.53,0.01,1.27,0.02,1.16,0.01,0.75,0.01,0.48,0.01,0.40,0.01,0.24,0.01,0.15,0.01,0.17,0.01,0.11,0.01,0.11,117.36,118.38,118.78,0.63,0.76,1.54,2.63%,0.32,0.11%,1.52%,0.04%,1.96%,0.03%,0.54%,0.02%,0.59%,0.02%,0.09%,0.01%,0.13%,0.01%,0.27%,0.01%,0.08%,0.01%,0.08%,0.01%,0.08%,0.01%,0.09%,0.01%,0.08%,0.00,0.23,0.00,0.18,0.00,0.10,0.00,0.05,0.00,0.01,0.00,0.03,0.00,0.03,0.00,0.02,0.00,0.01,0.00,0.01,0.00,0.01,0.00,0.01,233.32,235.34,236.02,0.00,0.00,0.00,2.63%,0.00,0.11%,1.61%,0.04%,1.85%,0.03%,0.55%,0.02%,0.69%,0.02%,0.09%,0.01%,0.09%,0.01%,0.32%,0.01%,0.08%,0.01%,0.04%,0.01%,0.12%,0.01%,0.04%,0.01%,0.03%,0.00,0.00,0.00,0.00,0.00,0.00,0.00,0.00,0.00,0.00,0.00,0.00,0.00,0.00,0.00,0.00,0.00,0.00,0.00,0.00,0.00,0.00,0.00,0.00,1284,-0.896,1176,-24,59.94,59.99,60.04
30-Jul-2018 16:40:00,10.000,Y,116.58,118.06,118.66,5.67,7.10,17.62,2.71%,3.57,0.12%,1.73%,0.05%,1.76%,0.03%,0.58%,0.02%,0.81%,0.02%,0.16%,0.02%,0.12%,0.01%,0.38%,0.01%,0.09%,0.01%,0.05%,0.01%,0.15%,0.01%,0.01%,0.01%,0.06%,0.04,2.65,0.02,1.38,0.02,1.18,0.02,1.11,0.02,0.71,0.01,0.45,0.01,0.38,0.01,0.24,0.01,0.15,0.01,0.17,0.01,0.11,0.01,0.11,117.40,118.56,119.04,0.62,0.73,1.30,2.65%,0.32,0.12%,1.54%,0.04%,1.96%,0.03%,0.51%,0.02%,0.60%,0.02%,0.09%,0.01%,0.13%,0.01%,0.26%,0.01%,0.08%,0.01%,0.09%,0.01%,0.07%,0.01%,0.09%,0.01%,0.08%,0.00,0.23,0.00,0.17,0.00,0.10,0.00,0.05,0.00,0.01,0.00,0.03,0.00,0.03,0.00,0.02,0.00,0.01,0.00,0.01,0.00,0.01,0.00,0.01,233.64,235.84,236.76,0.00,0.00,0.00,2.66%,0.00,0.12%,1.64%,0.04%,1.86%,0.03%,0.53%,0.02%,0.70%,0.02%,0.09%,0.01%,0.09%,0.01%,0.32%,0.01%,0.07%,0.01%,0.04%,0.01%,0.11%,0.01%,0.05%,0.01%,0.03%,0.00,0.00,0.00,0.00,0.00,0.00,0.00,0.00,0.00,0.00,0.00,0.00,0.00,0.00,0.00,0.00,0.00,0.00,0.00,0.00,0.00,0.00,0.00,0.00,924,-0.842,780,0,59.94,60.00,60.07
30-Jul-2018 16:50:00,10.000,Y,116.84,118.02,118.64,5.64,6.38,12.74,2.68%,3.44,0.11%,1.74%,0.04%,1.73%,0.03%,0.55%,0.02%,0.82%,0.02%,0.15%,0.01%,0.11%,0.01%,0.37%,0.01%,0.09%,0.01%,0.04%,0.01%,0.14%,0.01%,0.02%,0.01%,0.05%,0.02,2.51,0.01,1.42,0.01,1.17,0.01,1.10,0.02,0.71,0.01,0.44,0.01,0.36,0.01,0.23,0.01,0.14,0.01,0.16,0.01,0.12,0.01,0.11,117.64,118.66,119.12,0.63,0.74,1.29,2.64%,0.33,0.11%,1.57%,0.04%,1.94%,0.03%,0.47%,0.02%,0.62%,0.02%,0.07%,0.01%,0.14%,0.01%,0.26%,0.01%,0.07%,0.01%,0.08%,0.01%,0.06%,0.01%,0.09%,0.01%,0.08%,0.00,0.24,0.00,0.18,0.00,0.11,0.00,0.05,0.00,0.01,0.00,0.03,0.00,0.03,0.00,0.02,0.00,0.01,0.00,0.01,0.00,0.01,0.00,0.01,234.26,235.88,236.90,0.00,0.00,0.00,2.65%,0.00,0.11%,1.65%,0.04%,1.83%,0.03%,0.49%,0.02%,0.72%,0.02%,0.08%,0.01%,0.09%,0.01%,0.31%,0.01%,0.07%,0.01%,0.04%,0.01%,0.10%,0.01%,0.04%,0.01%,0.04%,0.00,0.00,0.00,0.00,0.00,0.00,0.00,0.00,0.00,0.00,0.00,0.00,0.00,0.00,0.00,0.00,0.00,0.00,0.00,0.00,0.00,0.00,0.00,0.00,840,-0.823,696,-12,59.95,59.99,60.03
30-Jul-2018 17:00:00,10.000,Y,117.18,118.42,118.96,5.63,6.31,12.63,2.74%,3.42,0.13%,1.76%,0.05%,1.77%,0.04%,0.52%,0.03%,0.85%,0.02%,0.15%,0.02%,0.11%,0.02%,0.38%,0.01%,0.10%,0.01%,0.04%,0.01%,0.15%,0.01%,0.02%,0.01%,0.05%,0.02,2.48,0.01,1.41,0.02,1.16,0.02,1.10,0.02,0.72,0.02,0.46,0.01,0.38,0.01,0.25,0.01,0.15,0.01,0.16,0.01,0.12,0.01,0.10,118.10,119.08,119.62,0.63,0.73,1.31,2.74%,0.32,0.13%,1.63%,0.05%,1.98%,0.03%,0.48%,0.02%,0.69%,0.02%,0.07%,0.02%,0.15%,0.01%,0.28%,0.01%,0.08%,0.01%,0.09%,0.01%,0.05%,0.01%,0.10%,0.01%,0.09%,0.00,0.23,0.00,0.17,0.00,0.11,0.00,0.05,0.00,0.01,0.00,0.03,0.00,0.03,0.00,0.02,0.00,0.01,0.00,0.01,0.00,0.01,0.00,0.01,235.16,236.68,237.66,0.00,0.00,0.00,2.72%,0.00,0.13%,1.70%,0.05%,1.88%,0.03%,0.49%,0.02%,0.76%,0.02%,0.09%,0.02%,0.10%,0.01%,0.33%,0.01%,0.08%,0.01%,0.04%,0.01%,0.10%,0.01%,0.04%,0.01%,0.05%,0.00,0.00,0.00,0.00,0.00,0.00,0.00,0.00,0.00,0.00,0.00,0.00,0.00,0.00,0.00,0.00,0.00,0.00,0.00,0.00,0.00,0.00,0.00,0.00,828,-0.821,684,0,59.96,60.00,60.05
30-Jul-2018 17:10:00,10.000,Y,81.20,118.20,119.26,4.59,6.23,12.73,2.76%,3.62,0.16%,1.79%,0.06%,1.77%,0.04%,0.52%,0.03%,0.88%,0.03%,0.17%,0.02%,0.09%,0.02%,0.38%,0.02%,0.11%,0.01%,0.04%,0.01%,0.15%,0.01%,0.03%,0.01%,0.05%,0.02,2.63,0.02,1.51,0.02,1.22,0.02,1.14,0.02,0.74,0.02,0.46,0.02,0.39,0.01,0.25,0.01,0.15,0.01,0.17,0.01,0.12,0.01,0.10,81.60,118.76,120.04,0.35,0.74,1.49,2.78%,0.33,0.16%,1.69%,0.06%,1.97%,0.04%,0.50%,0.03%,0.74%,0.02%,0.06%,0.02%,0.16%,0.02%,0.29%,0.02%,0.08%,0.01%,0.12%,0.01%,0.04%,0.01%,0.10%,0.01%,0.10%,0.00,0.24,0.00,0.18,0.00,0.11,0.00,0.05,0.00,0.02,0.00,0.03,0.00,0.03,0.00,0.02,0.00,0.01,0.00,0.01,0.00,0.01,0.00,0.01,162.26,236.16,238.34,0.00,0.00,0.00,2.75%,0.00,0.16%,1.74%,0.06%,1.87%,0.04%,0.49%,0.03%,0.79%,0.02%,0.10%,0.02%,0.10%,0.02%,0.33%,0.01%,0.08%,0.01%,0.06%,0.01%,0.09%,0.01%,0.04%,0.01%,0.05%,0.00,0.00,0.00,0.00,0.00,0.00,0.00,0.00,0.00,0.00,0.00,0.00,0.00,0.00,0.00,0.00,0.00,0.00,0.00,0.00,0.00,0.00,0.00,0.00,816,-0.808,672,-12,59.96,60.02,60.09
30-Jul-2018 17:20:00,10.000,Y,116.38,117.82,118.22,5.64,6.00,6.33,2.84%,3.50,0.13%,1.86%,0.05%,1.79%,0.04%,0.59%,0.02%,0.90%,0.02%,0.18%,0.02%,0.09%,0.02%,0.39%,0.02%,0.11%,0.01%,0.04%,0.01%,0.16%,0.01%,0.02%,0.01%,0.06%,0.02,2.55,0.02,1.45,0.02,1.19,0.02,1.11,0.02,0.71,0.01,0.44,0.01,0.38,0.01,0.24,0.01,0.15,0.01,0.16,0.01,0.11,0.01,0.10,116.38,118.00,118.44,0.64,0.76,1.50,2.82%,0.33,0.14%,1.74%,0.05%,1.99%,0.04%,0.50%,0.03%,0.73%,0.02%,0.07%,0.02%,0.15%,0.02%,0.30%,0.02%,0.09%,0.01%,0.12%,0.01%,0.06%,0.01%,0.10%,0.01%,0.09%,0.00,0.24,0.00,0.18,0.00,0.11,0.00,0.06,0.00,0.01,0.00,0.03,0.00,0.03,0.00,0.02,0.00,0.01,0.00,0.01,0.00,0.01,0.00,0.01,232.26,235.04,235.70,0.00,0.00,0.00,2.81%,0.00,0.13%,1.80%,0.05%,1.89%,0.04%,0.53%,0.02%,0.81%,0.02%,0.11%,0.02%,0.09%,0.02%,0.34%,0.01%,0.09%,0.01%,0.06%,0.01%,0.11%,0.01%,0.05%,0.01%,0.06%,0.00,0.00,0.00,0.00,0.00,0.00,0.00,0.00,0.00,0.00,0.00,0.00,0.00,0.00,0.00,0.00,0.00,0.00,0.00,0.00,0.00,0.00,0.00,0.00,792,-0.812,648,-12,59.96,60.00,60.05
30-Jul-2018 17:30:00,10.000,Y,116.54,117.52,118.02,5.65,5.99,6.72,2.83%,3.49,0.13%,1.86%,0.05%,1.77%,0.03%,0.54%,0.02%,0.92%,0.02%,0.16%,0.02%,0.09%,0.02%,0.38%,0.01%,0.10%,0.01%,0.05%,0.01%,0.14%,0.01%,0.02%,0.01%,0.06%,0.02,2.57,0.02,1.45,0.02,1.17,0.02,1.09,0.02,0.70,0.01,0.42,0.01,0.35,0.01,0.22,0.01,0.14,0.01,0.17,0.01,0.12,0.01,0.12,116.90,117.86,118.28,0.64,0.80,3.05,2.87%,0.35,0.13%,1.77%,0.05%,2.01%,0.03%,0.49%,0.02%,0.79%,0.02%,0.11%,0.02%,0.16%,0.01%,0.30%,0.01%,0.10%,0.01%,0.11%,0.01%,0.08%,0.01%,0.10%,0.01%,0.09%,0.00,0.26,0.00,0.16,0.00,0.10,0.00,0.06,0.00,0.02,0.00,0.04,0.00,0.04,0.00,0.02,0.00,0.01,0.00,0.01,0.00,0.01,0.00,0.01,233.20,234.58,235.34,0.00,0.00,0.00,2.83%,0.00,0.13%,1.81%,0.05%,1.89%,0.03%,0.50%,0.02%,0.85%,0.02%,0.12%,0.02%,0.10%,0.01%,0.34%,0.01%,0.09%,0.01%,0.07%,0.01%,0.11%,0.01%,0.05%,0.01%,0.06%,0.00,0.00,0.00,0.00,0.00,0.00,0.00,0.00,0.00,0.00,0.00,0.00,0.00,0.00,0.00,0.00,0.00,0.00,0.00,0.00,0.00,0.00,0.00,0.00,792,-0.815,648,-12,59.97,60.01,60.06
30-Jul-2018 17:40:00,10.000,Y,115.56,117.14,117.68,5.56,5.90,6.32,2.84%,3.39,0.11%,1.89%,0.05%,1.79%,0.03%,0.49%,0.02%,0.91%,0.02%,0.14%,0.01%,0.08%,0.01%,0.37%,0.01%,0.10%,0.01%,0.05%,0.01%,0.15%,0.01%,0.03%,0.01%,0.06%,0.02,2.53,0.01,1.41,0.01,1.08,0.02,1.02,0.02,0.66,0.01,0.40,0.01,0.34,0.01,0.23,0.01,0.16,0.01,0.18,0.01,0.13,0.01,0.11,116.54,117.54,117.96,0.65,0.80,3.93,2.89%,0.35,0.11%,1.82%,0.04%,2.00%,0.03%,0.46%,0.02%,0.82%,0.02%,0.12%,0.01%,0.17%,0.01%,0.28%,0.01%,0.11%,0.01%,0.13%,0.01%,0.07%,0.01%,0.10%,0.01%,0.10%,0.00,0.26,0.00,0.17,0.00,0.10,0.00,0.06,0.00,0.03,0.00,0.04,0.00,0.04,0.00,0.02,0.00,0.01,0.00,0.01,0.00,0.01,0.00,0.01,231.42,233.88,234.62,0.00,0.00,0.00,2.85%,0.00,0.11%,1.85%,0.04%,1.90%,0.03%,0.46%,0.02%,0.86%,0.02%,0.12%,0.01%,0.10%,0.01%,0.32%,0.01%,0.09%,0.01%,0.07%,0.01%,0.11%,0.01%,0.04%,0.01%,0.06%,0.00,0.00,0.00,0.00,0.00,0.00,0.00,0.00,0.00,0.00,0.00,0.00,0.00,0.00,0.00,0.00,0.00,0.00,0.00,0.00,0.00,0.00,0.00,0.00,780,-0.818,636,0,59.95,59.99,60.04
30-Jul-2018 17:50:00,10.000,Y,115.36,117.08,117.62,5.64,6.01,6.82,2.90%,3.48,0.15%,1.94%,0.06%,1.78%,0.04%,0.51%,0.03%,0.97%,0.03%,0.16%,0.02%,0.06%,0.02%,0.37%,0.02%,0.12%,0.01%,0.03%,0.01%,0.16%,0.01%,0.04%,0.01%,0.06%,0.02,2.59,0.02,1.48,0.02,1.12,0.02,1.05,0.02,0.68,0.02,0.38,0.01,0.32,0.01,0.22,0.01,0.13,0.01,0.16,0.01,0.12,0.01,0.10,116.24,117.70,118.08,0.64,0.83,1.35,2.98%,0.39,0.15%,1.90%,0.06%,2.01%,0.04%,0.47%,0.03%,0.88%,0.02%,0.14%,0.02%,0.19%,0.02%,0.28%,0.02%,0.11%,0.01%,0.13%,0.01%,0.09%,0.01%,0.09%,0.01%,0.10%,0.00,0.30,0.00,0.21,0.00,0.10,0.00,0.03,0.00,0.04,0.00,0.05,0.00,0.04,0.00,0.02,0.00,0.01,0.00,0.01,0.00,0.01,0.00,0.01,231.00,233.98,234.58,0.00,0.00,0.00,2.92%,0.00,0.15%,1.92%,0.06%,1.89%,0.04%,0.47%,0.03%,0.92%,0.02%,0.14%,0.02%,0.10%,0.02%,0.32%,0.02%,0.10%,0.01%,0.06%,0.01%,0.12%,0.01%,0.03%,0.01%,0.06%,0.00,0.00,0.00,0.00,0.00,0.00,0.00,0.00,0.00,0.00,0.00,0.00,0.00,0.00,0.00,0.00,0.00,0.00,0.00,0.00,0.00,0.00,0.00,0.00,804,-0.813,648,-12,59.96,60.01,60.06
30-Jul-2018 18:00:00,10.000,Y,115.48,116.90,117.48,4.94,5.79,6.30,3.00%,3.32,0.14%,2.05%,0.06%,1.82%,0.04%,0.45%,0.03%,1.03%,0.02%,0.17%,0.02%,0.06%,0.02%,0.36%,0.01%,0.11%,0.01%,0.03%,0.01%,0.15%,0.01%,0.04%,0.01%,0.08%,0.02,2.49,0.02,1.42,0.02,1.06,0.02,0.98,0.02,0.62,0.01,0.33,0.01,0.28,0.01,0.19,0.01,0.13,0.01,0.15,0.01,0.12,0.01,0.09,115.10,116.94,117.78,0.65,0.84,1.47,3.09%,0.39,0.15%,2.01%,0.06%,2.06%,0.04%,0.39%,0.03%,0.94%,0.02%,0.14%,0.02%,0.21%,0.02%,0.29%,0.01%,0.10%,0.01%,0.14%,0.01%,0.10%,0.01%,0.09%,0.01%,0.09%,0.00,0.30,0.00,0.21,0.00,0.11,0.00,0.03,0.00,0.03,0.00,0.05,0.00,0.04,0.00,0.02,0.00,0.01,0.00,0.01,0.00,0.01,0.00,0.01,229.82,233.06,234.08,0.00,0.00,0.00,3.04%,0.00,0.14%,2.03%,0.06%,1.94%,0.04%,0.40%,0.03%,0.98%,0.02%,0.14%,0.02%,0.12%,0.02%,0.32%,0.01%,0.10%,0.01%,0.07%,0.01%,0.12%,0.01%,0.04%,0.01%,0.06%,0.00,0.00,0.00,0.00,0.00,0.00,0.00,0.00,0.00,0.00,0.00,0.00,0.00,0.00,0.00,0.00,0.00,0.00,0.00,0.00,0.00,0.00,0.00,0.00,768,-0.818,636,-12,59.95,60.01,60.09
30-Jul-2018 18:10:00,10.000,Y,115.54,116.72,117.40,4.93,5.13,5.83,3.13%,2.76,0.12%,2.13%,0.05%,1.94%,0.03%,0.35%,0.03%,1.06%,0.02%,0.15%,0.02%,0.11%,0.02%,0.35%,0.01%,0.08%,0.01%,0.07%,0.01%,0.13%,0.01%,0.03%,0.01%,0.09%,0.01,2.13,0.01,1.19,0.01,0.85,0.01,0.76,0.01,0.45,0.01,0.22,0.01,0.20,0.01,0.15,0.00,0.12,0.01,0.15,0.01,0.10,0.00,0.09,114.00,115.64,116.50,0.36,0.71,1.28,3.29%,0.32,0.13%,2.21%,0.05%,2.16%,0.03%,0.29%,0.03%,0.96%,0.02%,0.16%,0.02%,0.24%,0.02%,0.29%,0.01%,0.12%,0.01%,0.11%,0.01%,0.08%,0.01%,0.08%,0.01%,0.07%,0.01,0.24,0.00,0.17,0.00,0.10,0.00,0.04,0.00,0.02,0.00,0.04,0.00,0.04,0.00,0.02,0.00,0.01,0.00,0.01,0.00,0.01,0.00,0.01,229.80,231.58,232.62,0.00,0.00,0.00,3.20%,0.00,0.12%,2.17%,0.05%,2.05%,0.03%,0.31%,0.02%,1.01%,0.02%,0.15%,0.02%,0.17%,0.02%,0.32%,0.01%,0.10%,0.01%,0.08%,0.01%,0.10%,0.01%,0.04%,0.01%,0.07%,0.00,0.00,0.00,0.00,0.00,0.00,0.00,0.00,0.00,0.00,0.00,0.00,0.00,0.00,0.00,0.00,0.00,0.00,0.00,0.00,0.00,0.00,0.00,0.00,684,-0.837,564,0,59.95,60.00,60.04
30-Jul-2018 18:20:00,10.000,Y,115.98,116.86,117.26,4.83,5.30,6.12,3.29%,2.86,0.12%,2.28%,0.04%,2.01%,0.03%,0.30%,0.02%,1.13%,0.02%,0.15%,0.02%,0.15%,0.02%,0.33%,0.01%,0.07%,0.01%,0.09%,0.01%,0.11%,0.01%,0.04%,0.01%,0.09%,0.02,2.22,0.01,1.24,0.01,0.89,0.01,0.77,0.01,0.43,0.01,0.20,0.01,0.19,0.01,0.14,0.01,0.13,0.01,0.15,0.01,0.10,0.00,0.08,114.96,115.88,116.26,0.35,0.42,0.47,3.27%,0.24,0.12%,2.18%,0.04%,2.16%,0.03%,0.26%,0.02%,0.97%,0.02%,0.18%,0.02%,0.26%,0.02%,0.25%,0.01%,0.09%,0.01%,0.09%,0.01%,0.07%,0.01%,0.08%,0.01%,0.03%,0.00,0.19,0.00,0.11,0.00,0.08,0.00,0.04,0.00,0.02,0.00,0.02,0.00,0.02,0.00,0.02,0.00,0.01,0.00,0.00,0.00,0.01,0.00,0.01,230.86,231.96,232.46,0.00,0.00,0.00,3.27%,0.00,0.12%,2.23%,0.04%,2.09%,0.03%,0.26%,0.02%,1.05%,0.02%,0.16%,0.02%,0.20%,0.01%,0.29%,0.01%,0.08%,0.01%,0.08%,0.01%,0.09%,0.01%,0.04%,0.01%,0.05%,0.00,0.00,0.00,0.00,0.00,0.00,0.00,0.00,0.00,0.00,0.00,0.00,0.00,0.00,0.00,0.00,0.00,0.00,0.00,0.00,0.00,0.00,0.00,0.00,660,-0.913,552,0,59.95,60.00,60.04
30-Jul-2018 18:30:00,10.000,Y,115.88,116.82,117.32,0.95,1.67,5.07,3.27%,0.60,0.14%,2.19%,0.05%,2.16%,0.04%,0.24%,0.03%,0.99%,0.02%,0.15%,0.02%,0.20%,0.02%,0.28%,0.01%,0.08%,0.01%,0.07%,0.01%,0.08%,0.01%,0.05%,0.01%,0.06%,0.01,0.46,0.00,0.24,0.00,0.16,0.00,0.17,0.00,0.11,0.00,0.08,0.00,0.06,0.00,0.03,0.00,0.03,0.00,0.03,0.00,0.02,0.00,0.02,114.40,115.88,116.64,0.05,0.05,0.46,3.40%,0.03,0.14%,2.31%,0.05%,2.19%,0.03%,0.30%,0.02%,1.05%,0.02%,0.16%,0.02%,0.26%,0.02%,0.27%,0.01%,0.09%,0.01%,0.10%,0.01%,0.08%,0.01%,0.08%,0.01%,0.04%,0.00,0.02,0.00,0.01,0.00,0.01,0.00,0.00,0.00,0.00,0.00,0.00,0.00,0.00,0.00,0.00,0.00,0.00,0.00,0.00,0.00,0.00,0.00,0.00,229.66,231.92,232.82,0.00,0.00,0.00,3.33%,0.00,0.14%,2.25%,0.05%,2.17%,0.03%,0.27%,0.02%,1.02%,0.02%,0.15%,0.02%,0.22%,0.02%,0.27%,0.01%,0.09%,0.01%,0.08%,0.01%,0.08%,0.01%,0.06%,0.01%,0.05%,0.00,0.00,0.00,0.00,0.00,0.00,0.00,0.00,0.00,0.00,0.00,0.00,0.00,0.00,0.00,0.00,0.00,0.00,0.00,0.00,0.00,0.00,0.00,0.00,204,0.711,156,72,59.96,60.01,60.07
30-Jul-2018 18:40:00,10.000,Y,115.82,116.84,117.28,0.95,1.03,1.10,3.33%,0.17,0.10%,2.24%,0.04%,2.22%,0.03%,0.19%,0.02%,0.98%,0.02%,0.17%,0.01%,0.20%,0.01%,0.27%,0.01%,0.07%,0.01%,0.07%,0.01%,0.07%,0.01%,0.05%,0.01%,0.05%,0.01,0.12,0.00,0.06,0.00,0.03,0.00,0.06,0.00,0.05,0.00,0.05,0.00,0.03,0.00,0.00,0.00,0.01,0.00,0.01,0.00,0.00,0.00,0.00,114.24,116.04,116.66,0.00,0.00,0.40,3.52%,0.00,0.10%,2.43%,0.04%,2.24%,0.03%,0.24%,0.02%,1.08%,0.02%,0.19%,0.01%,0.26%,0.01%,0.29%,0.01%,0.09%,0.01%,0.10%,0.01%,0.09%,0.01%,0.08%,0.01%,0.04%,0.00,0.00,0.00,0.00,0.00,0.00,0.00,0.00,0.00,0.00,0.00,0.00,0.00,0.00,0.00,0.00,0.00,0.00,0.00,0.00,0.00,0.00,0.00,0.00,230.12,232.10,232.96,0.00,0.00,0.00,3.43%,0.00,0.10%,2.33%,0.04%,2.23%,0.03%,0.22%,0.02%,1.03%,0.02%,0.18%,0.01%,0.23%,0.01%,0.28%,0.01%,0.08%,0.01%,0.08%,0.01%,0.08%,0.01%,0.06%,0.01%,0.04%,0.00,0.00,0.00,0.00,0.00,0.00,0.00,0.00,0.00,0.00,0.00,0.00,0.00,0.00,0.00,0.00,0.00,0.00,0.00,0.00,0.00,0.00,0.00,0.00,120,0.677,84,84,59.93,59.98,60.05
30-Jul-2018 18:50:00,10.000,Y,116.28,117.14,117.56,0.95,1.03,1.11,3.37%,0.17,0.12%,2.23%,0.05%,2.28%,0.03%,0.20%,0.02%,0.98%,0.02%,0.17%,0.02%,0.19%,0.01%,0.28%,0.01%,0.07%,0.01%,0.06%,0.01%,0.07%,0.01%,0.04%,0.01%,0.05%,0.01,0.13,0.00,0.06,0.00,0.03,0.00,0.06,0.00,0.05,0.00,0.05,0.00,0.03,0.00,0.00,0.00,0.01,0.00,0.01,0.00,0.00,0.00,0.00,115.24,116.34,117.00,0.00,0.00,0.34,3.62%,0.00,0.13%,2.50%,0.05%,2.31%,0.03%,0.25%,0.02%,1.09%,0.02%,0.20%,0.02%,0.26%,0.02%,0.30%,0.01%,0.10%,0.01%,0.10%,0.01%,0.08%,0.01%,0.08%,0.01%,0.03%,0.00,0.00,0.00,0.00,0.00,0.00,0.00,0.00,0.00,0.00,0.00,0.00,0.00,0.00,0.00,0.00,0.00,0.00,0.00,0.00,0.00,0.00,0.00,0.00,231.32,232.68,233.50,0.00,0.00,0.00,3.49%,0.00,0.13%,2.36%,0.05%,2.29%,0.03%,0.23%,0.02%,1.04%,0.02%,0.18%,0.02%,0.22%,0.01%,0.28%,0.01%,0.09%,0.01%,0.08%,0.01%,0.08%,0.01%,0.05%,0.01%,0.04%,0.00,0.00,0.00,0.00,0.00,0.00,0.00,0.00,0.00,0.00,0.00,0.00,0.00,0.00,0.00,0.00,0.00,0.00,0.00,0.00,0.00,0.00,0.00,0.00,120,0.676,84,84,59.94,60.00,60.05
30-Jul-2018 19:00:00,10.000,Y,116.02,116.96,117.34,0.95,1.03,1.10,3.39%,0.18,0.14%,2.27%,0.05%,2.27%,0.04%,0.20%,0.03%,0.98%,0.02%,0.15%,0.02%,0.18%,0.02%,0.27%,0.01%,0.06%,0.01%,0.06%,0.01%,0.06%,0.01%,0.03%,0.01%,0.06%,0.01,0.13,0.00,0.06,0.00,0.03,0.00,0.06,0.00,0.05,0.00,0.05,0.00,0.03,0.00,0.01,0.00,0.01,0.00,0.01,0.00,0.00,0.00,0.00,116.06,117.00,117.34,0.00,0.00,0.35,3.56%,0.00,0.14%,2.45%,0.05%,2.29%,0.04%,0.24%,0.03%,1.05%,0.02%,0.18%,0.02%,0.26%,0.02%,0.27%,0.01%,0.10%,0.01%,0.06%,0.01%,0.07%,0.01%,0.06%,0.01%,0.04%,0.00,0.00,0.00,0.00,0.00,0.00,0.00,0.00,0.00,0.00,0.00,0.00,0.00,0.00,0.00,0.00,0.00,0.00,0.00,0.00,0.00,0.00,0.00,0.00,231.96,233.16,233.76,0.00,0.00,0.00,3.47%,0.00,0.14%,2.36%,0.05%,2.28%,0.04%,0.22%,0.03%,1.01%,0.02%,0.16%,0.02%,0.22%,0.02%,0.26%,0.01%,0.08%,0.01%,0.06%,0.01%,0.06%,0.01%,0.04%,0.01%,0.04%,0.00,0.00,0.00,0.00,0.00,0.00,0.00,0.00,0.00,0.00,0.00,0.00,0.00,0.00,0.00,0.00,0.00,0.00,0.00,0.00,0.00,0.00,0.00,0.00,120,0.678,84,84,59.97,60.01,60.03
30-Jul-2018 19:10:00,10.000,Y,116.08,117.26,117.54,0.95,1.04,1.10,3.42%,0.18,0.15%,2.33%,0.06%,2.25%,0.04%,0.22%,0.03%,0.99%,0.03%,0.14%,0.02%,0.17%,0.02%,0.27%,0.02%,0.06%,0.01%,0.06%,0.01%,0.06%,0.01%,0.03%,0.01%,0.06%,0.01,0.13,0.00,0.06,0.00,0.03,0.00,0.06,0.00,0.05,0.00,0.05,0.00,0.03,0.00,0.01,0.00,0.01,0.00,0.01,0.00,0.00,0.00,0.00,115.70,116.94,117.42,0.00,0.00,0.34,3.70%,0.00,0.15%,2.60%,0.06%,2.34%,0.04%,0.23%,0.03%,1.05%,0.03%,0.19%,0.02%,0.28%,0.02%,0.26%,0.01%,0.10%,0.01%,0.07%,0.01%,0.09%,0.01%,0.06%,0.01%,0.04%,0.00,0.00,0.00,0.00,0.00,0.00,0.00,0.00,0.00,0.00,0.00,0.00,0.00,0.00,0.00,0.00,0.00,0.00,0.00,0.00,0.00,0.00,0.00,0.00,231.32,233.40,234.10,0.00,0.00,0.00,3.55%,0.00,0.15%,2.47%,0.06%,2.30%,0.04%,0.22%,0.03%,1.02%,0.03%,0.17%,0.02%,0.23%,0.02%,0.26%,0.01%,0.08%,0.01%,0.06%,0.01%,0.07%,0.01%,0.03%,0.01%,0.04%,0.00,0.00,0.00,0.00,0.00,0.00,0.00,0.00,0.00,0.00,0.00,0.00,0.00,0.00,0.00,0.00,0.00,0.00,0.00,0.00,0.00,0.00,0.00,0.00,120,0.676,84,84,59.97,60.01,60.04
30-Jul-2018 19:20:00,10.000,Y,116.30,117.18,117.48,0.95,1.04,1.10,3.41%,0.18,0.11%,2.31%,0.04%,2.25%,0.03%,0.20%,0.02%,1.00%,0.02%,0.13%,0.01%,0.18%,0.01%,0.26%,0.01%,0.05%,0.01%,0.05%,0.01%,0.05%,0.01%,0.02%,0.01%,0.06%,0.01,0.13,0.00,0.06,0.00,0.03,0.00,0.06,0.00,0.05,0.00,0.05,0.00,0.03,0.00,0.01,0.00,0.01,0.00,0.01,0.00,0.00,0.00,0.00,116.14,117.26,117.50,0.00,0.00,0.34,3.60%,0.00,0.11%,2.52%,0.04%,2.28%,0.03%,0.24%,0.02%,1.05%,0.02%,0.16%,0.02%,0.27%,0.01%,0.26%,0.01%,0.08%,0.01%,0.06%,0.01%,0.07%,0.01%,0.06%,0.01%,0.04%,0.00,0.00,0.00,0.00,0.00,0.00,0.00,0.00,0.00,0.00,0.00,0.00,0.00,0.00,0.00,0.00,0.00,0.00,0.00,0.00,0.00,0.00,0.00,0.00,232.24,233.66,234.16,0.00,0.00,0.00,3.50%,0.00,0.11%,2.42%,0.04%,2.27%,0.03%,0.22%,0.02%,1.02%,0.02%,0.14%,0.01%,0.22%,0.01%,0.26%,0.01%,0.06%,0.01%,0.05%,0.01%,0.06%,0.01%,0.04%,0.01%,0.04%,0.00,0.00,0.00,0.00,0.00,0.00,0.00,0.00,0.00,0.00,0.00,0.00,0.00,0.00,0.00,0.00,0.00,0.00,0.00,0.00,0.00,0.00,0.00,0.00,120,0.676,84,84,59.95,59.99,60.05
30-Jul-2018 19:30:00,10.000,Y,115.74,116.96,117.42,0.95,1.03,1.10,3.42%,0.18,0.13%,2.31%,0.05%,2.26%,0.04%,0.21%,0.03%,1.00%,0.02%,0.15%,0.02%,0.18%,0.02%,0.26%,0.01%,0.07%,0.01%,0.07%,0.01%,0.04%,0.01%,0.04%,0.01%,0.05%,0.01,0.13,0.00,0.06,0.00,0.03,0.00,0.06,0.00,0.05,0.00,0.05,0.00,0.03,0.00,0.01,0.00,0.01,0.00,0.01,0.00,0.00,0.00,0.00,116.14,117.36,117.78,0.00,0.00,0.38,3.61%,0.00,0.13%,2.51%,0.05%,2.29%,0.03%,0.27%,0.03%,1.08%,0.02%,0.17%,0.02%,0.27%,0.02%,0.28%,0.01%,0.09%,0.01%,0.07%,0.01%,0.07%,0.01%,0.07%,0.01%,0.04%,0.00,0.00,0.00,0.00,0.00,0.00,0.00,0.00,0.00,0.00,0.00,0.00,0.00,0.00,0.00,0.00,0.00,0.00,0.00,0.00,0.00,0.00,0.00,0.00,231.12,233.52,234.40,0.00,0.00,0.00,3.51%,0.00,0.13%,2.41%,0.05%,2.27%,0.04%,0.24%,0.03%,1.04%,0.02%,0.16%,0.02%,0.22%,0.02%,0.27%,0.01%,0.08%,0.01%,0.06%,0.01%,0.06%,0.01%,0.04%,0.01%,0.03%,0.00,0.00,0.00,0.00,0.00,0.00,0.00,0.00,0.00,0.00,0.00,0.00,0.00,0.00,0.00,0.00,0.00,0.00,0.00,0.00,0.00,0.00,0.00,0.00,120,0.678,84,84,59.96,60.00,60.05
30-Jul-2018 19:40:00,10.000,Y,116.04,117.22,117.72,0.95,1.03,1.10,3.43%,0.18,0.10%,2.36%,0.04%,2.23%,0.03%,0.19%,0.02%,1.00%,0.02%,0.19%,0.01%,0.19%,0.01%,0.27%,0.01%,0.07%,0.01%,0.07%,0.01%,0.05%,0.01%,0.04%,0.01%,0.06%,0.01,0.13,0.00,0.06,0.00,0.03,0.00,0.06,0.00,0.05,0.00,0.05,0.00,0.03,0.00,0.01,0.00,0.01,0.00,0.01,0.00,0.00,0.00,0.00,116.46,117.62,118.00,0.00,0.00,0.34,3.64%,0.00,0.10%,2.55%,0.04%,2.28%,0.03%,0.28%,0.02%,1.09%,0.02%,0.18%,0.01%,0.28%,0.01%,0.30%,0.01%,0.09%,0.01%,0.08%,0.01%,0.08%,0.01%,0.08%,0.01%,0.04%,0.00,0.00,0.00,0.00,0.00,0.00,0.00,0.00,0.00,0.00,0.00,0.00,0.00,0.00,0.00,0.00,0.00,0.00,0.00,0.00,0.00,0.00,0.00,0.00,232.46,234.06,234.76,0.00,0.00,0.00,3.53%,0.00,0.10%,2.45%,0.04%,2.26%,0.03%,0.23%,0.02%,1.04%,0.02%,0.18%,0.01%,0.24%,0.01%,0.28%,0.01%,0.07%,0.01%,0.07%,0.01%,0.06%,0.01%,0.05%,0.01%,0.04%,0.00,0.00,0.00,0.00,0.00,0.00,0.00,0.00,0.00,0.00,0.00,0.00,0.00,0.00,0.00,0.00,0.00,0.00,0.00,0.00,0.00,0.00,0.00,0.00,120,0.676,84,84,59.94,59.99,60.04
30-Jul-2018 19:50:00,10.000,Y,116.12,117.40,117.76,0.95,2.40,6.74,3.44%,1.03,0.12%,2.41%,0.05%,2.16%,0.03%,0.21%,0.02%,1.05%,0.02%,0.16%,0.01%,0.19%,0.01%,0.27%,0.01%,0.04%,0.01%,0.09%,0.01%,0.06%,0.01%,0.04%,0.01%,0.07%,0.01,0.83,0.01,0.41,0.00,0.28,0.00,0.26,0.01,0.14,0.00,0.08,0.00,0.08,0.00,0.06,0.00,0.05,0.00,0.05,0.00,0.02,0.00,0.02,116.66,117.74,118.06,0.00,0.00,0.34,3.64%,0.00,0.12%,2.55%,0.05%,2.30%,0.03%,0.24%,0.03%,1.07%,0.02%,0.18%,0.02%,0.28%,0.02%,0.30%,0.01%,0.10%,0.01%,0.07%,0.01%,0.09%,0.01%,0.08%,0.01%,0.04%,0.00,0.00,0.00,0.00,0.00,0.00,0.00,0.00,0.00,0.00,0.00,0.00,0.00,0.00,0.00,0.00,0.00,0.00,0.00,0.00,0.00,0.00,0.00,0.00,232.90,234.34,234.88,0.00,0.00,0.00,3.54%,0.00,0.12%,2.48%,0.05%,2.23%,0.03%,0.22%,0.02%,1.06%,0.02%,0.17%,0.01%,0.23%,0.01%,0.28%,0.01%,0.06%,0.01%,0.07%,0.01%,0.07%,0.01%,0.04%,0.01%,0.04%,0.00,0.00,0.00,0.00,0.00,0.00,0.00,0.00,0.00,0.00,0.00,0.00,0.00,0.00,0.00,0.00,0.00,0.00,0.00,0.00,0.00,0.00,0.00,0.00,276,0.885,228,36,59.97,60.00,60.05
30-Jul-2018 20:00:00,10.000,Y,116.66,117.62,118.04,3.87,4.03,4.15,3.46%,2.14,0.13%,2.46%,0.05%,2.10%,0.04%,0.23%,0.03%,1.13%,0.02%,0.13%,0.02%,0.18%,0.01%,0.29%,0.01%,0.03%,0.01%,0.11%,0.01%,0.09%,0.01%,0.04%,0.01%,0.09%,0.01,1.69,0.01,0.90,0.01,0.64,0.01,0.55,0.01,0.29,0.01,0.14,0.01,0.18,0.01,0.16,0.01,0.13,0.01,0.13,0.01,0.09,0.00,0.07,116.90,117.88,118.20,0.00,0.00,0.34,3.65%,0.00,0.13%,2.53%,0.05%,2.34%,0.04%,0.26%,0.03%,1.06%,0.02%,0.18%,0.02%,0.28%,0.01%,0.26%,0.01%,0.10%,0.01%,0.08%,0.01%,0.09%,0.01%,0.08%,0.01%,0.03%,0.00,0.00,0.00,0.00,0.00,0.00,0.00,0.00,0.00,0.00,0.00,0.00,0.00,0.00,0.00,0.00,0.00,0.00,0.00,0.00,0.00,0.00,0.00,0.00,233.30,234.70,235.42,0.00,0.00,0.00,3.55%,0.00,0.13%,2.49%,0.05%,2.22%,0.04%,0.22%,0.03%,1.09%,0.02%,0.15%,0.02%,0.22%,0.01%,0.28%,0.01%,0.06%,0.01%,0.08%,0.01%,0.08%,0.01%,0.02%,0.01%,0.04%,0.00,0.00,0.00,0.00,0.00,0.00,0.00,0.00,0.00,0.00,0.00,0.00,0.00,0.00,0.00,0.00,0.00,0.00,0.00,0.00,0.00,0.00,0.00,0.00,480,-0.838,396,0,59.98,60.00,60.04
30-Jul-2018 20:10:00,10.000,Y,113.08,116.62,118.14,3.89,4.07,4.18,3.42%,2.16,0.12%,2.52%,0.04%,1.81%,0.03%,0.46%,0.02%,1.21%,0.02%,0.32%,0.02%,0.26%,0.01%,0.28%,0.01%,0.06%,0.01%,0.11%,0.01%,0.11%,0.01%,0.02%,0.01%,0.09%,0.01,1.72,0.01,0.90,0.01,0.62,0.01,0.55,0.01,0.30,0.01,0.15,0.01,0.18,0.01,0.16,0.01,0.13,0.00,0.13,0.00,0.09,0.00,0.06,113.48,116.96,118.18,0.00,0.00,0.35,3.49%,0.00,0.12%,2.50%,0.04%,1.96%,0.03%,0.57%,0.02%,1.15%,0.02%,0.34%,0.02%,0.37%,0.01%,0.25%,0.01%,0.14%,0.01%,0.08%,0.01%,0.07%,0.01%,0.11%,0.01%,0.04%,0.00,0.00,0.00,0.00,0.00,0.00,0.00,0.00,0.00,0.00,0.00,0.00,0.00,0.00,0.00,0.00,0.00,0.00,0.00,0.00,0.00,0.00,0.00,0.00,226.06,232.78,235.48,0.00,0.00,0.00,3.45%,0.00,0.12%,2.51%,0.04%,1.89%,0.03%,0.51%,0.02%,1.17%,0.02%,0.33%,0.01%,0.31%,0.01%,0.26%,0.01%,0.10%,0.01%,0.08%,0.01%,0.09%,0.01%,0.05%,0.01%,0.05%,0.00,0.00,0.00,0.00,0.00,0.00,0.00,0.00,0.00,0.00,0.00,0.00,0.00,0.00,0.00,0.00,0.00,0.00,0.00,0.00,0.00,0.00,0.00,0.00,480,-0.836,396,0,59.97,60.00,60.03
30-Jul-2018 20:20:00,10.000,Y,115.84,116.78,117.28,0.95,1.60,4.16,3.27%,0.57,0.12%,2.37%,0.05%,1.73%,0.03%,0.59%,0.03%,1.17%,0.02%,0.38%,0.02%,0.28%,0.02%,0.26%,0.01%,0.10%,0.01%,0.11%,0.01%,0.06%,0.01%,0.05%,0.01%,0.07%,0.01,0.44,0.00,0.23,0.00,0.13,0.00,0.18,0.00,0.10,0.00,0.07,0.00,0.05,0.00,0.04,0.00,0.04,0.00,0.03,0.00,0.02,0.00,0.01,116.28,117.06,117.42,0.00,0.00,0.35,3.49%,0.00,0.12%,2.53%,0.05%,1.82%,0.03%,0.69%,0.03%,1.23%,0.02%,0.40%,0.02%,0.40%,0.02%,0.29%,0.01%,0.15%,0.01%,0.10%,0.01%,0.08%,0.01%,0.10%,0.01%,0.04%,0.00,0.00,0.00,0.00,0.00,0.00,0.00,0.00,0.00,0.00,0.00,0.00,0.00,0.00,0.00,0.00,0.00,0.00,0.00,0.00,0.00,0.00,0.00,0.00,231.78,233.04,233.68,0.00,0.00,0.00,3.38%,0.00,0.12%,2.45%,0.04%,1.78%,0.03%,0.64%,0.02%,1.19%,0.02%,0.39%,0.02%,0.34%,0.02%,0.27%,0.01%,0.12%,0.01%,0.10%,0.01%,0.07%,0.01%,0.06%,0.01%,0.05%,0.00,0.00,0.00,0.00,0.00,0.00,0.00,0.00,0.00,0.00,0.00,0.00,0.00,0.00,0.00,0.00,0.00,0.00,0.00,0.00,0.00,0.00,0.00,0.00,192,0.767,144,72,59.96,60.00,60.04
30-Jul-2018 20:30:00,10.000,Y,116.08,117.06,117.52,0.95,1.04,1.11,3.28%,0.18,0.11%,2.34%,0.04%,1.78%,0.03%,0.64%,0.02%,1.17%,0.02%,0.38%,0.02%,0.31%,0.01%,0.27%,0.01%,0.10%,0.01%,0.10%,0.01%,0.05%,0.01%,0.06%,0.01%,0.07%,0.01,0.13,0.00,0.07,0.00,0.01,0.00,0.08,0.00,0.05,0.00,0.05,0.00,0.02,0.00,0.01,0.00,0.02,0.00,0.00,0.00,0.00,0.00,0.00,116.28,117.28,117.54,0.00,0.00,0.34,3.46%,0.00,0.11%,2.47%,0.04%,1.84%,0.03%,0.70%,0.02%,1.22%,0.02%,0.41%,0.01%,0.39%,0.01%,0.30%,0.01%,0.14%,0.01%,0.09%,0.01%,0.08%,0.01%,0.09%,0.01%,0.03%,0.00,0.00,0.00,0.00,0.00,0.00,0.00,0.00,0.00,0.00,0.00,0.00,0.00,0.00,0.00,0.00,0.00,0.00,0.00,0.00,0.00,0.00,0.00,0.00,232.04,233.54,234.16,0.00,0.00,0.00,3.37%,0.00,0.11%,2.41%,0.04%,1.81%,0.03%,0.67%,0.02%,1.20%,0.02%,0.39%,0.01%,0.35%,0.01%,0.28%,0.01%,0.11%,0.01%,0.09%,0.01%,0.06%,0.01%,0.06%,0.01%,0.04%,0.00,0.00,0.00,0.00,0.00,0.00,0.00,0.00,0.00,0.00,0.00,0.00,0.00,0.00,0.00,0.00,0.00,0.00,0.00,0.00,0.00,0.00,0.00,0.00,120,0.676,84,84,59.97,59.99,60.03
30-Jul-2018 20:40:00,10.000,Y,116.22,117.30,117.74,0.94,1.03,1.10,3.33%,0.18,0.13%,2.33%,0.05%,1.82%,0.03%,0.67%,0.03%,1.21%,0.02%,0.38%,0.02%,0.33%,0.02%,0.28%,0.01%,0.12%,0.01%,0.09%,0.01%,0.07%,0.01%,0.06%,0.01%,0.08%,0.01,0.13,0.00,0.07,0.00,0.01,0.00,0.09,0.00,0.05,0.00,0.05,0.00,0.02,0.00,0.02,0.00,0.02,0.00,0.00,0.00,0.00,0.00,0.00,116.56,117.54,117.94,0.00,0.00,0.35,3.44%,0.00,0.13%,2.43%,0.05%,1.84%,0.03%,0.70%,0.03%,1.25%,0.02%,0.42%,0.02%,0.41%,0.01%,0.30%,0.01%,0.14%,0.01%,0.09%,0.01%,0.09%,0.01%,0.10%,0.01%,0.04%,0.00,0.00,0.00,0.00,0.00,0.00,0.00,0.00,0.00,0.00,0.00,0.00,0.00,0.00,0.00,0.00,0.00,0.00,0.00,0.00,0.00,0.00,0.00,0.00,232.50,234.06,234.74,0.00,0.00,0.00,3.38%,0.00,0.13%,2.38%,0.05%,1.83%,0.03%,0.69%,0.03%,1.23%,0.02%,0.40%,0.02%,0.37%,0.02%,0.29%,0.01%,0.12%,0.01%,0.09%,0.01%,0.08%,0.01%,0.07%,0.01%,0.05%,0.00,0.00,0.00,0.00,0.00,0.00,0.00,0.00,0.00,0.00,0.00,0.00,0.00,0.00,0.00,0.00,0.00,0.00,0.00,0.00,0.00,0.00,0.00,0.00,120,0.670,84,84,59.96,60.00,60.04
30-Jul-2018 20:50:00,10.000,Y,115.86,117.36,117.70,0.95,1.03,1.09,3.28%,0.18,0.11%,2.29%,0.04%,1.80%,0.03%,0.68%,0.02%,1.19%,0.02%,0.38%,0.02%,0.33%,0.02%,0.30%,0.01%,0.12%,0.01%,0.09%,0.01%,0.07%,0.01%,0.06%,0.01%,0.07%,0.01,0.13,0.00,0.07,0.00,0.01,0.00,0.08,0.00,0.05,0.00,0.05,0.00,0.02,0.00,0.01,0.00,0.02,0.00,0.00,0.00,0.00,0.00,0.00,116.82,117.66,117.92,0.00,0.00,0.34,3.41%,0.00,0.11%,2.36%,0.04%,1.86%,0.03%,0.71%,0.02%,1.24%,0.02%,0.41%,0.02%,0.42%,0.01%,0.30%,0.01%,0.13%,0.01%,0.08%,0.01%,0.08%,0.01%,0.10%,0.01%,0.02%,0.00,0.00,0.00,0.00,0.00,0.00,0.00,0.00,0.00,0.00,0.00,0.00,0.00,0.00,0.00,0.00,0.00,0.00,0.00,0.00,0.00,0.00,0.00,0.00,232.34,234.20,234.76,0.00,0.00,0.00,3.34%,0.00,0.11%,2.33%,0.04%,1.83%,0.03%,0.69%,0.02%,1.21%,0.02%,0.40%,0.02%,0.38%,0.02%,0.29%,0.01%,0.12%,0.01%,0.09%,0.01%,0.07%,0.01%,0.07%,0.01%,0.04%,0.00,0.00,0.00,0.00,0.00,0.00,0.00,0.00,0.00,0.00,0.00,0.00,0.00,0.00,0.00,0.00,0.00,0.00,0.00,0.00,0.00,0.00,0.00,0.00,120,0.670,84,84,59.96,59.99,60.03
30-Jul-2018 21:00:00,10.000,Y,116.40,117.56,117.90,0.96,1.03,1.09,3.23%,0.18,0.12%,2.21%,0.05%,1.81%,0.03%,0.67%,0.03%,1.18%,0.02%,0.39%,0.02%,0.32%,0.01%,0.31%,0.01%,0.11%,0.01%,0.09%,0.01%,0.07%,0.01%,0.05%,0.01%,0.07%,0.01,0.12,0.00,0.07,0.00,0.01,0.00,0.08,0.00,0.05,0.00,0.05,0.00,0.02,0.00,0.01,0.00,0.02,0.00,0.00,0.00,0.00,0.00,0.00,117.00,117.74,118.14,0.00,0.00,0.34,3.34%,0.00,0.12%,2.29%,0.05%,1.85%,0.03%,0.69%,0.02%,1.23%,0.02%,0.41%,0.02%,0.42%,0.01%,0.29%,0.01%,0.12%,0.01%,0.09%,0.01%,0.07%,0.01%,0.09%,0.01%,0.02%,0.00,0.00,0.00,0.00,0.00,0.00,0.00,0.00,0.00,0.00,0.00,0.00,0.00,0.00,0.00,0.00,0.00,0.00,0.00,0.00,0.00,0.00,0.00,0.00,233.04,234.52,235.24,0.00,0.00,0.00,3.28%,0.00,0.12%,2.25%,0.05%,1.83%,0.03%,0.68%,0.02%,1.20%,0.02%,0.40%,0.02%,0.36%,0.01%,0.29%,0.01%,0.11%,0.01%,0.09%,0.01%,0.07%,0.01%,0.06%,0.01%,0.04%,0.00,0.00,0.00,0.00,0.00,0.00,0.00,0.00,0.00,0.00,0.00,0.00,0.00,0.00,0.00,0.00,0.00,0.00,0.00,0.00,0.00,0.00,0.00,0.00,120,0.669,84,84,59.96,60.00,60.05
30-Jul-2018 21:10:00,10.000,Y,116.42,117.62,118.14,0.95,1.03,1.09,3.16%,0.18,0.12%,2.12%,0.04%,1.82%,0.04%,0.66%,0.02%,1.17%,0.02%,0.36%,0.02%,0.31%,0.02%,0.29%,0.01%,0.11%,0.01%,0.08%,0.01%,0.07%,0.01%,0.05%,0.01%,0.06%,0.01,0.12,0.00,0.07,0.00,0.01,0.00,0.08,0.00,0.05,0.00,0.05,0.00,0.02,0.00,0.01,0.00,0.02,0.00,0.00,0.00,0.00,0.00,0.00,116.92,117.82,118.36,0.00,0.00,0.34,3.30%,0.00,0.11%,2.22%,0.04%,1.87%,0.03%,0.71%,0.02%,1.23%,0.02%,0.39%,0.02%,0.43%,0.02%,0.29%,0.01%,0.14%,0.01%,0.09%,0.01%,0.08%,0.01%,0.09%,0.01%,0.04%,0.00,0.00,0.00,0.00,0.00,0.00,0.00,0.00,0.00,0.00,0.00,0.00,0.00,0.00,0.00,0.00,0.00,0.00,0.00,0.00,0.00,0.00,0.00,0.00,232.92,234.64,235.54,0.00,0.00,0.00,3.23%,0.00,0.11%,2.17%,0.04%,1.84%,0.03%,0.68%,0.02%,1.19%,0.02%,0.38%,0.01%,0.37%,0.02%,0.29%,0.01%,0.12%,0.01%,0.08%,0.01%,0.08%,0.01%,0.06%,0.01%,0.05%,0.00,0.00,0.00,0.00,0.00,0.00,0.00,0.00,0.00,0.00,0.00,0.00,0.00,0.00,0.00,0.00,0.00,0.00,0.00,0.00,0.00,0.00,0.00,0.00,120,0.669,84,84,59.95,59.99,60.06
30-Jul-2018 21:20:00,10.000,Y,116.50,117.34,117.84,0.95,1.03,1.10,3.19%,0.18,0.13%,2.09%,0.05%,1.91%,0.04%,0.67%,0.03%,1.18%,0.02%,0.35%,0.02%,0.31%,0.02%,0.30%,0.01%,0.11%,0.01%,0.07%,0.01%,0.06%,0.01%,0.06%,0.01%,0.05%,0.01,0.12,0.00,0.07,0.00,0.01,0.00,0.08,0.00,0.05,0.00,0.05,0.00,0.02,0.00,0.01,0.00,0.02,0.00,0.00,0.00,0.00,0.00,0.00,116.64,117.54,117.96,0.00,0.00,0.34,3.31%,0.00,0.13%,2.15%,0.05%,1.98%,0.03%,0.71%,0.03%,1.20%,0.02%,0.38%,0.02%,0.42%,0.02%,0.29%,0.01%,0.12%,0.01%,0.07%,0.01%,0.10%,0.01%,0.07%,0.01%,0.03%,0.00,0.00,0.00,0.00,0.00,0.00,0.00,0.00,0.00,0.00,0.00,0.00,0.00,0.00,0.00,0.00,0.00,0.00,0.00,0.00,0.00,0.00,0.00,0.00,232.88,234.08,234.94,0.00,0.00,0.00,3.25%,0.00,0.13%,2.12%,0.05%,1.94%,0.03%,0.69%,0.03%,1.19%,0.02%,0.36%,0.02%,0.36%,0.02%,0.29%,0.01%,0.11%,0.01%,0.07%,0.01%,0.08%,0.01%,0.05%,0.01%,0.04%,0.00,0.00,0.00,0.00,0.00,0.00,0.00,0.00,0.00,0.00,0.00,0.00,0.00,0.00,0.00,0.00,0.00,0.00,0.00,0.00,0.00,0.00,0.00,0.00,120,0.670,84,84,59.97,60.00,60.04
30-Jul-2018 21:30:00,10.000,Y,116.56,117.70,118.08,0.96,1.03,1.10,3.16%,0.18,0.13%,2.02%,0.05%,1.92%,0.04%,0.68%,0.03%,1.18%,0.02%,0.36%,0.02%,0.32%,0.02%,0.31%,0.01%,0.11%,0.01%,0.07%,0.01%,0.07%,0.01%,0.06%,0.01%,0.05%,0.01,0.12,0.00,0.07,0.00,0.01,0.00,0.08,0.00,0.05,0.00,0.05,0.00,0.02,0.00,0.01,0.00,0.01,0.00,0.00,0.00,0.00,0.00,0.00,116.96,118.10,118.46,0.00,0.00,0.36,3.29%,0.00,0.13%,2.13%,0.05%,1.98%,0.04%,0.68%,0.03%,1.19%,0.02%,0.38%,0.02%,0.42%,0.02%,0.31%,0.01%,0.11%,0.01%,0.08%,0.01%,0.12%,0.01%,0.06%,0.01%,0.04%,0.00,0.00,0.00,0.00,0.00,0.00,0.00,0.00,0.00,0.00,0.00,0.00,0.00,0.00,0.00,0.00,0.00,0.00,0.00,0.00,0.00,0.00,0.00,0.00,232.72,235.00,235.58,0.00,0.00,0.00,3.22%,0.00,0.13%,2.08%,0.05%,1.95%,0.04%,0.68%,0.02%,1.18%,0.02%,0.37%,0.02%,0.37%,0.01%,0.30%,0.01%,0.10%,0.01%,0.08%,0.01%,0.09%,0.01%,0.05%,0.01%,0.04%,0.00,0.00,0.00,0.00,0.00,0.00,0.00,0.00,0.00,0.00,0.00,0.00,0.00,0.00,0.00,0.00,0.00,0.00,0.00,0.00,0.00,0.00,0.00,0.00,120,0.668,84,84,59.97,60.00,60.04
30-Jul-2018 21:40:00,10.000,Y,116.78,117.86,118.18,0.96,1.03,1.11,3.09%,0.18,0.11%,1.94%,0.04%,1.90%,0.04%,0.70%,0.02%,1.14%,0.02%,0.35%,0.01%,0.32%,0.01%,0.30%,0.01%,0.10%,0.01%,0.07%,0.01%,0.08%,0.01%,0.06%,0.01%,0.05%,0.01,0.12,0.00,0.07,0.00,0.01,0.00,0.08,0.00,0.05,0.00,0.05,0.00,0.02,0.00,0.01,0.00,0.01,0.00,0.00,0.00,0.00,0.00,0.00,117.38,118.30,118.64,0.00,0.00,0.34,3.29%,0.00,0.11%,2.07%,0.04%,2.01%,0.03%,0.73%,0.02%,1.20%,0.02%,0.39%,0.02%,0.44%,0.01%,0.31%,0.01%,0.12%,0.01%,0.10%,0.01%,0.12%,0.01%,0.06%,0.01%,0.05%,0.00,0.00,0.00,0.00,0.00,0.00,0.00,0.00,0.00,0.00,0.00,0.00,0.00,0.00,0.00,0.00,0.00,0.00,0.00,0.00,0.00,0.00,0.00,0.00,233.82,235.36,235.92,0.00,0.00,0.00,3.18%,0.00,0.11%,2.00%,0.04%,1.96%,0.03%,0.71%,0.02%,1.17%,0.02%,0.37%,0.01%,0.38%,0.01%,0.30%,0.01%,0.11%,0.01%,0.08%,0.01%,0.10%,0.01%,0.05%,0.01%,0.05%,0.00,0.00,0.00,0.00,0.00,0.00,0.00,0.00,0.00,0.00,0.00,0.00,0.00,0.00,0.00,0.00,0.00,0.00,0.00,0.00,0.00,0.00,0.00,0.00,120,0.668,84,84,59.94,59.99,60.04
30-Jul-2018 21:50:00,10.000,Y,116.70,117.76,118.38,0.09,0.22,1.10,3.07%,0.04,0.12%,1.85%,0.04%,1.98%,0.03%,0.69%,0.03%,1.11%,0.02%,0.33%,0.02%,0.32%,0.02%,0.29%,0.01%,0.10%,0.01%,0.08%,0.01%,0.07%,0.01%,0.06%,0.01%,0.05%,0.00,0.03,0.00,0.01,0.00,0.00,0.00,0.02,0.00,0.01,0.00,0.01,0.00,0.00,0.00,0.00,0.00,0.00,0.00,0.00,0.00,0.00,0.00,0.00,117.06,117.98,118.46,0.00,0.00,0.36,3.26%,0.00,0.12%,1.97%,0.05%,2.11%,0.03%,0.71%,0.03%,1.15%,0.02%,0.40%,0.02%,0.44%,0.02%,0.28%,0.01%,0.12%,0.01%,0.10%,0.01%,0.11%,0.01%,0.07%,0.01%,0.06%,0.00,0.00,0.00,0.00,0.00,0.00,0.00,0.00,0.00,0.00,0.00,0.00,0.00,0.00,0.00,0.00,0.00,0.00,0.00,0.00,0.00,0.00,0.00,0.00,233.48,234.94,236.00,0.00,0.00,0.00,3.16%,0.00,0.12%,1.91%,0.04%,2.04%,0.03%,0.70%,0.03%,1.13%,0.02%,0.36%,0.02%,0.37%,0.02%,0.28%,0.01%,0.11%,0.01%,0.09%,0.01%,0.09%,0.01%,0.05%,0.01%,0.05%,0.00,0.00,0.00,0.00,0.00,0.00,0.00,0.00,0.00,0.00,0.00,0.00,0.00,0.00,0.00,0.00,0.00,0.00,0.00,0.00,0.00,0.00,0.00,0.00,24,0.932,12,24,59.96,60.00,60.04
30-Jul-2018 22:00:00,10.000,Y,117.32,118.26,118.64,0.00,0.00,0.20,3.03%,0.00,0.12%,1.79%,0.04%,1.97%,0.03%,0.70%,0.03%,1.12%,0.02%,0.34%,0.02%,0.33%,0.01%,0.28%,0.01%,0.10%,0.01%,0.07%,0.01%,0.05%,0.01%,0.07%,0.01%,0.05%,0.00,0.00,0.00,0.00,0.00,0.00,0.00,0.00,0.00,0.00,0.00,0.00,0.00,0.00,0.00,0.00,0.00,0.00,0.00,0.00,0.00,0.00,0.00,0.00,117.10,118.46,118.90,0.00,0.00,0.33,3.25%,0.00,0.12%,1.92%,0.05%,2.11%,0.03%,0.72%,0.03%,1.16%,0.02%,0.41%,0.02%,0.44%,0.01%,0.29%,0.01%,0.13%,0.01%,0.09%,0.01%,0.09%,0.01%,0.08%,0.01%,0.05%,0.00,0.00,0.00,0.00,0.00,0.00,0.00,0.00,0.00,0.00,0.00,0.00,0.00,0.00,0.00,0.00,0.00,0.00,0.00,0.00,0.00,0.00,0.00,0.00,234.46,235.92,236.64,0.00,0.00,0.00,3.13%,0.00,0.12%,1.86%,0.04%,2.04%,0.03%,0.70%,0.03%,1.14%,0.02%,0.37%,0.02%,0.38%,0.01%,0.28%,0.01%,0.12%,0.01%,0.08%,0.01%,0.07%,0.01%,0.06%,0.01%,0.05%,0.00,0.00,0.00,0.00,0.00,0.00,0.00,0.00,0.00,0.00,0.00,0.00,0.00,0.00,0.00,0.00,0.00,0.00,0.00,0.00,0.00,0.00,0.00,0.00,0,1.000,0,0,59.95,60.00,60.04
30-Jul-2018 22:10:00,10.000,Y,117.58,118.38,118.68,0.00,0.00,0.19,2.91%,0.00,0.13%,1.68%,0.05%,1.90%,0.04%,0.67%,0.03%,1.12%,0.02%,0.32%,0.02%,0.31%,0.02%,0.28%,0.01%,0.09%,0.01%,0.07%,0.01%,0.05%,0.01%,0.06%,0.01%,0.05%,0.00,0.00,0.00,0.00,0.00,0.00,0.00,0.00,0.00,0.00,0.00,0.00,0.00,0.00,0.00,0.00,0.00,0.00,0.00,0.00,0.00,0.00,0.00,0.00,117.70,118.56,118.98,0.00,0.00,0.34,3.07%,0.00,0.13%,1.76%,0.05%,2.02%,0.03%,0.72%,0.03%,1.15%,0.02%,0.38%,0.02%,0.41%,0.02%,0.27%,0.01%,0.11%,0.01%,0.07%,0.01%,0.09%,0.01%,0.08%,0.01%,0.03%,0.00,0.00,0.00,0.00,0.00,0.00,0.00,0.00,0.00,0.00,0.00,0.00,0.00,0.00,0.00,0.00,0.00,0.00,0.00,0.00,0.00,0.00,0.00,0.00,235.10,236.14,236.84,0.00,0.00,0.00,2.99%,0.00,0.13%,1.72%,0.05%,1.96%,0.03%,0.69%,0.03%,1.13%,0.02%,0.35%,0.02%,0.36%,0.02%,0.27%,0.01%,0.10%,0.01%,0.07%,0.01%,0.06%,0.01%,0.05%,0.01%,0.04%,0.00,0.00,0.00,0.00,0.00,0.00,0.00,0.00,0.00,0.00,0.00,0.00,0.00,0.00,0.00,0.00,0.00,0.00,0.00,0.00,0.00,0.00,0.00,0.00,0,1.000,0,0,59.94,60.01,60.08
30-Jul-2018 22:20:00,10.000,Y,117.78,118.68,119.00,0.10,0.32,14.02,2.86%,0.05,0.14%,1.59%,0.05%,1.91%,0.04%,0.67%,0.03%,1.09%,0.02%,0.31%,0.02%,0.32%,0.02%,0.26%,0.01%,0.07%,0.01%,0.07%,0.01%,0.04%,0.01%,0.06%,0.01%,0.04%,0.00,0.04,0.00,0.02,0.00,0.00,0.00,0.02,0.00,0.01,0.00,0.01,0.00,0.01,0.00,0.00,0.00,0.00,0.00,0.00,0.00,0.00,0.00,0.00,117.80,118.72,119.08,0.00,0.00,0.36,2.96%,0.00,0.14%,1.66%,0.05%,1.98%,0.04%,0.72%,0.03%,1.09%,0.02%,0.36%,0.02%,0.39%,0.02%,0.26%,0.02%,0.08%,0.01%,0.07%,0.01%,0.08%,0.01%,0.07%,0.01%,0.03%,0.00,0.00,0.00,0.00,0.00,0.00,0.00,0.00,0.00,0.00,0.00,0.00,0.00,0.00,0.00,0.00,0.00,0.00,0.00,0.00,0.00,0.00,0.00,0.00,235.46,236.60,237.26,0.00,0.00,0.00,2.90%,0.00,0.14%,1.62%,0.05%,1.95%,0.03%,0.70%,0.03%,1.09%,0.02%,0.34%,0.02%,0.35%,0.02%,0.26%,0.01%,0.07%,0.01%,0.07%,0.01%,0.06%,0.01%,0.06%,0.01%,0.04%,0.00,0.00,0.00,0.00,0.00,0.00,0.00,0.00,0.00,0.00,0.00,0.00,0.00,0.00,0.00,0.00,0.00,0.00,0.00,0.00,0.00,0.00,0.00,0.00,36,0.926,24,24,59.92,60.01,60.06
30-Jul-2018 22:30:00,10.000,Y,117.78,118.72,119.06,0.98,1.06,1.13,2.74%,0.17,0.11%,1.47%,0.05%,1.87%,0.03%,0.68%,0.02%,1.06%,0.02%,0.28%,0.01%,0.30%,0.01%,0.25%,0.01%,0.07%,0.01%,0.07%,0.01%,0.03%,0.01%,0.06%,0.01%,0.03%,0.01,0.11,0.00,0.07,0.00,0.02,0.00,0.07,0.00,0.05,0.00,0.05,0.00,0.02,0.00,0.01,0.00,0.01,0.00,0.01,0.00,0.00,0.00,0.00,117.54,118.44,119.00,0.00,0.00,0.34,2.92%,0.00,0.11%,1.59%,0.05%,1.98%,0.03%,0.74%,0.02%,1.06%,0.02%,0.33%,0.02%,0.39%,0.01%,0.26%,0.01%,0.07%,0.01%,0.07%,0.01%,0.08%,0.01%,0.04%,0.01%,0.03%,0.00,0.00,0.00,0.00,0.00,0.00,0.00,0.00,0.00,0.00,0.00,0.00,0.00,0.00,0.00,0.00,0.00,0.00,0.00,0.00,0.00,0.00,0.00,0.00,234.56,236.36,237.22,0.00,0.00,0.00,2.83%,0.00,0.11%,1.53%,0.05%,1.93%,0.03%,0.71%,0.02%,1.06%,0.02%,0.31%,0.01%,0.35%,0.01%,0.25%,0.01%,0.06%,0.01%,0.07%,0.01%,0.05%,0.01%,0.04%,0.01%,0.03%,0.00,0.00,0.00,0.00,0.00,0.00,0.00,0.00,0.00,0.00,0.00,0.00,0.00,0.00,0.00,0.00,0.00,0.00,0.00,0.00,0.00,0.00,0.00,0.00,120,0.676,84,84,59.91,59.98,60.06
30-Jul-2018 22:40:00,10.000,Y,115.50,118.60,120.06,0.91,1.04,1.13,2.69%,0.16,0.14%,1.43%,0.06%,1.83%,0.04%,0.70%,0.03%,1.04%,0.02%,0.29%,0.02%,0.32%,0.02%,0.25%,0.01%,0.07%,0.01%,0.08%,0.01%,0.03%,0.01%,0.07%,0.01%,0.03%,0.01,0.11,0.00,0.07,0.00,0.03,0.00,0.07,0.00,0.04,0.00,0.05,0.00,0.02,0.00,0.01,0.00,0.01,0.00,0.01,0.00,0.00,0.00,0.00,115.72,118.94,120.26,0.00,0.00,0.39,2.85%,0.00,0.14%,1.54%,0.06%,1.92%,0.04%,0.75%,0.03%,1.04%,0.02%,0.34%,0.02%,0.41%,0.02%,0.26%,0.01%,0.08%,0.01%,0.08%,0.01%,0.09%,0.01%,0.05%,0.01%,0.04%,0.00,0.00,0.00,0.00,0.00,0.00,0.00,0.00,0.00,0.00,0.00,0.00,0.00,0.00,0.00,0.00,0.00,0.00,0.00,0.00,0.00,0.00,0.00,0.00,230.44,236.72,239.52,0.00,0.00,0.00,2.76%,0.00,0.14%,1.48%,0.06%,1.87%,0.04%,0.73%,0.03%,1.03%,0.02%,0.31%,0.02%,0.36%,0.02%,0.25%,0.01%,0.07%,0.01%,0.08%,0.01%,0.06%,0.01%,0.05%,0.01%,0.04%,0.00,0.00,0.00,0.00,0.00,0.00,0.00,0.00,0.00,0.00,0.00,0.00,0.00,0.00,0.00,0.00,0.00,0.00,0.00,0.00,0.00,0.00,0.00,0.00,120,0.668,84,84,59.96,60.01,60.05
30-Jul-2018 22:50:00,10.000,Y,117.66,118.84,119.36,0.96,1.04,1.10,2.62%,0.16,0.14%,1.35%,0.05%,1.79%,0.04%,0.70%,0.03%,1.03%,0.02%,0.28%,0.02%,0.31%,0.02%,0.24%,0.01%,0.07%,0.01%,0.07%,0.01%,0.03%,0.01%,0.07%,0.01%,0.04%,0.01,0.11,0.00,0.07,0.00,0.03,0.00,0.07,0.00,0.04,0.00,0.05,0.00,0.02,0.00,0.00,0.00,0.01,0.00,0.00,0.00,0.00,0.00,0.00,118.12,119.24,119.76,0.00,0.00,0.34,2.80%,0.00,0.14%,1.47%,0.05%,1.89%,0.04%,0.78%,0.03%,1.05%,0.02%,0.34%,0.02%,0.39%,0.02%,0.26%,0.01%,0.09%,0.01%,0.08%,0.01%,0.08%,0.01%,0.05%,0.01%,0.04%,0.00,0.00,0.00,0.00,0.00,0.00,0.00,0.00,0.00,0.00,0.00,0.00,0.00,0.00,0.00,0.00,0.00,0.00,0.00,0.00,0.00,0.00,0.00,0.00,235.44,237.28,238.28,0.00,0.00,0.00,2.70%,0.00,0.14%,1.41%,0.05%,1.84%,0.04%,0.74%,0.03%,1.04%,0.02%,0.31%,0.02%,0.34%,0.01%,0.24%,0.01%,0.07%,0.01%,0.08%,0.01%,0.05%,0.01%,0.05%,0.01%,0.04%,0.00,0.00,0.00,0.00,0.00,0.00,0.00,0.00,0.00,0.00,0.00,0.00,0.00,0.00,0.00,0.00,0.00,0.00,0.00,0.00,0.00,0.00,0.00,0.00,120,0.667,84,84,59.95,60.01,60.07
30-Jul-2018 23:00:00,10.000,Y,118.18,119.18,119.54,0.97,1.05,1.11,2.57%,0.16,0.13%,1.22%,0.05%,1.82%,0.04%,0.73%,0.02%,1.02%,0.02%,0.24%,0.02%,0.31%,0.01%,0.24%,0.01%,0.05%,0.01%,0.07%,0.01%,0.03%,0.01%,0.06%,0.01%,0.04%,0.01,0.10,0.00,0.07,0.00,0.03,0.00,0.07,0.00,0.05,0.00,0.05,0.00,0.02,0.00,0.00,0.00,0.01,0.00,0.00,0.00,0.00,0.00,0.00,118.60,119.50,119.86,0.00,0.00,0.34,2.77%,0.00,0.13%,1.38%,0.05%,1.92%,0.03%,0.77%,0.03%,1.07%,0.02%,0.33%,0.02%,0.38%,0.02%,0.27%,0.01%,0.09%,0.01%,0.07%,0.01%,0.07%,0.01%,0.06%,0.01%,0.04%,0.00,0.00,0.00,0.00,0.00,0.00,0.00,0.00,0.00,0.00,0.00,0.00,0.00,0.00,0.00,0.00,0.00,0.00,0.00,0.00,0.00,0.00,0.00,0.00,236.40,237.88,238.56,0.00,0.00,0.00,2.67%,0.00,0.13%,1.30%,0.05%,1.87%,0.04%,0.75%,0.02%,1.04%,0.02%,0.28%,0.02%,0.34%,0.01%,0.25%,0.01%,0.07%,0.01%,0.07%,0.01%,0.05%,0.01%,0.05%,0.01%,0.03%,0.00,0.00,0.00,0.00,0.00,0.00,0.00,0.00,0.00,0.00,0.00,0.00,0.00,0.00,0.00,0.00,0.00,0.00,0.00,0.00,0.00,0.00,0.00,0.00,120,0.666,84,96,59.95,60.00,60.08
30-Jul-2018 23:10:00,10.000,Y,118.22,119.16,119.64,0.96,1.05,1.11,2.52%,0.16,0.11%,1.15%,0.04%,1.82%,0.03%,0.72%,0.02%,0.99%,0.02%,0.24%,0.01%,0.31%,0.01%,0.24%,0.01%,0.05%,0.01%,0.06%,0.01%,0.03%,0.01%,0.05%,0.01%,0.05%,0.01,0.10,0.00,0.07,0.00,0.03,0.00,0.06,0.00,0.04,0.00,0.05,0.00,0.03,0.00,0.00,0.00,0.01,0.00,0.01,0.00,0.00,0.00,0.00,118.56,119.48,119.98,0.00,0.00,0.33,2.69%,0.00,0.11%,1.30%,0.04%,1.91%,0.03%,0.74%,0.03%,1.02%,0.02%,0.31%,0.02%,0.38%,0.02%,0.26%,0.01%,0.07%,0.01%,0.07%,0.01%,0.06%,0.01%,0.07%,0.01%,0.04%,0.00,0.00,0.00,0.00,0.00,0.00,0.00,0.00,0.00,0.00,0.00,0.00,0.00,0.00,0.00,0.00,0.00,0.00,0.00,0.00,0.00,0.00,0.00,0.00,236.32,237.84,238.80,0.00,0.00,0.00,2.60%,0.00,0.11%,1.22%,0.04%,1.86%,0.03%,0.73%,0.02%,1.00%,0.02%,0.27%,0.01%,0.34%,0.01%,0.24%,0.01%,0.06%,0.01%,0.07%,0.01%,0.04%,0.01%,0.05%,0.01%,0.04%,0.00,0.00,0.00,0.00,0.00,0.00,0.00,0.00,0.00,0.00,0.00,0.00,0.00,0.00,0.00,0.00,0.00,0.00,0.00,0.00,0.00,0.00,0.00,0.00,120,0.668,84,96,59.96,59.99,60.04
30-Jul-2018 23:20:00,10.000,Y,118.08,119.58,120.00,0.96,1.04,1.10,2.48%,0.15,0.12%,1.09%,0.05%,1.80%,0.03%,0.71%,0.02%,0.99%,0.02%,0.24%,0.02%,0.31%,0.01%,0.25%,0.01%,0.04%,0.01%,0.07%,0.01%,0.04%,0.01%,0.04%,0.01%,0.04%,0.01,0.10,0.00,0.07,0.00,0.03,0.00,0.06,0.00,0.04,0.00,0.05,0.00,0.03,0.00,0.00,0.00,0.01,0.00,0.00,0.00,0.00,0.00,0.00,118.98,119.84,120.14,0.00,0.00,0.33,2.67%,0.00,0.12%,1.23%,0.05%,1.92%,0.03%,0.76%,0.02%,1.00%,0.02%,0.32%,0.02%,0.37%,0.01%,0.26%,0.01%,0.06%,0.01%,0.08%,0.01%,0.07%,0.01%,0.05%,0.01%,0.04%,0.00,0.00,0.00,0.00,0.00,0.00,0.00,0.00,0.00,0.00,0.00,0.00,0.00,0.00,0.00,0.00,0.00,0.00,0.00,0.00,0.00,0.00,0.00,0.00,236.52,238.60,239.30,0.00,0.00,0.00,2.57%,0.00,0.12%,1.16%,0.05%,1.85%,0.03%,0.73%,0.02%,0.99%,0.02%,0.28%,0.02%,0.34%,0.01%,0.25%,0.01%,0.05%,0.01%,0.07%,0.01%,0.05%,0.01%,0.04%,0.01%,0.04%,0.00,0.00,0.00,0.00,0.00,0.00,0.00,0.00,0.00,0.00,0.00,0.00,0.00,0.00,0.00,0.00,0.00,0.00,0.00,0.00,0.00,0.00,0.00,0.00,120,0.661,84,96,59.93,59.99,60.05
30-Jul-2018 23:30:00,10.000,Y,118.16,119.68,120.02,0.97,1.04,1.10,2.44%,0.15,0.12%,1.03%,0.05%,1.79%,0.04%,0.70%,0.03%,0.97%,0.02%,0.24%,0.01%,0.31%,0.01%,0.24%,0.01%,0.04%,0.01%,0.06%,0.01%,0.04%,0.01%,0.05%,0.01%,0.04%,0.01,0.10,0.00,0.07,0.00,0.03,0.00,0.06,0.00,0.04,0.00,0.05,0.00,0.03,0.00,0.00,0.00,0.01,0.00,0.01,0.00,0.00,0.00,0.00,119.08,119.88,120.20,0.00,0.00,0.32,2.62%,0.00,0.12%,1.15%,0.05%,1.92%,0.03%,0.77%,0.02%,0.97%,0.02%,0.31%,0.02%,0.37%,0.02%,0.25%,0.01%,0.06%,0.01%,0.08%,0.01%,0.07%,0.01%,0.06%,0.01%,0.04%,0.00,0.00,0.00,0.00,0.00,0.00,0.00,0.00,0.00,0.00,0.00,0.00,0.00,0.00,0.00,0.00,0.00,0.00,0.00,0.00,0.00,0.00,0.00,0.00,236.92,238.76,239.38,0.00,0.00,0.00,2.53%,0.00,0.12%,1.09%,0.05%,1.85%,0.04%,0.73%,0.02%,0.97%,0.02%,0.27%,0.02%,0.34%,0.01%,0.24%,0.01%,0.05%,0.01%,0.07%,0.01%,0.05%,0.01%,0.04%,0.01%,0.04%,0.00,0.00,0.00,0.00,0.00,0.00,0.00,0.00,0.00,0.00,0.00,0.00,0.00,0.00,0.00,0.00,0.00,0.00,0.00,0.00,0.00,0.00,0.00,0.00,120,0.662,84,96,59.95,59.99,60.06
30-Jul-2018 23:40:00,10.000,Y,118.86,119.76,120.26,0.97,1.04,1.10,2.38%,0.15,0.13%,0.96%,0.05%,1.76%,0.04%,0.71%,0.03%,0.95%,0.02%,0.24%,0.02%,0.31%,0.01%,0.23%,0.01%,0.04%,0.01%,0.06%,0.01%,0.04%,0.01%,0.05%,0.01%,0.04%,0.01,0.09,0.00,0.07,0.00,0.03,0.00,0.06,0.00,0.04,0.00,0.05,0.00,0.03,0.00,0.00,0.00,0.01,0.00,0.00,0.00,0.00,0.00,0.00,119.18,119.98,120.36,0.00,0.00,0.33,2.56%,0.00,0.13%,1.08%,0.05%,1.88%,0.04%,0.77%,0.03%,0.97%,0.02%,0.30%,0.02%,0.36%,0.02%,0.24%,0.01%,0.07%,0.01%,0.08%,0.01%,0.07%,0.01%,0.06%,0.01%,0.04%,0.00,0.00,0.00,0.00,0.00,0.00,0.00,0.00,0.00,0.00,0.00,0.00,0.00,0.00,0.00,0.00,0.00,0.00,0.00,0.00,0.00,0.00,0.00,0.00,237.74,238.92,239.68,0.00,0.00,0.00,2.47%,0.00,0.13%,1.02%,0.05%,1.82%,0.04%,0.74%,0.03%,0.96%,0.02%,0.27%,0.02%,0.33%,0.01%,0.23%,0.01%,0.05%,0.01%,0.07%,0.01%,0.05%,0.01%,0.05%,0.01%,0.04%,0.00,0.00,0.00,0.00,0.00,0.00,0.00,0.00,0.00,0.00,0.00,0.00,0.00,0.00,0.00,0.00,0.00,0.00,0.00,0.00,0.00,0.00,0.00,0.00,120,0.661,84,96,59.94,60.00,60.07
30-Jul-2018 23:50:00,10.000,Y,118.96,119.88,120.24,0.97,1.04,1.09,2.33%,0.15,0.14%,0.90%,0.05%,1.73%,0.04%,0.72%,0.03%,0.92%,0.02%,0.26%,0.02%,0.30%,0.01%,0.22%,0.01%,0.05%,0.01%,0.07%,0.01%,0.04%,0.01%,0.05%,0.01%,0.04%,0.01,0.09,0.00,0.07,0.00,0.03,0.00,0.06,0.00,0.04,0.00,0.05,0.00,0.03,0.00,0.00,0.00,0.01,0.00,0.00,0.00,0.00,0.00,0.00,119.26,120.04,120.28,0.00,0.00,0.33,2.48%,0.00,0.14%,1.00%,0.05%,1.82%,0.04%,0.76%,0.03%,0.96%,0.02%,0.32%,0.02%,0.33%,0.02%,0.24%,0.01%,0.08%,0.01%,0.08%,0.01%,0.07%,0.01%,0.06%,0.01%,0.03%,0.00,0.00,0.00,0.00,0.00,0.00,0.00,0.00,0.00,0.00,0.00,0.00,0.00,0.00,0.00,0.00,0.00,0.00,0.00,0.00,0.00,0.00,0.00,0.00,237.96,239.12,239.66,0.00,0.00,0.00,2.40%,0.00,0.14%,0.95%,0.05%,1.78%,0.04%,0.74%,0.03%,0.93%,0.02%,0.29%,0.02%,0.31%,0.01%,0.23%,0.01%,0.06%,0.01%,0.07%,0.01%,0.05%,0.01%,0.05%,0.01%,0.04%,0.00,0.00,0.00,0.00,0.00,0.00,0.00,0.00,0.00,0.00,0.00,0.00,0.00,0.00,0.00,0.00,0.00,0.00,0.00,0.00,0.00,0.00,0.00,0.00,120,0.661,84,96,59.96,60.00,60.03
31-Jul-2018 00:00:00,10.000,Y,119.16,120.16,120.48,0.97,1.04,1.10,2.31%,0.15,0.15%,0.86%,0.06%,1.71%,0.04%,0.75%,0.03%,0.93%,0.03%,0.26%,0.02%,0.30%,0.02%,0.22%,0.01%,0.05%,0.01%,0.07%,0.01%,0.04%,0.01%,0.04%,0.01%,0.05%,0.01,0.09,0.00,0.07,0.00,0.03,0.00,0.06,0.00,0.04,0.00,0.05,0.00,0.03,0.00,0.00,0.00,0.01,0.00,0.01,0.00,0.00,0.00,0.00,119.34,120.18,120.52,0.00,0.00,0.33,2.45%,0.00,0.15%,0.94%,0.06%,1.79%,0.04%,0.79%,0.03%,0.97%,0.03%,0.31%,0.02%,0.33%,0.02%,0.24%,0.01%,0.08%,0.01%,0.07%,0.01%,0.07%,0.01%,0.06%,0.01%,0.04%,0.00,0.00,0.00,0.00,0.00,0.00,0.00,0.00,0.00,0.00,0.00,0.00,0.00,0.00,0.00,0.00,0.00,0.00,0.00,0.00,0.00,0.00,0.00,0.00,238.22,239.52,240.08,0.00,0.00,0.00,2.37%,0.00,0.15%,0.90%,0.06%,1.75%,0.04%,0.77%,0.03%,0.94%,0.03%,0.29%,0.02%,0.31%,0.02%,0.23%,0.01%,0.06%,0.01%,0.06%,0.01%,0.05%,0.01%,0.04%,0.01%,0.04%,0.00,0.00,0.00,0.00,0.00,0.00,0.00,0.00,0.00,0.00,0.00,0.00,0.00,0.00,0.00,0.00,0.00,0.00,0.00,0.00,0.00,0.00,0.00,0.00,120,0.659,84,96,59.97,60.02,60.07
31-Jul-2018 00:10:00,10.000,Y,119.20,120.18,120.62,0.97,1.04,1.11,2.30%,0.15,0.15%,0.84%,0.06%,1.67%,0.05%,0.78%,0.03%,0.96%,0.03%,0.24%,0.02%,0.29%,0.02%,0.21%,0.01%,0.05%,0.01%,0.07%,0.01%,0.04%,0.01%,0.04%,0.01%,0.05%,0.01,0.09,0.00,0.07,0.00,0.03,0.00,0.06,0.00,0.04,0.00,0.05,0.00,0.03,0.00,0.00,0.00,0.01,0.00,0.01,0.00,0.00,0.00,0.00,119.46,120.36,120.92,0.00,0.00,0.33,2.41%,0.00,0.15%,0.91%,0.06%,1.74%,0.04%,0.81%,0.03%,0.99%,0.03%,0.28%,0.02%,0.32%,0.02%,0.23%,0.02%,0.08%,0.01%,0.06%,0.01%,0.06%,0.01%,0.06%,0.01%,0.04%,0.00,0.00,0.00,0.00,0.00,0.00,0.00,0.00,0.00,0.00,0.00,0.00,0.00,0.00,0.00,0.00,0.00,0.00,0.00,0.00,0.00,0.00,0.00,0.00,238.38,239.72,240.62,0.00,0.00,0.00,2.35%,0.00,0.15%,0.87%,0.06%,1.71%,0.05%,0.79%,0.03%,0.97%,0.03%,0.26%,0.02%,0.30%,0.02%,0.22%,0.01%,0.07%,0.01%,0.06%,0.01%,0.05%,0.01%,0.05%,0.01%,0.04%,0.00,0.00,0.00,0.00,0.00,0.00,0.00,0.00,0.00,0.00,0.00,0.00,0.00,0.00,0.00,0.00,0.00,0.00,0.00,0.00,0.00,0.00,0.00,0.00,120,0.660,84,96,59.97,60.01,60.06
31-Jul-2018 00:20:00,10.000,Y,119.10,120.24,120.52,0.97,1.05,1.11,2.28%,0.15,0.15%,0.78%,0.06%,1.68%,0.04%,0.79%,0.03%,0.96%,0.03%,0.23%,0.02%,0.29%,0.02%,0.21%,0.01%,0.05%,0.01%,0.07%,0.01%,0.05%,0.01%,0.05%,0.01%,0.05%,0.01,0.09,0.00,0.07,0.00,0.03,0.00,0.06,0.00,0.04,0.00,0.05,0.00,0.03,0.00,0.00,0.00,0.01,0.00,0.01,0.00,0.00,0.00,0.00,119.42,120.58,120.86,0.00,0.00,0.33,2.41%,0.00,0.15%,0.88%,0.06%,1.74%,0.04%,0.82%,0.03%,1.01%,0.03%,0.28%,0.02%,0.32%,0.02%,0.24%,0.01%,0.09%,0.01%,0.07%,0.01%,0.07%,0.01%,0.07%,0.01%,0.04%,0.00,0.00,0.00,0.00,0.00,0.00,0.00,0.00,0.00,0.00,0.00,0.00,0.00,0.00,0.00,0.00,0.00,0.00,0.00,0.00,0.00,0.00,0.00,0.00,238.76,240.02,240.50,0.00,0.00,0.00,2.34%,0.00,0.15%,0.83%,0.06%,1.71%,0.04%,0.80%,0.03%,0.98%,0.03%,0.25%,0.02%,0.30%,0.02%,0.22%,0.01%,0.07%,0.01%,0.07%,0.01%,0.05%,0.01%,0.05%,0.01%,0.04%,0.00,0.00,0.00,0.00,0.00,0.00,0.00,0.00,0.00,0.00,0.00,0.00,0.00,0.00,0.00,0.00,0.00,0.00,0.00,0.00,0.00,0.00,0.00,0.00,120,0.663,84,96,59.94,60.01,60.08
31-Jul-2018 00:30:00,10.000,Y,119.12,120.16,120.48,0.97,1.04,1.12,2.27%,0.15,0.11%,0.76%,0.04%,1.69%,0.03%,0.78%,0.02%,0.94%,0.02%,0.23%,0.01%,0.29%,0.01%,0.21%,0.01%,0.05%,0.01%,0.06%,0.01%,0.04%,0.01%,0.05%,0.01%,0.05%,0.01,0.09,0.00,0.07,0.00,0.04,0.00,0.05,0.00,0.04,0.00,0.05,0.00,0.03,0.00,0.00,0.00,0.01,0.00,0.01,0.00,0.00,0.00,0.00,119.86,120.64,120.88,0.00,0.00,0.32,2.41%,0.00,0.11%,0.86%,0.04%,1.76%,0.03%,0.84%,0.02%,1.01%,0.02%,0.29%,0.01%,0.33%,0.01%,0.24%,0.01%,0.09%,0.01%,0.07%,0.01%,0.06%,0.01%,0.07%,0.01%,0.04%,0.00,0.00,0.00,0.00,0.00,0.00,0.00,0.00,0.00,0.00,0.00,0.00,0.00,0.00,0.00,0.00,0.00,0.00,0.00,0.00,0.00,0.00,0.00,0.00,238.66,239.98,240.50,0.00,0.00,0.00,2.34%,0.00,0.11%,0.81%,0.04%,1.72%,0.03%,0.81%,0.02%,0.97%,0.02%,0.26%,0.01%,0.30%,0.01%,0.22%,0.01%,0.07%,0.01%,0.06%,0.01%,0.05%,0.01%,0.05%,0.01%,0.04%,0.00,0.00,0.00,0.00,0.00,0.00,0.00,0.00,0.00,0.00,0.00,0.00,0.00,0.00,0.00,0.00,0.00,0.00,0.00,0.00,0.00,0.00,0.00,0.00,120,0.661,84,96,59.95,59.99,60.03
31-Jul-2018 00:40:00,10.000,Y,118.92,120.10,120.60,0.97,1.04,1.10,2.23%,0.14,0.13%,0.75%,0.05%,1.66%,0.04%,0.77%,0.03%,0.93%,0.03%,0.23%,0.02%,0.29%,0.02%,0.21%,0.01%,0.05%,0.01%,0.07%,0.01%,0.04%,0.01%,0.04%,0.01%,0.05%,0.01,0.09,0.00,0.07,0.00,0.04,0.00,0.05,0.00,0.04,0.00,0.05,0.00,0.03,0.00,0.00,0.00,0.01,0.00,0.01,0.00,0.00,0.00,0.00,119.16,120.26,120.76,0.00,0.00,0.32,2.36%,0.00,0.13%,0.82%,0.05%,1.73%,0.04%,0.83%,0.02%,0.97%,0.03%,0.27%,0.02%,0.31%,0.02%,0.23%,0.01%,0.08%,0.01%,0.06%,0.01%,0.05%,0.01%,0.06%,0.01%,0.04%,0.00,0.00,0.00,0.00,0.00,0.00,0.00,0.00,0.00,0.00,0.00,0.00,0.00,0.00,0.00,0.00,0.00,0.00,0.00,0.00,0.00,0.00,0.00,0.00,237.80,239.54,240.50,0.00,0.00,0.00,2.29%,0.00,0.13%,0.78%,0.05%,1.69%,0.04%,0.80%,0.02%,0.94%,0.03%,0.25%,0.02%,0.29%,0.02%,0.21%,0.01%,0.06%,0.01%,0.06%,0.01%,0.04%,0.01%,0.05%,0.01%,0.04%,0.00,0.00,0.00,0.00,0.00,0.00,0.00,0.00,0.00,0.00,0.00,0.00,0.00,0.00,0.00,0.00,0.00,0.00,0.00,0.00,0.00,0.00,0.00,0.00,120,0.660,84,96,59.95,60.01,60.04
31-Jul-2018 00:50:00,10.000,Y,118.70,119.62,119.90,0.96,1.04,1.10,2.18%,0.14,0.12%,0.74%,0.05%,1.60%,0.04%,0.79%,0.03%,0.92%,0.02%,0.23%,0.02%,0.28%,0.01%,0.19%,0.01%,0.05%,0.01%,0.07%,0.01%,0.04%,0.01%,0.04%,0.01%,0.05%,0.01,0.09,0.00,0.07,0.00,0.03,0.00,0.05,0.00,0.04,0.00,0.05,0.00,0.02,0.00,0.00,0.00,0.01,0.00,0.01,0.00,0.00,0.00,0.00,119.00,119.80,120.06,0.00,0.00,0.33,2.29%,0.00,0.12%,0.80%,0.05%,1.67%,0.04%,0.83%,0.03%,0.94%,0.03%,0.28%,0.02%,0.29%,0.02%,0.21%,0.01%,0.09%,0.01%,0.07%,0.01%,0.06%,0.01%,0.06%,0.01%,0.05%,0.00,0.00,0.00,0.00,0.00,0.00,0.00,0.00,0.00,0.00,0.00,0.00,0.00,0.00,0.00,0.00,0.00,0.00,0.00,0.00,0.00,0.00,0.00,0.00,237.38,238.62,239.10,0.00,0.00,0.00,2.23%,0.00,0.12%,0.77%,0.05%,1.63%,0.04%,0.81%,0.03%,0.93%,0.02%,0.25%,0.01%,0.28%,0.01%,0.20%,0.01%,0.07%,0.01%,0.06%,0.01%,0.05%,0.01%,0.05%,0.01%,0.04%,0.00,0.00,0.00,0.00,0.00,0.00,0.00,0.00,0.00,0.00,0.00,0.00,0.00,0.00,0.00,0.00,0.00,0.00,0.00,0.00,0.00,0.00,0.00,0.00,120,0.661,84,96,59.95,60.00,60.05
31-Jul-2018 01:00:00,10.000,Y,118.42,119.56,119.98,0.96,1.04,1.10,2.17%,0.14,0.13%,0.71%,0.05%,1.60%,0.04%,0.79%,0.03%,0.90%,0.02%,0.24%,0.02%,0.28%,0.01%,0.20%,0.01%,0.03%,0.01%,0.06%,0.01%,0.03%,0.01%,0.05%,0.01%,0.05%,0.01,0.09,0.00,0.07,0.00,0.03,0.00,0.05,0.00,0.04,0.00,0.05,0.00,0.02,0.00,0.00,0.00,0.01,0.00,0.00,0.00,0.00,0.00,0.00,119.02,119.80,120.06,0.00,0.00,0.33,2.26%,0.00,0.13%,0.78%,0.05%,1.66%,0.03%,0.80%,0.03%,0.92%,0.02%,0.28%,0.02%,0.30%,0.01%,0.22%,0.01%,0.07%,0.01%,0.06%,0.01%,0.05%,0.01%,0.06%,0.01%,0.05%,0.00,0.00,0.00,0.00,0.00,0.00,0.00,0.00,0.00,0.00,0.00,0.00,0.00,0.00,0.00,0.00,0.00,0.00,0.00,0.00,0.00,0.00,0.00,0.00,237.38,238.54,239.10,0.00,0.00,0.00,2.21%,0.00,0.13%,0.74%,0.05%,1.63%,0.04%,0.79%,0.03%,0.91%,0.02%,0.25%,0.02%,0.29%,0.01%,0.20%,0.01%,0.05%,0.01%,0.06%,0.01%,0.04%,0.01%,0.05%,0.01%,0.04%,0.00,0.00,0.00,0.00,0.00,0.00,0.00,0.00,0.00,0.00,0.00,0.00,0.00,0.00,0.00,0.00,0.00,0.00,0.00,0.00,0.00,0.00,0.00,0.00,120,0.662,84,96,59.93,60.00,60.06
31-Jul-2018 01:10:00,10.000,Y,118.68,119.60,120.06,0.96,1.04,1.10,2.12%,0.14,0.11%,0.67%,0.04%,1.58%,0.03%,0.78%,0.02%,0.87%,0.02%,0.25%,0.01%,0.27%,0.01%,0.19%,0.01%,0.03%,0.01%,0.06%,0.01%,0.04%,0.01%,0.05%,0.01%,0.05%,0.01,0.08,0.00,0.07,0.00,0.04,0.00,0.05,0.00,0.04,0.00,0.04,0.00,0.02,0.00,0.00,0.00,0.01,0.00,0.00,0.00,0.00,0.00,0.01,119.24,120.08,120.52,0.00,0.00,0.33,2.27%,0.00,0.11%,0.77%,0.04%,1.65%,0.03%,0.84%,0.02%,0.93%,0.02%,0.30%,0.01%,0.30%,0.01%,0.22%,0.01%,0.07%,0.01%,0.07%,0.01%,0.07%,0.01%,0.06%,0.01%,0.05%,0.00,0.00,0.00,0.00,0.00,0.00,0.00,0.00,0.00,0.00,0.00,0.00,0.00,0.00,0.00,0.00,0.00,0.00,0.00,0.00,0.00,0.00,0.00,0.00,237.52,238.88,239.72,0.00,0.00,0.00,2.19%,0.00,0.11%,0.72%,0.04%,1.61%,0.03%,0.81%,0.02%,0.90%,0.02%,0.27%,0.01%,0.28%,0.01%,0.20%,0.01%,0.05%,0.01%,0.06%,0.01%,0.05%,0.01%,0.05%,0.01%,0.05%,0.00,0.00,0.00,0.00,0.00,0.00,0.00,0.00,0.00,0.00,0.00,0.00,0.00,0.00,0.00,0.00,0.00,0.00,0.00,0.00,0.00,0.00,0.00,0.00,120,0.661,84,96,59.93,59.99,60.04
31-Jul-2018 01:20:00,10.000,Y,119.02,120.04,120.28,0.97,1.04,1.09,2.16%,0.14,0.12%,0.68%,0.05%,1.59%,0.03%,0.81%,0.03%,0.90%,0.02%,0.26%,0.02%,0.26%,0.01%,0.20%,0.01%,0.04%,0.01%,0.06%,0.01%,0.05%,0.01%,0.04%,0.01%,0.06%,0.01,0.09,0.00,0.07,0.00,0.03,0.00,0.05,0.00,0.04,0.00,0.05,0.00,0.02,0.00,0.00,0.00,0.01,0.00,0.00,0.00,0.00,0.00,0.01,119.38,120.14,120.48,0.00,0.00,0.33,2.28%,0.00,0.12%,0.75%,0.05%,1.66%,0.03%,0.86%,0.02%,0.94%,0.02%,0.31%,0.02%,0.29%,0.01%,0.23%,0.01%,0.07%,0.01%,0.07%,0.01%,0.08%,0.01%,0.06%,0.01%,0.05%,0.00,0.00,0.00,0.00,0.00,0.00,0.00,0.00,0.00,0.00,0.00,0.00,0.00,0.00,0.00,0.00,0.00,0.00,0.00,0.00,0.00,0.00,0.00,0.00,238.14,239.38,239.86,0.00,0.00,0.00,2.22%,0.00,0.12%,0.72%,0.05%,1.62%,0.03%,0.83%,0.03%,0.92%,0.02%,0.28%,0.01%,0.27%,0.01%,0.21%,0.01%,0.05%,0.01%,0.06%,0.01%,0.06%,0.01%,0.05%,0.01%,0.05%,0.00,0.00,0.00,0.00,0.00,0.00,0.00,0.00,0.00,0.00,0.00,0.00,0.00,0.00,0.00,0.00,0.00,0.00,0.00,0.00,0.00,0.00,0.00,0.00,120,0.660,84,96,59.95,60.00,60.04
31-Jul-2018 01:30:00,10.000,Y,119.10,119.96,120.22,0.96,1.04,1.10,2.14%,0.14,0.13%,0.67%,0.05%,1.57%,0.03%,0.80%,0.03%,0.89%,0.02%,0.25%,0.02%,0.26%,0.01%,0.19%,0.01%,0.04%,0.01%,0.07%,0.01%,0.05%,0.01%,0.05%,0.01%,0.06%,0.01,0.09,0.00,0.07,0.00,0.03,0.00,0.05,0.00,0.04,0.00,0.04,0.00,0.02,0.00,0.00,0.00,0.01,0.00,0.00,0.00,0.00,0.00,0.01,119.48,120.26,120.52,0.00,0.00,0.33,2.27%,0.00,0.13%,0.74%,0.05%,1.65%,0.03%,0.85%,0.03%,0.94%,0.02%,0.30%,0.02%,0.29%,0.02%,0.22%,0.01%,0.07%,0.01%,0.07%,0.01%,0.08%,0.01%,0.07%,0.01%,0.05%,0.00,0.00,0.00,0.00,0.00,0.00,0.00,0.00,0.00,0.00,0.00,0.00,0.00,0.00,0.00,0.00,0.00,0.00,0.00,0.00,0.00,0.00,0.00,0.00,238.34,239.42,239.82,0.00,0.00,0.00,2.20%,0.00,0.13%,0.71%,0.05%,1.61%,0.03%,0.82%,0.03%,0.91%,0.02%,0.27%,0.02%,0.27%,0.01%,0.20%,0.01%,0.05%,0.01%,0.06%,0.01%,0.06%,0.01%,0.06%,0.01%,0.05%,0.00,0.00,0.00,0.00,0.00,0.00,0.00,0.00,0.00,0.00,0.00,0.00,0.00,0.00,0.00,0.00,0.00,0.00,0.00,0.00,0.00,0.00,0.00,0.00,120,0.662,84,96,59.96,60.01,60.05
31-Jul-2018 01:40:00,10.000,Y,118.54,119.96,120.24,0.96,1.04,1.10,2.10%,0.14,0.15%,0.62%,0.06%,1.57%,0.04%,0.79%,0.03%,0.87%,0.03%,0.20%,0.02%,0.26%,0.02%,0.19%,0.01%,0.04%,0.01%,0.06%,0.01%,0.05%,0.01%,0.04%,0.01%,0.05%,0.01,0.08,0.00,0.07,0.00,0.04,0.00,0.05,0.00,0.04,0.00,0.04,0.00,0.03,0.00,0.00,0.00,0.01,0.00,0.00,0.00,0.00,0.00,0.01,119.36,120.22,120.44,0.00,0.00,0.33,2.21%,0.00,0.15%,0.70%,0.06%,1.62%,0.04%,0.81%,0.03%,0.91%,0.03%,0.25%,0.02%,0.28%,0.02%,0.21%,0.01%,0.08%,0.01%,0.06%,0.01%,0.07%,0.01%,0.06%,0.01%,0.04%,0.00,0.00,0.00,0.00,0.00,0.00,0.00,0.00,0.00,0.00,0.00,0.00,0.00,0.00,0.00,0.00,0.00,0.00,0.00,0.00,0.00,0.00,0.00,0.00,237.60,239.36,239.78,0.00,0.00,0.00,2.15%,0.00,0.15%,0.66%,0.06%,1.59%,0.04%,0.80%,0.03%,0.89%,0.03%,0.22%,0.02%,0.27%,0.02%,0.20%,0.01%,0.06%,0.01%,0.06%,0.01%,0.06%,0.01%,0.05%,0.01%,0.04%,0.00,0.00,0.00,0.00,0.00,0.00,0.00,0.00,0.00,0.00,0.00,0.00,0.00,0.00,0.00,0.00,0.00,0.00,0.00,0.00,0.00,0.00,0.00,0.00,120,0.664,84,96,59.96,60.01,60.05
31-Jul-2018 01:50:00,10.000,Y,118.70,119.76,120.12,0.96,1.04,1.11,2.07%,0.14,0.08%,0.62%,0.03%,1.55%,0.03%,0.77%,0.02%,0.86%,0.02%,0.20%,0.01%,0.26%,0.01%,0.18%,0.01%,0.04%,0.01%,0.06%,0.01%,0.04%,0.01%,0.04%,0.01%,0.05%,0.01,0.08,0.00,0.07,0.00,0.04,0.00,0.05,0.00,0.03,0.00,0.04,0.00,0.02,0.00,0.00,0.00,0.01,0.00,0.00,0.00,0.00,0.00,0.00,119.20,120.04,120.28,0.00,0.00,0.33,2.17%,0.00,0.08%,0.69%,0.03%,1.60%,0.03%,0.81%,0.02%,0.90%,0.02%,0.24%,0.01%,0.28%,0.01%,0.20%,0.01%,0.07%,0.01%,0.06%,0.01%,0.06%,0.01%,0.06%,0.01%,0.05%,0.00,0.00,0.00,0.00,0.00,0.00,0.00,0.00,0.00,0.00,0.00,0.00,0.00,0.00,0.00,0.00,0.00,0.00,0.00,0.00,0.00,0.00,0.00,0.00,237.64,239.00,239.52,0.00,0.00,0.00,2.12%,0.00,0.08%,0.65%,0.03%,1.57%,0.03%,0.79%,0.02%,0.88%,0.02%,0.22%,0.01%,0.27%,0.01%,0.19%,0.01%,0.05%,0.01%,0.06%,0.01%,0.05%,0.01%,0.05%,0.01%,0.04%,0.00,0.00,0.00,0.00,0.00,0.00,0.00,0.00,0.00,0.00,0.00,0.00,0.00,0.00,0.00,0.00,0.00,0.00,0.00,0.00,0.00,0.00,0.00,0.00,120,0.661,84,96,59.92,59.97,60.04
31-Jul-2018 02:00:00,10.000,Y,119.00,120.06,120.48,0.96,1.04,1.10,2.09%,0.14,0.13%,0.62%,0.05%,1.54%,0.03%,0.78%,0.03%,0.89%,0.02%,0.20%,0.02%,0.27%,0.01%,0.19%,0.01%,0.04%,0.01%,0.06%,0.01%,0.05%,0.01%,0.04%,0.01%,0.05%,0.01,0.08,0.00,0.07,0.00,0.04,0.00,0.05,0.00,0.04,0.00,0.04,0.00,0.02,0.00,0.00,0.00,0.01,0.00,0.00,0.00,0.00,0.00,0.01,119.24,120.10,120.44,0.00,0.00,0.32,2.18%,0.00,0.13%,0.67%,0.05%,1.61%,0.03%,0.81%,0.03%,0.91%,0.02%,0.24%,0.02%,0.28%,0.01%,0.20%,0.01%,0.07%,0.01%,0.06%,0.01%,0.07%,0.01%,0.06%,0.01%,0.05%,0.00,0.00,0.00,0.00,0.00,0.00,0.00,0.00,0.00,0.00,0.00,0.00,0.00,0.00,0.00,0.00,0.00,0.00,0.00,0.00,0.00,0.00,0.00,0.00,238.08,239.36,240.08,0.00,0.00,0.00,2.13%,0.00,0.13%,0.64%,0.04%,1.57%,0.03%,0.79%,0.03%,0.90%,0.02%,0.22%,0.02%,0.27%,0.01%,0.19%,0.01%,0.06%,0.01%,0.06%,0.01%,0.05%,0.01%,0.05%,0.01%,0.04%,0.00,0.00,0.00,0.00,0.00,0.00,0.00,0.00,0.00,0.00,0.00,0.00,0.00,0.00,0.00,0.00,0.00,0.00,0.00,0.00,0.00,0.00,0.00,0.00,120,0.660,84,96,59.96,60.00,60.05
31-Jul-2018 02:10:00,10.000,Y,119.30,120.12,120.44,0.96,1.04,1.10,2.11%,0.14,0.11%,0.62%,0.04%,1.58%,0.03%,0.78%,0.02%,0.89%,0.02%,0.20%,0.02%,0.27%,0.01%,0.19%,0.01%,0.04%,0.01%,0.06%,0.01%,0.06%,0.01%,0.05%,0.01%,0.06%,0.01,0.08,0.00,0.07,0.00,0.04,0.00,0.05,0.00,0.04,0.00,0.04,0.00,0.02,0.00,0.00,0.00,0.01,0.00,0.00,0.00,0.00,0.00,0.01,119.38,120.28,120.68,0.00,0.00,0.33,2.22%,0.00,0.11%,0.69%,0.04%,1.65%,0.03%,0.82%,0.02%,0.92%,0.02%,0.25%,0.01%,0.28%,0.01%,0.21%,0.01%,0.08%,0.01%,0.07%,0.01%,0.08%,0.01%,0.07%,0.01%,0.05%,0.00,0.00,0.00,0.00,0.00,0.00,0.00,0.00,0.00,0.00,0.00,0.00,0.00,0.00,0.00,0.00,0.00,0.00,0.00,0.00,0.00,0.00,0.00,0.00,238.42,239.58,240.12,0.00,0.00,0.00,2.16%,0.00,0.11%,0.65%,0.04%,1.61%,0.03%,0.80%,0.02%,0.90%,0.02%,0.22%,0.01%,0.27%,0.01%,0.20%,0.01%,0.06%,0.01%,0.06%,0.01%,0.07%,0.01%,0.06%,0.01%,0.05%,0.00,0.00,0.00,0.00,0.00,0.00,0.00,0.00,0.00,0.00,0.00,0.00,0.00,0.00,0.00,0.00,0.00,0.00,0.00,0.00,0.00,0.00,0.00,0.00,120,0.658,84,96,59.95,59.99,60.05
31-Jul-2018 02:20:00,10.000,Y,118.78,120.04,120.42,0.97,1.04,1.09,2.10%,0.14,0.15%,0.59%,0.06%,1.56%,0.04%,0.80%,0.03%,0.87%,0.03%,0.20%,0.02%,0.27%,0.01%,0.19%,0.02%,0.05%,0.01%,0.06%,0.01%,0.06%,0.01%,0.05%,0.01%,0.06%,0.01,0.08,0.00,0.07,0.00,0.04,0.00,0.05,0.00,0.04,0.00,0.04,0.00,0.02,0.00,0.00,0.00,0.01,0.00,0.00,0.00,0.00,0.00,0.01,119.70,120.48,120.80,0.00,0.00,0.33,2.22%,0.00,0.15%,0.68%,0.06%,1.62%,0.04%,0.84%,0.03%,0.92%,0.03%,0.26%,0.02%,0.29%,0.02%,0.21%,0.02%,0.08%,0.01%,0.07%,0.01%,0.08%,0.01%,0.07%,0.01%,0.05%,0.00,0.00,0.00,0.00,0.00,0.00,0.00,0.00,0.00,0.00,0.00,0.00,0.00,0.00,0.00,0.00,0.00,0.00,0.00,0.00,0.00,0.00,0.00,0.00,238.42,239.72,240.12,0.00,0.00,0.00,2.15%,0.00,0.15%,0.63%,0.06%,1.59%,0.04%,0.82%,0.03%,0.89%,0.03%,0.23%,0.02%,0.27%,0.02%,0.20%,0.02%,0.06%,0.01%,0.06%,0.01%,0.07%,0.01%,0.06%,0.01%,0.05%,0.00,0.00,0.00,0.00,0.00,0.00,0.00,0.00,0.00,0.00,0.00,0.00,0.00,0.00,0.00,0.00,0.00,0.00,0.00,0.00,0.00,0.00,0.00,0.00,120,0.660,84,96,59.97,60.02,60.07
31-Jul-2018 02:30:00,10.000,Y,118.60,120.00,120.46,0.97,1.04,1.09,2.10%,0.14,0.15%,0.59%,0.05%,1.59%,0.03%,0.78%,0.03%,0.86%,0.02%,0.21%,0.02%,0.27%,0.01%,0.19%,0.01%,0.04%,0.01%,0.05%,0.01%,0.05%,0.01%,0.05%,0.01%,0.05%,0.01,0.08,0.00,0.07,0.00,0.04,0.00,0.05,0.00,0.03,0.00,0.04,0.00,0.03,0.00,0.00,0.00,0.01,0.00,0.00,0.00,0.00,0.00,0.01,119.56,120.48,120.78,0.00,0.00,0.33,2.22%,0.00,0.15%,0.68%,0.05%,1.64%,0.03%,0.82%,0.03%,0.92%,0.02%,0.27%,0.02%,0.29%,0.02%,0.21%,0.01%,0.08%,0.01%,0.06%,0.01%,0.07%,0.01%,0.07%,0.01%,0.05%,0.00,0.00,0.00,0.00,0.00,0.00,0.00,0.00,0.00,0.00,0.00,0.00,0.00,0.00,0.00,0.00,0.00,0.00,0.00,0.00,0.00,0.00,0.00,0.00,238.12,239.66,240.40,0.00,0.00,0.00,2.16%,0.00,0.15%,0.63%,0.05%,1.61%,0.03%,0.80%,0.03%,0.88%,0.02%,0.24%,0.02%,0.28%,0.01%,0.20%,0.01%,0.06%,0.01%,0.05%,0.01%,0.06%,0.01%,0.05%,0.01%,0.05%,0.00,0.00,0.00,0.00,0.00,0.00,0.00,0.00,0.00,0.00,0.00,0.00,0.00,0.00,0.00,0.00,0.00,0.00,0.00,0.00,0.00,0.00,0.00,0.00,120,0.661,84,96,59.96,60.01,60.08
31-Jul-2018 02:40:00,10.000,Y,118.96,120.28,120.62,0.97,1.04,1.10,2.09%,0.14,0.13%,0.59%,0.05%,1.57%,0.03%,0.79%,0.03%,0.86%,0.02%,0.21%,0.02%,0.28%,0.01%,0.19%,0.01%,0.03%,0.01%,0.06%,0.01%,0.05%,0.01%,0.05%,0.01%,0.05%,0.01,0.08,0.00,0.07,0.00,0.04,0.00,0.05,0.00,0.03,0.00,0.04,0.00,0.03,0.00,0.00,0.00,0.01,0.00,0.00,0.00,0.00,0.00,0.01,119.66,120.50,120.80,0.00,0.00,0.33,2.21%,0.00,0.13%,0.67%,0.05%,1.63%,0.03%,0.83%,0.03%,0.91%,0.02%,0.26%,0.02%,0.30%,0.02%,0.21%,0.01%,0.07%,0.01%,0.06%,0.01%,0.07%,0.01%,0.07%,0.01%,0.05%,0.00,0.00,0.00,0.00,0.00,0.00,0.00,0.00,0.00,0.00,0.00,0.00,0.00,0.00,0.00,0.00,0.00,0.00,0.00,0.00,0.00,0.00,0.00,0.00,238.40,239.96,240.56,0.00,0.00,0.00,2.15%,0.00,0.13%,0.63%,0.05%,1.60%,0.03%,0.80%,0.03%,0.89%,0.02%,0.23%,0.02%,0.28%,0.01%,0.20%,0.01%,0.05%,0.01%,0.05%,0.01%,0.06%,0.01%,0.05%,0.01%,0.05%,0.00,0.00,0.00,0.00,0.00,0.00,0.00,0.00,0.00,0.00,0.00,0.00,0.00,0.00,0.00,0.00,0.00,0.00,0.00,0.00,0.00,0.00,0.00,0.00,120,0.658,84,96,59.94,60.00,60.07
31-Jul-2018 02:50:00,10.000,Y,118.88,119.98,120.32,0.97,1.04,1.11,2.07%,0.14,0.11%,0.58%,0.04%,1.57%,0.03%,0.75%,0.02%,0.86%,0.02%,0.20%,0.01%,0.27%,0.01%,0.19%,0.01%,0.03%,0.01%,0.05%,0.01%,0.04%,0.01%,0.04%,0.01%,0.05%,0.01,0.08,0.00,0.07,0.00,0.04,0.00,0.05,0.00,0.04,0.00,0.04,0.00,0.03,0.00,0.00,0.00,0.01,0.00,0.00,0.00,0.00,0.00,0.01,119.50,120.26,120.76,0.00,0.00,0.33,2.17%,0.00,0.10%,0.65%,0.04%,1.63%,0.03%,0.78%,0.02%,0.89%,0.02%,0.25%,0.02%,0.29%,0.01%,0.21%,0.01%,0.07%,0.01%,0.05%,0.01%,0.06%,0.01%,0.06%,0.01%,0.05%,0.00,0.00,0.00,0.00,0.00,0.00,0.00,0.00,0.00,0.00,0.00,0.00,0.00,0.00,0.00,0.00,0.00,0.00,0.00,0.00,0.00,0.00,0.00,0.00,238.02,239.42,240.18,0.00,0.00,0.00,2.12%,0.00,0.11%,0.61%,0.04%,1.60%,0.03%,0.76%,0.02%,0.87%,0.02%,0.22%,0.01%,0.28%,0.01%,0.19%,0.01%,0.05%,0.01%,0.05%,0.01%,0.05%,0.01%,0.05%,0.01%,0.05%,0.00,0.00,0.00,0.00,0.00,0.00,0.00,0.00,0.00,0.00,0.00,0.00,0.00,0.00,0.00,0.00,0.00,0.00,0.00,0.00,0.00,0.00,0.00,0.00,120,0.662,84,96,59.95,59.99,60.05
31-Jul-2018 03:00:00,10.000,Y,118.34,119.48,120.24,0.96,1.04,1.11,1.87%,0.14,0.11%,0.54%,0.04%,1.36%,0.03%,0.70%,0.02%,0.81%,0.02%,0.24%,0.01%,0.25%,0.01%,0.17%,0.01%,0.05%,0.01%,0.05%,0.01%,0.05%,0.01%,0.04%,0.01%,0.05%,0.01,0.08,0.00,0.07,0.00,0.04,0.00,0.05,0.00,0.03,0.00,0.04,0.00,0.02,0.00,0.00,0.00,0.01,0.00,0.01,0.00,0.00,0.00,0.00,118.98,119.84,120.48,0.00,0.00,0.33,1.99%,0.00,0.11%,0.62%,0.04%,1.43%,0.03%,0.74%,0.02%,0.85%,0.02%,0.30%,0.01%,0.27%,0.01%,0.18%,0.01%,0.09%,0.01%,0.05%,0.01%,0.06%,0.01%,0.06%,0.01%,0.04%,0.00,0.00,0.00,0.00,0.00,0.00,0.00,0.00,0.00,0.00,0.00,0.00,0.00,0.00,0.00,0.00,0.00,0.00,0.00,0.00,0.00,0.00,0.00,0.00,237.10,238.52,239.78,0.00,0.00,0.00,1.92%,0.00,0.11%,0.58%,0.04%,1.40%,0.03%,0.72%,0.02%,0.83%,0.02%,0.27%,0.01%,0.26%,0.01%,0.17%,0.01%,0.07%,0.01%,0.05%,0.01%,0.05%,0.01%,0.05%,0.01%,0.04%,0.00,0.00,0.00,0.00,0.00,0.00,0.00,0.00,0.00,0.00,0.00,0.00,0.00,0.00,0.00,0.00,0.00,0.00,0.00,0.00,0.00,0.00,0.00,0.00,120,0.667,84,96,59.95,59.99,60.04
31-Jul-2018 03:10:00,10.000,Y,114.24,119.26,119.52,0.89,1.03,1.10,1.87%,0.14,0.11%,0.56%,0.04%,1.35%,0.03%,0.72%,0.03%,0.81%,0.02%,0.25%,0.01%,0.24%,0.01%,0.17%,0.01%,0.05%,0.01%,0.05%,0.01%,0.04%,0.01%,0.04%,0.01%,0.05%,0.01,0.08,0.00,0.07,0.00,0.04,0.00,0.05,0.00,0.03,0.00,0.04,0.00,0.02,0.00,0.00,0.00,0.01,0.00,0.01,0.00,0.00,0.00,0.00,114.52,119.56,119.92,0.00,0.00,0.34,2.00%,0.00,0.11%,0.64%,0.04%,1.42%,0.03%,0.77%,0.03%,0.85%,0.02%,0.30%,0.01%,0.27%,0.01%,0.18%,0.01%,0.08%,0.01%,0.06%,0.01%,0.06%,0.01%,0.06%,0.01%,0.04%,0.00,0.00,0.00,0.00,0.00,0.00,0.00,0.00,0.00,0.00,0.00,0.00,0.00,0.00,0.00,0.00,0.00,0.00,0.00,0.00,0.00,0.00,0.00,0.00,228.00,238.02,238.52,0.00,0.00,0.00,1.93%,0.00,0.11%,0.60%,0.04%,1.39%,0.03%,0.75%,0.03%,0.83%,0.02%,0.28%,0.01%,0.25%,0.01%,0.17%,0.01%,0.07%,0.01%,0.05%,0.01%,0.05%,0.01%,0.05%,0.01%,0.04%,0.00,0.00,0.00,0.00,0.00,0.00,0.00,0.00,0.00,0.00,0.00,0.00,0.00,0.00,0.00,0.00,0.00,0.00,0.00,0.00,0.00,0.00,0.00,0.00,120,0.663,84,96,59.95,59.99,60.05
31-Jul-2018 03:20:00,10.000,Y,118.24,119.40,119.72,0.96,1.03,1.10,1.90%,0.14,0.14%,0.57%,0.05%,1.36%,0.03%,0.75%,0.03%,0.82%,0.03%,0.26%,0.02%,0.24%,0.01%,0.17%,0.01%,0.05%,0.01%,0.06%,0.01%,0.05%,0.01%,0.05%,0.01%,0.05%,0.01,0.08,0.00,0.07,0.00,0.03,0.00,0.05,0.00,0.03,0.00,0.04,0.00,0.02,0.00,0.00,0.00,0.01,0.00,0.00,0.00,0.00,0.00,0.00,118.78,119.60,119.90,0.00,0.00,0.33,2.02%,0.00,0.14%,0.65%,0.05%,1.42%,0.03%,0.80%,0.03%,0.86%,0.03%,0.30%,0.02%,0.27%,0.02%,0.18%,0.01%,0.09%,0.01%,0.07%,0.01%,0.07%,0.01%,0.07%,0.01%,0.05%,0.00,0.00,0.00,0.00,0.00,0.00,0.00,0.00,0.00,0.00,0.00,0.00,0.00,0.00,0.00,0.00,0.00,0.00,0.00,0.00,0.00,0.00,0.00,0.00,236.84,238.20,238.80,0.00,0.00,0.00,1.95%,0.00,0.14%,0.61%,0.05%,1.39%,0.03%,0.77%,0.03%,0.83%,0.03%,0.28%,0.02%,0.25%,0.01%,0.17%,0.01%,0.07%,0.01%,0.06%,0.01%,0.06%,0.01%,0.05%,0.01%,0.04%,0.00,0.00,0.00,0.00,0.00,0.00,0.00,0.00,0.00,0.00,0.00,0.00,0.00,0.00,0.00,0.00,0.00,0.00,0.00,0.00,0.00,0.00,0.00,0.00,120,0.663,84,96,59.95,60.00,60.07
31-Jul-2018 03:30:00,10.000,Y,118.52,119.32,119.68,0.96,1.03,1.10,1.89%,0.14,0.12%,0.59%,0.04%,1.34%,0.03%,0.76%,0.02%,0.81%,0.02%,0.25%,0.01%,0.25%,0.01%,0.17%,0.01%,0.05%,0.01%,0.06%,0.01%,0.05%,0.01%,0.05%,0.01%,0.05%,0.01,0.08,0.00,0.07,0.00,0.03,0.00,0.05,0.00,0.04,0.00,0.04,0.00,0.02,0.00,0.00,0.00,0.01,0.00,0.00,0.00,0.00,0.00,0.01,118.70,119.58,119.88,0.00,0.00,0.34,2.02%,0.00,0.12%,0.68%,0.04%,1.41%,0.03%,0.81%,0.02%,0.85%,0.02%,0.31%,0.02%,0.28%,0.01%,0.19%,0.01%,0.09%,0.01%,0.06%,0.01%,0.07%,0.01%,0.07%,0.01%,0.05%,0.00,0.00,0.00,0.00,0.00,0.00,0.00,0.00,0.00,0.00,0.00,0.00,0.00,0.00,0.00,0.00,0.00,0.00,0.00,0.00,0.00,0.00,0.00,0.00,236.86,238.10,238.70,0.00,0.00,0.00,1.95%,0.00,0.12%,0.64%,0.04%,1.37%,0.03%,0.78%,0.02%,0.83%,0.02%,0.28%,0.01%,0.26%,0.01%,0.18%,0.01%,0.07%,0.01%,0.06%,0.01%,0.06%,0.01%,0.06%,0.01%,0.05%,0.00,0.00,0.00,0.00,0.00,0.00,0.00,0.00,0.00,0.00,0.00,0.00,0.00,0.00,0.00,0.00,0.00,0.00,0.00,0.00,0.00,0.00,0.00,0.00,120,0.663,84,96,59.94,59.99,60.04
31-Jul-2018 03:40:00,10.000,Y,118.48,119.30,119.58,0.95,1.03,1.10,1.85%,0.14,0.13%,0.57%,0.05%,1.30%,0.04%,0.73%,0.03%,0.81%,0.02%,0.25%,0.02%,0.24%,0.01%,0.17%,0.01%,0.05%,0.01%,0.05%,0.01%,0.04%,0.01%,0.05%,0.01%,0.05%,0.01,0.08,0.00,0.07,0.00,0.03,0.00,0.05,0.00,0.04,0.00,0.04,0.00,0.02,0.00,0.00,0.00,0.01,0.00,0.01,0.00,0.00,0.00,0.01,118.54,119.30,119.52,0.00,0.00,0.34,1.95%,0.00,0.13%,0.64%,0.05%,1.37%,0.03%,0.75%,0.03%,0.85%,0.02%,0.30%,0.02%,0.26%,0.01%,0.19%,0.01%,0.09%,0.01%,0.05%,0.01%,0.06%,0.01%,0.07%,0.01%,0.05%,0.00,0.00,0.00,0.00,0.00,0.00,0.00,0.00,0.00,0.00,0.00,0.00,0.00,0.00,0.00,0.00,0.00,0.00,0.00,0.00,0.00,0.00,0.00,0.00,236.68,237.78,238.18,0.00,0.00,0.00,1.89%,0.00,0.13%,0.60%,0.05%,1.33%,0.03%,0.74%,0.03%,0.83%,0.02%,0.27%,0.02%,0.24%,0.01%,0.18%,0.01%,0.07%,0.01%,0.05%,0.01%,0.05%,0.01%,0.05%,0.01%,0.05%,0.00,0.00,0.00,0.00,0.00,0.00,0.00,0.00,0.00,0.00,0.00,0.00,0.00,0.00,0.00,0.00,0.00,0.00,0.00,0.00,0.00,0.00,0.00,0.00,120,0.664,84,96,59.97,60.00,60.04
31-Jul-2018 03:50:00,10.000,Y,117.60,119.16,119.50,0.95,1.03,1.09,1.85%,0.14,0.11%,0.56%,0.04%,1.32%,0.03%,0.72%,0.02%,0.80%,0.02%,0.25%,0.01%,0.23%,0.01%,0.16%,0.01%,0.06%,0.01%,0.05%,0.01%,0.04%,0.01%,0.04%,0.01%,0.04%,0.01,0.08,0.00,0.07,0.00,0.03,0.00,0.05,0.00,0.03,0.00,0.04,0.00,0.02,0.00,0.00,0.00,0.01,0.00,0.00,0.00,0.00,0.00,0.01,118.42,119.26,119.54,0.00,0.00,0.33,1.95%,0.00,0.11%,0.64%,0.04%,1.38%,0.03%,0.74%,0.02%,0.85%,0.02%,0.30%,0.02%,0.25%,0.01%,0.18%,0.01%,0.10%,0.01%,0.05%,0.01%,0.06%,0.01%,0.07%,0.01%,0.05%,0.00,0.00,0.00,0.00,0.00,0.00,0.00,0.00,0.00,0.00,0.00,0.00,0.00,0.00,0.00,0.00,0.00,0.00,0.00,0.00,0.00,0.00,0.00,0.00,236.00,237.64,238.02,0.00,0.00,0.00,1.89%,0.00,0.11%,0.60%,0.04%,1.35%,0.03%,0.73%,0.02%,0.82%,0.02%,0.28%,0.01%,0.23%,0.01%,0.17%,0.01%,0.07%,0.01%,0.05%,0.01%,0.05%,0.01%,0.05%,0.01%,0.04%,0.00,0.00,0.00,0.00,0.00,0.00,0.00,0.00,0.00,0.00,0.00,0.00,0.00,0.00,0.00,0.00,0.00,0.00,0.00,0.00,0.00,0.00,0.00,0.00,120,0.663,84,84,59.96,60.00,60.04
31-Jul-2018 04:00:00,10.000,Y,118.22,119.28,119.52,0.95,1.03,1.09,1.84%,0.14,0.17%,0.58%,0.06%,1.29%,0.04%,0.73%,0.03%,0.81%,0.03%,0.27%,0.02%,0.22%,0.02%,0.17%,0.02%,0.05%,0.01%,0.05%,0.01%,0.04%,0.01%,0.04%,0.01%,0.05%,0.01,0.08,0.00,0.07,0.00,0.03,0.00,0.05,0.00,0.03,0.00,0.04,0.00,0.02,0.00,0.00,0.00,0.01,0.00,0.01,0.00,0.00,0.00,0.01,118.68,119.52,119.84,0.00,0.00,0.33,1.97%,0.00,0.17%,0.66%,0.06%,1.35%,0.04%,0.78%,0.03%,0.86%,0.03%,0.32%,0.02%,0.25%,0.02%,0.19%,0.02%,0.08%,0.01%,0.05%,0.01%,0.07%,0.01%,0.06%,0.01%,0.05%,0.00,0.00,0.00,0.00,0.00,0.00,0.00,0.00,0.00,0.00,0.00,0.00,0.00,0.00,0.00,0.00,0.00,0.00,0.00,0.00,0.00,0.00,0.00,0.00,236.46,238.00,238.50,0.00,0.00,0.00,1.90%,0.00,0.17%,0.62%,0.06%,1.32%,0.04%,0.75%,0.03%,0.83%,0.03%,0.29%,0.02%,0.23%,0.02%,0.17%,0.01%,0.06%,0.01%,0.05%,0.01%,0.05%,0.01%,0.05%,0.01%,0.04%,0.00,0.00,0.00,0.00,0.00,0.00,0.00,0.00,0.00,0.00,0.00,0.00,0.00,0.00,0.00,0.00,0.00,0.00,0.00,0.00,0.00,0.00,0.00,0.00,120,0.663,84,96,59.95,60.02,60.07
31-Jul-2018 04:10:00,10.000,Y,118.14,119.24,119.64,0.95,1.04,1.11,1.85%,0.14,0.15%,0.61%,0.05%,1.28%,0.04%,0.72%,0.03%,0.84%,0.02%,0.27%,0.02%,0.22%,0.01%,0.17%,0.01%,0.05%,0.01%,0.05%,0.01%,0.05%,0.01%,0.03%,0.01%,0.05%,0.01,0.08,0.00,0.07,0.00,0.03,0.00,0.05,0.00,0.04,0.00,0.04,0.00,0.02,0.00,0.00,0.00,0.01,0.00,0.01,0.00,0.00,0.00,0.00,118.74,119.50,119.72,0.00,0.00,0.34,1.93%,0.00,0.15%,0.68%,0.05%,1.32%,0.04%,0.75%,0.03%,0.84%,0.02%,0.30%,0.02%,0.25%,0.02%,0.19%,0.01%,0.08%,0.01%,0.03%,0.01%,0.06%,0.01%,0.05%,0.01%,0.04%,0.00,0.00,0.00,0.00,0.00,0.00,0.00,0.00,0.00,0.00,0.00,0.00,0.00,0.00,0.00,0.00,0.00,0.00,0.00,0.00,0.00,0.00,0.00,0.00,236.64,237.94,238.50,0.00,0.00,0.00,1.88%,0.00,0.15%,0.64%,0.05%,1.29%,0.04%,0.73%,0.03%,0.84%,0.02%,0.28%,0.02%,0.23%,0.01%,0.18%,0.01%,0.07%,0.01%,0.04%,0.01%,0.05%,0.01%,0.04%,0.01%,0.04%,0.00,0.00,0.00,0.00,0.00,0.00,0.00,0.00,0.00,0.00,0.00,0.00,0.00,0.00,0.00,0.00,0.00,0.00,0.00,0.00,0.00,0.00,0.00,0.00,120,0.668,84,96,59.93,60.01,60.06
31-Jul-2018 04:20:00,10.000,Y,117.78,118.84,119.18,0.95,1.03,1.10,1.79%,0.14,0.09%,0.61%,0.03%,1.24%,0.03%,0.69%,0.02%,0.80%,0.02%,0.27%,0.01%,0.22%,0.01%,0.17%,0.01%,0.04%,0.01%,0.05%,0.01%,0.05%,0.01%,0.02%,0.01%,0.04%,0.01,0.08,0.00,0.07,0.00,0.03,0.00,0.05,0.00,0.04,0.00,0.04,0.00,0.02,0.00,0.00,0.00,0.01,0.00,0.01,0.00,0.00,0.00,0.00,118.26,119.10,119.54,0.00,0.00,0.34,1.86%,0.00,0.09%,0.69%,0.03%,1.27%,0.03%,0.71%,0.02%,0.80%,0.02%,0.28%,0.01%,0.25%,0.01%,0.19%,0.01%,0.07%,0.01%,0.04%,0.01%,0.05%,0.01%,0.05%,0.01%,0.03%,0.00,0.00,0.00,0.00,0.00,0.00,0.00,0.00,0.00,0.00,0.00,0.00,0.00,0.00,0.00,0.00,0.00,0.00,0.00,0.00,0.00,0.00,0.00,0.00,235.84,237.14,237.90,0.00,0.00,0.00,1.82%,0.00,0.09%,0.65%,0.03%,1.26%,0.03%,0.70%,0.02%,0.80%,0.02%,0.28%,0.01%,0.24%,0.01%,0.18%,0.01%,0.05%,0.01%,0.04%,0.01%,0.05%,0.01%,0.03%,0.01%,0.03%,0.00,0.00,0.00,0.00,0.00,0.00,0.00,0.00,0.00,0.00,0.00,0.00,0.00,0.00,0.00,0.00,0.00,0.00,0.00,0.00,0.00,0.00,0.00,0.00,120,0.668,84,84,59.94,59.98,60.05
31-Jul-2018 04:30:00,10.000,Y,117.46,118.60,119.00,0.96,1.03,1.09,1.78%,0.14,0.12%,0.63%,0.05%,1.23%,0.03%,0.70%,0.03%,0.77%,0.02%,0.26%,0.02%,0.21%,0.01%,0.18%,0.01%,0.03%,0.01%,0.04%,0.01%,0.05%,0.01%,0.02%,0.01%,0.04%,0.01,0.08,0.00,0.07,0.00,0.03,0.00,0.05,0.00,0.04,0.00,0.04,0.00,0.02,0.00,0.00,0.00,0.01,0.00,0.01,0.00,0.00,0.00,0.01,118.20,118.96,119.22,0.00,0.00,0.47,1.85%,0.00,0.12%,0.71%,0.05%,1.27%,0.03%,0.72%,0.03%,0.77%,0.02%,0.28%,0.02%,0.24%,0.01%,0.19%,0.01%,0.05%,0.01%,0.03%,0.01%,0.05%,0.01%,0.05%,0.01%,0.03%,0.00,0.00,0.00,0.00,0.00,0.00,0.00,0.00,0.00,0.00,0.00,0.00,0.00,0.00,0.00,0.00,0.00,0.00,0.00,0.00,0.00,0.00,0.00,0.00,235.36,236.76,237.30,0.00,0.00,0.00,1.81%,0.00,0.12%,0.67%,0.05%,1.25%,0.03%,0.71%,0.03%,0.77%,0.02%,0.27%,0.01%,0.22%,0.01%,0.18%,0.01%,0.04%,0.01%,0.03%,0.01%,0.05%,0.01%,0.03%,0.01%,0.03%,0.00,0.00,0.00,0.00,0.00,0.00,0.00,0.00,0.00,0.00,0.00,0.00,0.00,0.00,0.00,0.00,0.00,0.00,0.00,0.00,0.00,0.00,0.00,0.00,120,0.666,84,84,59.95,59.99,60.05
31-Jul-2018 04:40:00,10.000,Y,117.18,118.42,118.86,0.95,1.03,1.09,1.78%,0.14,0.13%,0.65%,0.05%,1.23%,0.03%,0.69%,0.03%,0.76%,0.03%,0.27%,0.02%,0.20%,0.01%,0.17%,0.01%,0.02%,0.01%,0.03%,0.01%,0.06%,0.01%,0.02%,0.01%,0.04%,0.01,0.08,0.00,0.07,0.00,0.03,0.00,0.05,0.00,0.04,0.00,0.04,0.00,0.02,0.00,0.00,0.00,0.01,0.00,0.01,0.00,0.00,0.00,0.00,117.84,118.84,119.14,0.00,0.00,0.34,1.86%,0.00,0.13%,0.73%,0.05%,1.28%,0.03%,0.71%,0.03%,0.76%,0.03%,0.29%,0.02%,0.23%,0.01%,0.19%,0.01%,0.05%,0.01%,0.02%,0.01%,0.06%,0.01%,0.04%,0.01%,0.03%,0.00,0.00,0.00,0.00,0.00,0.00,0.00,0.00,0.00,0.00,0.00,0.00,0.00,0.00,0.00,0.00,0.00,0.00,0.00,0.00,0.00,0.00,0.00,0.00,234.62,236.46,237.12,0.00,0.00,0.00,1.82%,0.00,0.13%,0.69%,0.05%,1.26%,0.03%,0.70%,0.02%,0.75%,0.03%,0.28%,0.02%,0.21%,0.01%,0.18%,0.01%,0.04%,0.01%,0.02%,0.01%,0.06%,0.01%,0.03%,0.01%,0.03%,0.00,0.00,0.00,0.00,0.00,0.00,0.00,0.00,0.00,0.00,0.00,0.00,0.00,0.00,0.00,0.00,0.00,0.00,0.00,0.00,0.00,0.00,0.00,0.00,120,0.667,84,84,59.95,60.00,60.05
31-Jul-2018 04:50:00,10.000,Y,116.92,117.84,118.16,0.95,1.02,1.09,1.74%,0.14,0.16%,0.68%,0.06%,1.18%,0.04%,0.63%,0.03%,0.76%,0.03%,0.28%,0.02%,0.18%,0.02%,0.17%,0.02%,0.03%,0.01%,0.03%,0.01%,0.05%,0.01%,0.02%,0.01%,0.03%,0.01,0.08,0.00,0.07,0.00,0.03,0.00,0.05,0.00,0.04,0.00,0.04,0.00,0.02,0.00,0.00,0.00,0.01,0.00,0.00,0.00,0.00,0.00,0.01,117.48,118.36,118.62,0.00,0.00,0.39,1.81%,0.00,0.16%,0.74%,0.06%,1.22%,0.04%,0.66%,0.03%,0.75%,0.03%,0.30%,0.02%,0.22%,0.02%,0.19%,0.02%,0.06%,0.01%,0.02%,0.01%,0.05%,0.01%,0.05%,0.01%,0.02%,0.00,0.00,0.00,0.00,0.00,0.00,0.00,0.00,0.00,0.00,0.00,0.00,0.00,0.00,0.00,0.00,0.00,0.00,0.00,0.00,0.00,0.00,0.00,0.00,234.10,235.40,235.94,0.00,0.00,0.00,1.77%,0.00,0.16%,0.71%,0.06%,1.20%,0.04%,0.64%,0.03%,0.75%,0.03%,0.29%,0.02%,0.20%,0.02%,0.18%,0.02%,0.04%,0.01%,0.02%,0.01%,0.05%,0.01%,0.03%,0.01%,0.02%,0.00,0.00,0.00,0.00,0.00,0.00,0.00,0.00,0.00,0.00,0.00,0.00,0.00,0.00,0.00,0.00,0.00,0.00,0.00,0.00,0.00,0.00,0.00,0.00,120,0.670,84,84,59.98,60.03,60.09
31-Jul-2018 05:00:00,10.000,Y,116.60,117.82,118.26,0.95,1.02,1.09,1.73%,0.14,0.09%,0.75%,0.03%,1.16%,0.03%,0.61%,0.02%,0.74%,0.02%,0.27%,0.01%,0.18%,0.01%,0.17%,0.01%,0.03%,0.01%,0.02%,0.01%,0.06%,0.01%,0.03%,0.01%,0.03%,0.01,0.08,0.00,0.07,0.00,0.03,0.00,0.05,0.00,0.04,0.00,0.04,0.00,0.02,0.00,0.00,0.00,0.01,0.00,0.01,0.00,0.00,0.00,0.01,117.30,118.06,118.34,0.00,0.00,0.34,1.78%,0.00,0.09%,0.80%,0.03%,1.19%,0.02%,0.63%,0.02%,0.73%,0.02%,0.28%,0.01%,0.21%,0.01%,0.18%,0.01%,0.06%,0.01%,0.03%,0.01%,0.06%,0.01%,0.05%,0.01%,0.03%,0.00,0.00,0.00,0.00,0.00,0.00,0.00,0.00,0.00,0.00,0.00,0.00,0.00,0.00,0.00,0.00,0.00,0.00,0.00,0.00,0.00,0.00,0.00,0.00,233.58,235.10,235.74,0.00,0.00,0.00,1.75%,0.00,0.09%,0.77%,0.03%,1.17%,0.02%,0.62%,0.02%,0.73%,0.02%,0.27%,0.01%,0.19%,0.01%,0.17%,0.01%,0.05%,0.01%,0.02%,0.01%,0.06%,0.01%,0.04%,0.01%,0.02%,0.00,0.00,0.00,0.00,0.00,0.00,0.00,0.00,0.00,0.00,0.00,0.00,0.00,0.00,0.00,0.00,0.00,0.00,0.00,0.00,0.00,0.00,0.00,0.00,120,0.669,84,84,59.94,59.98,60.05
31-Jul-2018 05:10:00,10.000,Y,116.34,117.34,117.82,0.94,1.02,1.08,1.70%,0.14,0.10%,0.77%,0.04%,1.10%,0.03%,0.63%,0.02%,0.71%,0.02%,0.30%,0.01%,0.17%,0.01%,0.16%,0.01%,0.05%,0.01%,0.03%,0.01%,0.05%,0.01%,0.02%,0.01%,0.04%,0.01,0.08,0.00,0.07,0.00,0.03,0.00,0.05,0.00,0.04,0.00,0.04,0.00,0.02,0.00,0.00,0.00,0.01,0.00,0.01,0.00,0.00,0.00,0.00,116.88,117.74,118.12,0.00,0.00,0.34,1.77%,0.00,0.10%,0.85%,0.04%,1.12%,0.03%,0.65%,0.02%,0.72%,0.02%,0.33%,0.02%,0.21%,0.01%,0.17%,0.01%,0.07%,0.01%,0.04%,0.01%,0.05%,0.01%,0.04%,0.01%,0.03%,0.00,0.00,0.00,0.00,0.00,0.00,0.00,0.00,0.00,0.00,0.00,0.00,0.00,0.00,0.00,0.00,0.00,0.00,0.00,0.00,0.00,0.00,0.00,0.00,233.12,234.28,235.14,0.00,0.00,0.00,1.73%,0.00,0.10%,0.81%,0.03%,1.11%,0.03%,0.64%,0.02%,0.71%,0.02%,0.31%,0.01%,0.19%,0.01%,0.16%,0.01%,0.06%,0.01%,0.03%,0.01%,0.05%,0.01%,0.03%,0.01%,0.03%,0.00,0.00,0.00,0.00,0.00,0.00,0.00,0.00,0.00,0.00,0.00,0.00,0.00,0.00,0.00,0.00,0.00,0.00,0.00,0.00,0.00,0.00,0.00,0.00,120,0.672,84,84,59.94,59.98,60.02
31-Jul-2018 05:20:00,10.000,Y,115.86,117.06,117.46,0.94,1.02,1.09,1.68%,0.14,0.12%,0.82%,0.04%,1.05%,0.03%,0.62%,0.02%,0.66%,0.02%,0.35%,0.01%,0.17%,0.01%,0.18%,0.01%,0.06%,0.01%,0.04%,0.01%,0.05%,0.01%,0.02%,0.01%,0.05%,0.01,0.08,0.00,0.07,0.00,0.03,0.00,0.05,0.00,0.04,0.00,0.04,0.00,0.02,0.00,0.01,0.00,0.01,0.00,0.01,0.00,0.00,0.00,0.00,116.68,117.58,117.90,0.00,0.00,0.35,1.75%,0.00,0.12%,0.90%,0.05%,1.06%,0.03%,0.64%,0.02%,0.67%,0.02%,0.36%,0.02%,0.21%,0.01%,0.20%,0.01%,0.07%,0.01%,0.04%,0.01%,0.05%,0.01%,0.04%,0.01%,0.05%,0.00,0.00,0.00,0.00,0.00,0.00,0.00,0.00,0.00,0.00,0.00,0.00,0.00,0.00,0.00,0.00,0.00,0.00,0.00,0.00,0.00,0.00,0.00,0.00,232.34,233.86,234.44,0.00,0.00,0.00,1.71%,0.00,0.12%,0.86%,0.04%,1.06%,0.03%,0.63%,0.02%,0.66%,0.02%,0.36%,0.01%,0.19%,0.01%,0.19%,0.01%,0.06%,0.01%,0.04%,0.01%,0.05%,0.01%,0.03%,0.01%,0.05%,0.00,0.00,0.00,0.00,0.00,0.00,0.00,0.00,0.00,0.00,0.00,0.00,0.00,0.00,0.00,0.00,0.00,0.00,0.00,0.00,0.00,0.00,0.00,0.00,120,0.674,84,84,59.95,60.00,60.07
31-Jul-2018 05:30:00,10.000,Y,115.80,117.66,118.16,0.95,1.03,1.10,1.61%,0.14,0.12%,0.84%,0.04%,1.03%,0.03%,0.53%,0.02%,0.52%,0.02%,0.39%,0.01%,0.20%,0.01%,0.20%,0.01%,0.09%,0.01%,0.06%,0.01%,0.08%,0.01%,0.02%,0.01%,0.04%,0.01,0.08,0.00,0.07,0.00,0.03,0.00,0.04,0.00,0.04,0.00,0.04,0.00,0.02,0.00,0.01,0.00,0.01,0.00,0.01,0.00,0.00,0.00,0.00,116.86,118.00,118.42,0.00,0.00,0.35,1.68%,0.00,0.11%,0.91%,0.04%,1.05%,0.03%,0.54%,0.02%,0.53%,0.02%,0.39%,0.02%,0.23%,0.01%,0.24%,0.01%,0.10%,0.01%,0.07%,0.01%,0.08%,0.01%,0.03%,0.01%,0.07%,0.00,0.00,0.00,0.00,0.00,0.00,0.00,0.00,0.00,0.00,0.00,0.00,0.00,0.00,0.00,0.00,0.00,0.00,0.00,0.00,0.00,0.00,0.00,0.00,232.46,234.86,235.58,0.00,0.00,0.00,1.64%,0.00,0.11%,0.87%,0.04%,1.04%,0.03%,0.54%,0.02%,0.52%,0.02%,0.39%,0.02%,0.22%,0.01%,0.22%,0.01%,0.09%,0.01%,0.06%,0.01%,0.08%,0.01%,0.03%,0.01%,0.05%,0.00,0.00,0.00,0.00,0.00,0.00,0.00,0.00,0.00,0.00,0.00,0.00,0.00,0.00,0.00,0.00,0.00,0.00,0.00,0.00,0.00,0.00,0.00,0.00,120,0.675,84,84,59.92,60.00,60.05
31-Jul-2018 05:40:00,10.000,Y,115.88,117.42,117.88,0.94,1.02,1.09,1.58%,0.14,0.14%,0.89%,0.05%,0.97%,0.03%,0.53%,0.03%,0.50%,0.02%,0.36%,0.02%,0.20%,0.02%,0.19%,0.01%,0.08%,0.01%,0.05%,0.01%,0.09%,0.01%,0.02%,0.01%,0.03%,0.01,0.08,0.00,0.07,0.00,0.02,0.00,0.04,0.00,0.05,0.00,0.04,0.00,0.02,0.00,0.01,0.00,0.01,0.00,0.01,0.00,0.00,0.00,0.00,116.10,117.16,117.96,0.00,0.00,0.38,1.62%,0.00,0.14%,0.94%,0.05%,0.98%,0.03%,0.52%,0.03%,0.48%,0.02%,0.34%,0.02%,0.23%,0.02%,0.22%,0.01%,0.09%,0.02%,0.07%,0.01%,0.08%,0.01%,0.03%,0.01%,0.06%,0.00,0.00,0.00,0.00,0.00,0.00,0.00,0.00,0.00,0.00,0.00,0.00,0.00,0.00,0.00,0.00,0.00,0.00,0.00,0.00,0.00,0.00,0.00,0.00,232.42,233.80,234.60,0.00,0.00,0.00,1.60%,0.00,0.14%,0.91%,0.05%,0.97%,0.03%,0.53%,0.03%,0.49%,0.02%,0.35%,0.02%,0.21%,0.02%,0.20%,0.01%,0.08%,0.01%,0.06%,0.01%,0.08%,0.01%,0.03%,0.01%,0.04%,0.00,0.00,0.00,0.00,0.00,0.00,0.00,0.00,0.00,0.00,0.00,0.00,0.00,0.00,0.00,0.00,0.00,0.00,0.00,0.00,0.00,0.00,0.00,0.00,120,0.672,84,84,59.95,60.01,60.06
31-Jul-2018 05:50:00,10.000,Y,115.42,116.84,117.70,0.93,1.02,1.08,1.62%,0.14,0.14%,0.95%,0.05%,0.98%,0.03%,0.54%,0.03%,0.47%,0.02%,0.34%,0.02%,0.19%,0.02%,0.17%,0.01%,0.10%,0.01%,0.05%,0.01%,0.08%,0.01%,0.02%,0.01%,0.02%,0.01,0.08,0.00,0.07,0.00,0.02,0.00,0.05,0.00,0.05,0.00,0.03,0.00,0.02,0.00,0.01,0.00,0.01,0.00,0.01,0.00,0.00,0.00,0.00,115.82,117.02,117.74,0.00,0.00,0.37,1.68%,0.00,0.14%,1.01%,0.05%,1.00%,0.03%,0.56%,0.03%,0.47%,0.02%,0.33%,0.02%,0.22%,0.02%,0.20%,0.01%,0.11%,0.01%,0.07%,0.01%,0.07%,0.01%,0.03%,0.01%,0.05%,0.00,0.00,0.00,0.00,0.00,0.00,0.00,0.00,0.00,0.00,0.00,0.00,0.00,0.00,0.00,0.00,0.00,0.00,0.00,0.00,0.00,0.00,0.00,0.00,231.46,233.08,233.88,0.00,0.00,0.00,1.64%,0.00,0.14%,0.98%,0.05%,0.99%,0.03%,0.55%,0.03%,0.47%,0.02%,0.34%,0.02%,0.21%,0.02%,0.18%,0.01%,0.10%,0.01%,0.06%,0.01%,0.07%,0.01%,0.03%,0.01%,0.03%,0.00,0.00,0.00,0.00,0.00,0.00,0.00,0.00,0.00,0.00,0.00,0.00,0.00,0.00,0.00,0.00,0.00,0.00,0.00,0.00,0.00,0.00,0.00,0.00,120,0.674,84,84,59.96,60.00,60.06
31-Jul-2018 06:00:00,10.000,Y,115.54,117.32,118.18,0.94,1.02,1.09,1.66%,0.14,0.12%,0.95%,0.05%,1.02%,0.03%,0.59%,0.03%,0.48%,0.02%,0.35%,0.02%,0.20%,0.02%,0.18%,0.01%,0.10%,0.01%,0.05%,0.01%,0.08%,0.01%,0.02%,0.01%,0.02%,0.01,0.08,0.00,0.07,0.00,0.02,0.00,0.05,0.00,0.05,0.00,0.04,0.00,0.02,0.00,0.01,0.00,0.01,0.00,0.01,0.00,0.00,0.00,0.00,115.66,117.44,118.02,0.00,0.00,0.35,1.74%,0.00,0.12%,1.03%,0.05%,1.04%,0.03%,0.61%,0.03%,0.49%,0.02%,0.34%,0.02%,0.24%,0.01%,0.22%,0.01%,0.12%,0.01%,0.08%,0.01%,0.08%,0.01%,0.03%,0.01%,0.06%,0.00,0.00,0.00,0.00,0.00,0.00,0.00,0.00,0.00,0.00,0.00,0.00,0.00,0.00,0.00,0.00,0.00,0.00,0.00,0.00,0.00,0.00,0.00,0.00,232.10,233.98,235.06,0.00,0.00,0.00,1.70%,0.00,0.12%,0.99%,0.05%,1.03%,0.03%,0.60%,0.02%,0.49%,0.02%,0.35%,0.02%,0.22%,0.02%,0.20%,0.01%,0.11%,0.01%,0.06%,0.01%,0.08%,0.01%,0.03%,0.01%,0.04%,0.00,0.00,0.00,0.00,0.00,0.00,0.00,0.00,0.00,0.00,0.00,0.00,0.00,0.00,0.00,0.00,0.00,0.00,0.00,0.00,0.00,0.00,0.00,0.00,120,0.673,84,84,59.94,60.00,60.04
31-Jul-2018 06:10:00,10.000,Y,113.82,117.24,118.20,0.93,1.02,1.09,1.69%,0.14,0.18%,1.01%,0.06%,0.98%,0.04%,0.59%,0.03%,0.49%,0.03%,0.37%,0.02%,0.20%,0.02%,0.17%,0.02%,0.10%,0.02%,0.06%,0.01%,0.08%,0.01%,0.03%,0.01%,0.02%,0.01,0.09,0.00,0.07,0.00,0.02,0.00,0.05,0.00,0.05,0.00,0.03,0.00,0.02,0.00,0.01,0.00,0.01,0.00,0.01,0.00,0.00,0.00,0.00,112.32,115.52,116.50,0.00,0.00,0.41,1.84%,0.00,0.18%,1.19%,0.07%,1.02%,0.04%,0.59%,0.03%,0.50%,0.02%,0.37%,0.02%,0.24%,0.02%,0.20%,0.02%,0.12%,0.02%,0.08%,0.01%,0.09%,0.01%,0.04%,0.01%,0.05%,0.00,0.00,0.00,0.00,0.00,0.00,0.00,0.00,0.00,0.00,0.00,0.00,0.00,0.00,0.00,0.00,0.00,0.00,0.00,0.00,0.00,0.00,0.00,0.00,225.40,231.98,233.86,0.00,0.00,0.00,1.76%,0.00,0.18%,1.10%,0.06%,1.00%,0.04%,0.59%,0.03%,0.49%,0.03%,0.37%,0.02%,0.22%,0.02%,0.18%,0.02%,0.11%,0.02%,0.07%,0.01%,0.08%,0.01%,0.03%,0.01%,0.03%,0.00,0.00,0.00,0.00,0.00,0.00,0.00,0.00,0.00,0.00,0.00,0.00,0.00,0.00,0.00,0.00,0.00,0.00,0.00,0.00,0.00,0.00,0.00,0.00,120,0.672,84,84,59.95,60.03,60.10
31-Jul-2018 06:20:00,10.000,Y,114.94,116.66,117.66,0.93,1.02,1.08,1.70%,0.14,0.11%,1.04%,0.04%,1.00%,0.03%,0.56%,0.02%,0.50%,0.02%,0.36%,0.02%,0.20%,0.01%,0.18%,0.01%,0.10%,0.01%,0.06%,0.01%,0.09%,0.01%,0.03%,0.01%,0.02%,0.01,0.09,0.00,0.07,0.00,0.02,0.00,0.05,0.00,0.05,0.00,0.04,0.00,0.02,0.00,0.01,0.00,0.01,0.00,0.01,0.00,0.00,0.00,0.00,114.76,116.22,116.94,0.00,0.00,0.39,1.80%,0.00,0.11%,1.16%,0.04%,1.02%,0.03%,0.57%,0.02%,0.51%,0.02%,0.36%,0.02%,0.24%,0.01%,0.21%,0.01%,0.11%,0.01%,0.09%,0.01%,0.09%,0.01%,0.03%,0.01%,0.06%,0.00,0.00,0.00,0.00,0.00,0.00,0.00,0.00,0.00,0.00,0.00,0.00,0.00,0.00,0.00,0.00,0.00,0.00,0.00,0.00,0.00,0.00,0.00,0.00,230.34,232.10,233.42,0.00,0.00,0.00,1.75%,0.00,0.11%,1.10%,0.04%,1.01%,0.03%,0.56%,0.02%,0.51%,0.02%,0.36%,0.01%,0.22%,0.01%,0.19%,0.01%,0.10%,0.01%,0.07%,0.01%,0.09%,0.01%,0.03%,0.01%,0.04%,0.00,0.00,0.00,0.00,0.00,0.00,0.00,0.00,0.00,0.00,0.00,0.00,0.00,0.00,0.00,0.00,0.00,0.00,0.00,0.00,0.00,0.00,0.00,0.00,120,0.674,84,84,59.95,59.99,60.04
31-Jul-2018 06:30:00,10.000,Y,114.96,118.54,120.78,0.94,1.03,1.10,1.86%,0.13,0.13%,0.98%,0.05%,1.38%,0.03%,0.56%,0.02%,0.40%,0.02%,0.10%,0.02%,0.06%,0.01%,0.14%,0.01%,0.04%,0.01%,0.02%,0.01%,0.07%,0.01%,0.02%,0.01%,0.02%,0.01,0.08,0.00,0.07,0.00,0.03,0.00,0.04,0.00,0.05,0.00,0.04,0.00,0.02,0.00,0.00,0.00,0.01,0.00,0.01,0.00,0.00,0.00,0.00,115.52,118.06,120.14,0.00,0.00,0.41,1.91%,0.00,0.13%,1.10%,0.05%,1.37%,0.03%,0.52%,0.02%,0.41%,0.02%,0.10%,0.02%,0.08%,0.01%,0.17%,0.01%,0.05%,0.01%,0.05%,0.01%,0.08%,0.01%,0.03%,0.01%,0.05%,0.00,0.00,0.00,0.00,0.00,0.00,0.00,0.00,0.00,0.00,0.00,0.00,0.00,0.00,0.00,0.00,0.00,0.00,0.00,0.00,0.00,0.00,0.00,0.00,230.88,235.80,240.00,0.00,0.00,0.00,1.88%,0.00,0.13%,1.04%,0.05%,1.38%,0.03%,0.54%,0.02%,0.41%,0.02%,0.10%,0.02%,0.07%,0.01%,0.16%,0.01%,0.05%,0.01%,0.04%,0.01%,0.07%,0.01%,0.02%,0.01%,0.04%,0.00,0.00,0.00,0.00,0.00,0.00,0.00,0.00,0.00,0.00,0.00,0.00,0.00,0.00,0.00,0.00,0.00,0.00,0.00,0.00,0.00,0.00,0.00,0.00,120,0.668,84,84,59.95,60.00,60.06
31-Jul-2018 06:40:00,10.000,Y,116.94,118.70,119.26,0.95,1.03,1.10,1.93%,0.13,0.12%,0.98%,0.05%,1.49%,0.04%,0.56%,0.02%,0.39%,0.02%,0.07%,0.01%,0.04%,0.01%,0.15%,0.01%,0.04%,0.01%,0.02%,0.01%,0.06%,0.01%,0.01%,0.01%,0.02%,0.01,0.08,0.00,0.07,0.00,0.03,0.00,0.03,0.00,0.05,0.00,0.04,0.00,0.02,0.00,0.00,0.00,0.01,0.00,0.01,0.00,0.00,0.00,0.00,116.56,118.20,118.68,0.00,0.00,0.35,1.97%,0.00,0.12%,1.10%,0.05%,1.47%,0.03%,0.51%,0.02%,0.40%,0.02%,0.09%,0.02%,0.05%,0.01%,0.18%,0.01%,0.05%,0.01%,0.04%,0.01%,0.06%,0.01%,0.02%,0.01%,0.04%,0.00,0.00,0.00,0.00,0.00,0.00,0.00,0.00,0.00,0.00,0.00,0.00,0.00,0.00,0.00,0.00,0.00,0.00,0.00,0.00,0.00,0.00,0.00,0.00,232.98,236.10,236.98,0.00,0.00,0.00,1.95%,0.00,0.12%,1.04%,0.05%,1.48%,0.04%,0.54%,0.02%,0.39%,0.02%,0.08%,0.01%,0.04%,0.01%,0.16%,0.01%,0.04%,0.01%,0.03%,0.01%,0.06%,0.01%,0.02%,0.01%,0.03%,0.00,0.00,0.00,0.00,0.00,0.00,0.00,0.00,0.00,0.00,0.00,0.00,0.00,0.00,0.00,0.00,0.00,0.00,0.00,0.00,0.00,0.00,0.00,0.00,120,0.668,84,84,59.96,60.00,60.06
31-Jul-2018 06:50:00,10.000,Y,117.86,118.92,119.44,0.95,1.04,1.11,1.96%,0.13,0.11%,0.98%,0.04%,1.49%,0.03%,0.64%,0.02%,0.42%,0.02%,0.08%,0.01%,0.04%,0.01%,0.18%,0.01%,0.03%,0.01%,0.02%,0.01%,0.08%,0.01%,0.02%,0.01%,0.02%,0.01,0.08,0.00,0.07,0.00,0.02,0.00,0.04,0.00,0.05,0.00,0.04,0.00,0.02,0.00,0.00,0.00,0.01,0.00,0.01,0.00,0.00,0.00,0.00,117.58,118.52,118.92,0.00,0.00,0.34,2.05%,0.00,0.11%,1.13%,0.04%,1.49%,0.03%,0.62%,0.02%,0.43%,0.02%,0.09%,0.01%,0.07%,0.01%,0.21%,0.01%,0.05%,0.01%,0.04%,0.01%,0.08%,0.01%,0.02%,0.01%,0.05%,0.00,0.00,0.00,0.00,0.00,0.00,0.00,0.00,0.00,0.00,0.00,0.00,0.00,0.00,0.00,0.00,0.00,0.00,0.00,0.00,0.00,0.00,0.00,0.00,234.92,236.64,237.46,0.00,0.00,0.00,2.00%,0.00,0.11%,1.05%,0.04%,1.49%,0.03%,0.63%,0.02%,0.43%,0.02%,0.08%,0.01%,0.06%,0.01%,0.19%,0.01%,0.04%,0.01%,0.03%,0.01%,0.08%,0.01%,0.02%,0.01%,0.04%,0.00,0.00,0.00,0.00,0.00,0.00,0.00,0.00,0.00,0.00,0.00,0.00,0.00,0.00,0.00,0.00,0.00,0.00,0.00,0.00,0.00,0.00,0.00,0.00,120,0.669,84,84,59.94,59.99,60.03
31-Jul-2018 07:00:00,10.000,Y,117.42,118.98,119.40,0.95,1.03,1.09,2.05%,0.13,0.18%,1.01%,0.06%,1.59%,0.04%,0.60%,0.03%,0.40%,0.02%,0.05%,0.02%,0.04%,0.02%,0.18%,0.02%,0.04%,0.01%,0.02%,0.01%,0.08%,0.01%,0.02%,0.01%,0.02%,0.01,0.08,0.00,0.06,0.00,0.03,0.00,0.04,0.00,0.05,0.00,0.04,0.00,0.02,0.00,0.00,0.00,0.01,0.00,0.01,0.00,0.00,0.00,0.00,115.88,117.60,118.94,0.00,0.00,0.35,2.18%,0.00,0.18%,1.21%,0.06%,1.64%,0.04%,0.57%,0.03%,0.40%,0.02%,0.06%,0.02%,0.08%,0.02%,0.21%,0.01%,0.06%,0.01%,0.04%,0.01%,0.07%,0.01%,0.03%,0.01%,0.06%,0.00,0.00,0.00,0.00,0.00,0.00,0.00,0.00,0.00,0.00,0.00,0.00,0.00,0.00,0.00,0.00,0.00,0.00,0.00,0.00,0.00,0.00,0.00,0.00,232.62,235.78,237.38,0.00,0.00,0.00,2.11%,0.00,0.18%,1.11%,0.06%,1.62%,0.04%,0.58%,0.03%,0.40%,0.02%,0.05%,0.02%,0.06%,0.02%,0.19%,0.01%,0.05%,0.01%,0.03%,0.01%,0.07%,0.01%,0.02%,0.01%,0.04%,0.00,0.00,0.00,0.00,0.00,0.00,0.00,0.00,0.00,0.00,0.00,0.00,0.00,0.00,0.00,0.00,0.00,0.00,0.00,0.00,0.00,0.00,0.00,0.00,120,0.666,84,84,59.96,60.03,60.10
31-Jul-2018 07:10:00,10.000,Y,116.94,118.04,118.84,0.95,1.03,1.09,2.15%,0.13,0.10%,1.05%,0.04%,1.72%,0.03%,0.58%,0.02%,0.41%,0.01%,0.04%,0.01%,0.04%,0.01%,0.19%,0.01%,0.05%,0.01%,0.02%,0.01%,0.09%,0.01%,0.01%,0.01%,0.02%,0.01,0.09,0.00,0.06,0.00,0.03,0.00,0.04,0.00,0.05,0.00,0.04,0.00,0.02,0.00,0.00,0.00,0.01,0.00,0.00,0.00,0.00,0.00,0.00,116.40,118.02,118.82,0.00,0.00,0.37,2.21%,0.00,0.10%,1.15%,0.04%,1.73%,0.03%,0.55%,0.02%,0.42%,0.01%,0.06%,0.01%,0.07%,0.01%,0.21%,0.01%,0.06%,0.01%,0.05%,0.01%,0.07%,0.01%,0.03%,0.01%,0.05%,0.00,0.00,0.00,0.00,0.00,0.00,0.00,0.00,0.00,0.00,0.00,0.00,0.00,0.00,0.00,0.00,0.00,0.00,0.00,0.00,0.00,0.00,0.00,0.00,233.84,235.26,236.18,0.00,0.00,0.00,2.18%,0.00,0.10%,1.10%,0.04%,1.72%,0.03%,0.57%,0.02%,0.41%,0.01%,0.05%,0.01%,0.05%,0.01%,0.20%,0.01%,0.06%,0.01%,0.03%,0.01%,0.08%,0.01%,0.02%,0.01%,0.03%,0.00,0.00,0.00,0.00,0.00,0.00,0.00,0.00,0.00,0.00,0.00,0.00,0.00,0.00,0.00,0.00,0.00,0.00,0.00,0.00,0.00,0.00,0.00,0.00,120,0.669,84,84,59.92,59.98,60.04
31-Jul-2018 07:20:00,10.000,Y,117.24,118.28,118.62,0.12,1.10,1.88,2.13%,0.13,0.14%,1.04%,0.05%,1.69%,0.04%,0.58%,0.03%,0.42%,0.02%,0.04%,0.02%,0.02%,0.02%,0.19%,0.01%,0.04%,0.01%,0.02%,0.01%,0.07%,0.01%,0.02%,0.01%,0.02%,0.01,0.08,0.00,0.06,0.00,0.03,0.00,0.03,0.00,0.04,0.00,0.04,0.00,0.02,0.00,0.00,0.00,0.01,0.00,0.00,0.00,0.00,0.00,0.00,117.86,118.72,119.08,0.00,0.00,0.34,2.18%,0.00,0.15%,1.13%,0.05%,1.70%,0.04%,0.56%,0.02%,0.43%,0.02%,0.06%,0.02%,0.06%,0.02%,0.21%,0.01%,0.04%,0.01%,0.06%,0.01%,0.05%,0.01%,0.04%,0.01%,0.06%,0.00,0.00,0.00,0.00,0.00,0.00,0.00,0.00,0.00,0.00,0.00,0.00,0.00,0.00,0.00,0.00,0.00,0.00,0.00,0.00,0.00,0.00,0.00,0.00,234.90,236.22,236.68,0.00,0.00,0.00,2.15%,0.00,0.14%,1.09%,0.05%,1.69%,0.04%,0.57%,0.03%,0.42%,0.02%,0.05%,0.02%,0.04%,0.02%,0.20%,0.01%,0.04%,0.01%,0.04%,0.01%,0.06%,0.01%,0.03%,0.01%,0.04%,0.00,0.00,0.00,0.00,0.00,0.00,0.00,0.00,0.00,0.00,0.00,0.00,0.00,0.00,0.00,0.00,0.00,0.00,0.00,0.00,0.00,0.00,0.00,0.00,132,0.703,96,72,59.94,60.01,60.05
31-Jul-2018 07:30:00,10.000,Y,117.48,118.36,118.78,1.70,1.77,1.85,2.18%,0.08,0.11%,1.06%,0.04%,1.75%,0.03%,0.59%,0.02%,0.39%,0.02%,0.04%,0.01%,0.02%,0.01%,0.19%,0.01%,0.05%,0.01%,0.02%,0.01%,0.07%,0.01%,0.03%,0.01%,0.02%,0.01,0.05,0.00,0.04,0.00,0.02,0.00,0.02,0.00,0.02,0.00,0.02,0.00,0.01,0.00,0.01,0.00,0.00,0.00,0.00,0.00,0.00,0.00,0.00,117.74,118.78,119.12,0.00,0.00,0.34,2.26%,0.00,0.11%,1.18%,0.05%,1.77%,0.03%,0.57%,0.02%,0.42%,0.02%,0.07%,0.01%,0.06%,0.01%,0.21%,0.01%,0.05%,0.01%,0.07%,0.01%,0.07%,0.01%,0.04%,0.01%,0.06%,0.00,0.00,0.00,0.00,0.00,0.00,0.00,0.00,0.00,0.00,0.00,0.00,0.00,0.00,0.00,0.00,0.00,0.00,0.00,0.00,0.00,0.00,0.00,0.00,234.88,236.34,237.02,0.00,0.00,0.00,2.22%,0.00,0.11%,1.12%,0.04%,1.76%,0.03%,0.58%,0.02%,0.40%,0.02%,0.05%,0.01%,0.04%,0.01%,0.20%,0.01%,0.05%,0.01%,0.05%,0.01%,0.06%,0.01%,0.04%,0.01%,0.04%,0.00,0.00,0.00,0.00,0.00,0.00,0.00,0.00,0.00,0.00,0.00,0.00,0.00,0.00,0.00,0.00,0.00,0.00,0.00,0.00,0.00,0.00,0.00,0.00,204,-0.995,204,0,59.92,59.99,60.05
31-Jul-2018 07:40:00,10.000,Y,116.64,118.18,119.16,0.09,0.60,1.82,2.19%,0.03,0.16%,1.09%,0.06%,1.75%,0.03%,0.55%,0.03%,0.38%,0.02%,0.05%,0.02%,0.05%,0.01%,0.20%,0.01%,0.04%,0.01%,0.02%,0.01%,0.08%,0.01%,0.02%,0.01%,0.02%,0.00,0.02,0.00,0.02,0.00,0.01,0.00,0.01,0.00,0.01,0.00,0.01,0.00,0.00,0.00,0.00,0.00,0.00,0.00,0.00,0.00,0.00,0.00,0.00,116.30,117.84,118.92,0.00,0.00,0.39,2.29%,0.00,0.16%,1.20%,0.06%,1.80%,0.03%,0.54%,0.02%,0.40%,0.02%,0.08%,0.02%,0.07%,0.02%,0.21%,0.01%,0.06%,0.01%,0.07%,0.01%,0.08%,0.01%,0.04%,0.01%,0.06%,0.00,0.00,0.00,0.00,0.00,0.00,0.00,0.00,0.00,0.00,0.00,0.00,0.00,0.00,0.00,0.00,0.00,0.00,0.00,0.00,0.00,0.00,0.00,0.00,232.74,235.22,236.98,0.00,0.00,0.00,2.24%,0.00,0.16%,1.14%,0.06%,1.77%,0.03%,0.55%,0.02%,0.39%,0.02%,0.06%,0.02%,0.06%,0.01%,0.20%,0.01%,0.05%,0.01%,0.04%,0.01%,0.07%,0.01%,0.03%,0.01%,0.04%,0.00,0.00,0.00,0.00,0.00,0.00,0.00,0.00,0.00,0.00,0.00,0.00,0.00,0.00,0.00,0.00,0.00,0.00,0.00,0.00,0.00,0.00,0.00,0.00,72,-0.998,72,0,59.96,60.02,60.08
31-Jul-2018 07:50:00,10.000,Y,116.44,117.86,118.92,0.00,0.00,0.21,2.18%,0.00,0.12%,1.07%,0.04%,1.75%,0.03%,0.57%,0.02%,0.39%,0.02%,0.07%,0.01%,0.07%,0.01%,0.20%,0.01%,0.04%,0.01%,0.02%,0.01%,0.09%,0.01%,0.02%,0.01%,0.02%,0.00,0.00,0.00,0.00,0.00,0.00,0.00,0.00,0.00,0.00,0.00,0.00,0.00,0.00,0.00,0.00,0.00,0.00,0.00,0.00,0.00,0.00,0.00,0.00,116.12,118.18,118.88,0.03,0.03,0.38,2.30%,0.01,0.12%,1.22%,0.05%,1.81%,0.03%,0.52%,0.02%,0.38%,0.02%,0.09%,0.02%,0.10%,0.01%,0.22%,0.01%,0.06%,0.01%,0.06%,0.01%,0.09%,0.01%,0.03%,0.01%,0.06%,0.00,0.01,0.00,0.00,0.00,0.00,0.00,0.00,0.00,0.00,0.00,0.00,0.00,0.00,0.00,0.00,0.00,0.00,0.00,0.00,0.00,0.00,0.00,0.00,233.56,235.24,236.20,0.00,0.00,0.00,2.24%,0.00,0.12%,1.15%,0.04%,1.77%,0.03%,0.54%,0.02%,0.38%,0.02%,0.08%,0.01%,0.08%,0.01%,0.20%,0.01%,0.05%,0.01%,0.04%,0.01%,0.08%,0.01%,0.03%,0.01%,0.04%,0.00,0.00,0.00,0.00,0.00,0.00,0.00,0.00,0.00,0.00,0.00,0.00,0.00,0.00,0.00,0.00,0.00,0.00,0.00,0.00,0.00,0.00,0.00,0.00,0,-0.957,0,0,59.95,59.99,60.05
31-Jul-2018 08:00:00,10.000,Y,116.06,117.70,118.62,0.09,0.66,13.89,2.20%,0.08,0.09%,1.07%,0.04%,1.77%,0.02%,0.57%,0.02%,0.38%,0.01%,0.07%,0.01%,0.05%,0.01%,0.20%,0.01%,0.03%,0.01%,0.02%,0.01%,0.09%,0.01%,0.02%,0.01%,0.02%,0.01,0.06,0.00,0.04,0.00,0.01,0.00,0.02,0.00,0.03,0.00,0.02,0.00,0.01,0.00,0.00,0.00,0.01,0.00,0.00,0.00,0.00,0.00,0.00,115.72,117.96,118.64,0.01,0.01,0.40,2.29%,0.00,0.10%,1.17%,0.04%,1.81%,0.02%,0.57%,0.02%,0.42%,0.01%,0.09%,0.01%,0.06%,0.01%,0.22%,0.01%,0.06%,0.01%,0.06%,0.01%,0.08%,0.01%,0.03%,0.01%,0.06%,0.00,0.00,0.00,0.00,0.00,0.00,0.00,0.00,0.00,0.00,0.00,0.00,0.00,0.00,0.00,0.00,0.00,0.00,0.00,0.00,0.00,0.00,0.00,0.00,231.28,234.88,235.64,0.00,0.00,0.00,2.24%,0.00,0.09%,1.12%,0.04%,1.79%,0.02%,0.57%,0.02%,0.40%,0.01%,0.08%,0.01%,0.06%,0.01%,0.21%,0.01%,0.05%,0.01%,0.04%,0.01%,0.08%,0.01%,0.02%,0.01%,0.04%,0.00,0.00,0.00,0.00,0.00,0.00,0.00,0.00,0.00,0.00,0.00,0.00,0.00,0.00,0.00,0.00,0.00,0.00,0.00,0.00,0.00,0.00,0.00,0.00,72,0.832,60,48,59.94,59.98,60.03
31-Jul-2018 08:10:00,10.000,Y,116.52,117.86,118.38,0.98,1.28,6.98,2.13%,0.29,0.15%,1.08%,0.05%,1.67%,0.03%,0.57%,0.03%,0.38%,0.02%,0.08%,0.02%,0.04%,0.01%,0.21%,0.01%,0.03%,0.01%,0.02%,0.01%,0.09%,0.01%,0.02%,0.01%,0.02%,0.01,0.20,0.00,0.12,0.00,0.07,0.00,0.08,0.00,0.08,0.00,0.06,0.00,0.04,0.00,0.02,0.00,0.02,0.00,0.02,0.00,0.01,0.00,0.01,115.52,117.56,118.36,0.00,0.00,0.39,2.31%,0.00,0.15%,1.24%,0.06%,1.77%,0.04%,0.59%,0.03%,0.45%,0.02%,0.10%,0.02%,0.06%,0.02%,0.21%,0.01%,0.07%,0.01%,0.07%,0.01%,0.08%,0.01%,0.02%,0.01%,0.07%,0.00,0.00,0.00,0.00,0.00,0.00,0.00,0.00,0.00,0.00,0.00,0.00,0.00,0.00,0.00,0.00,0.00,0.00,0.00,0.00,0.00,0.00,0.00,0.00,232.00,234.62,235.72,0.00,0.00,0.00,2.22%,0.00,0.15%,1.16%,0.06%,1.72%,0.03%,0.58%,0.03%,0.41%,0.02%,0.09%,0.02%,0.04%,0.01%,0.21%,0.01%,0.05%,0.01%,0.04%,0.01%,0.08%,0.01%,0.02%,0.01%,0.05%,0.00,0.00,0.00,0.00,0.00,0.00,0.00,0.00,0.00,0.00,0.00,0.00,0.00,0.00,0.00,0.00,0.00,0.00,0.00,0.00,0.00,0.00,0.00,0.00,144,0.710,108,84,59.95,60.01,60.07
31-Jul-2018 08:20:00,10.000,Y,115.64,117.30,117.84,3.36,3.57,3.93,2.18%,1.90,0.16%,1.19%,0.06%,1.60%,0.04%,0.62%,0.03%,0.48%,0.02%,0.07%,0.02%,0.08%,0.02%,0.28%,0.02%,0.10%,0.01%,0.05%,0.01%,0.14%,0.01%,0.05%,0.01%,0.02%,0.02,1.37,0.01,0.75,0.01,0.61,0.01,0.60,0.01,0.42,0.01,0.29,0.01,0.28,0.01,0.22,0.01,0.16,0.01,0.14,0.01,0.09,0.00,0.05,116.52,117.66,118.14,0.24,0.54,3.25,2.31%,0.24,0.16%,1.24%,0.06%,1.79%,0.04%,0.55%,0.03%,0.36%,0.02%,0.12%,0.02%,0.09%,0.02%,0.22%,0.01%,0.05%,0.01%,0.06%,0.01%,0.09%,0.01%,0.03%,0.01%,0.06%,0.00,0.15,0.00,0.16,0.00,0.08,0.00,0.04,0.00,0.00,0.00,0.02,0.00,0.02,0.00,0.02,0.00,0.01,0.00,0.01,0.00,0.01,0.00,0.01,232.28,234.16,234.96,0.00,0.00,0.00,2.23%,0.00,0.16%,1.21%,0.06%,1.69%,0.04%,0.57%,0.03%,0.41%,0.02%,0.07%,0.02%,0.04%,0.02%,0.24%,0.01%,0.07%,0.01%,0.02%,0.01%,0.11%,0.01%,0.03%,0.01%,0.03%,0.00,0.00,0.00,0.00,0.00,0.00,0.00,0.00,0.00,0.00,0.00,0.00,0.00,0.00,0.00,0.00,0.00,0.00,0.00,0.00,0.00,0.00,0.00,0.00,480,0.841,396,36,59.96,60.02,60.08
31-Jul-2018 08:30:00,10.000,Y,115.68,117.72,118.40,3.46,3.68,4.05,2.22%,2.00,0.12%,1.20%,0.04%,1.64%,0.03%,0.59%,0.02%,0.55%,0.02%,0.07%,0.02%,0.08%,0.01%,0.30%,0.01%,0.10%,0.01%,0.04%,0.01%,0.15%,0.01%,0.04%,0.01%,0.03%,0.02,1.43,0.01,0.79,0.01,0.66,0.01,0.66,0.01,0.44,0.01,0.30,0.01,0.29,0.01,0.22,0.01,0.15,0.01,0.14,0.01,0.10,0.00,0.07,116.22,117.70,118.36,0.51,0.69,1.05,2.35%,0.31,0.11%,1.26%,0.05%,1.85%,0.03%,0.48%,0.02%,0.37%,0.02%,0.11%,0.01%,0.11%,0.01%,0.23%,0.01%,0.06%,0.01%,0.06%,0.01%,0.09%,0.01%,0.04%,0.01%,0.05%,0.00,0.19,0.00,0.21,0.00,0.11,0.00,0.06,0.00,0.00,0.00,0.03,0.00,0.03,0.00,0.02,0.00,0.01,0.00,0.01,0.00,0.01,0.00,0.01,232.18,234.64,235.82,0.00,0.00,0.00,2.27%,0.00,0.11%,1.23%,0.04%,1.74%,0.03%,0.52%,0.02%,0.45%,0.02%,0.06%,0.01%,0.06%,0.01%,0.26%,0.01%,0.07%,0.01%,0.02%,0.01%,0.11%,0.01%,0.03%,0.01%,0.02%,0.00,0.00,0.00,0.00,0.00,0.00,0.00,0.00,0.00,0.00,0.00,0.00,0.00,0.00,0.00,0.00,0.00,0.00,0.00,0.00,0.00,0.00,0.00,0.00,516,0.838,432,24,59.94,60.00,60.06
31-Jul-2018 08:40:00,10.000,Y,116.38,117.90,118.54,3.51,3.65,4.02,2.27%,1.98,0.13%,1.25%,0.05%,1.66%,0.03%,0.60%,0.02%,0.55%,0.02%,0.08%,0.02%,0.09%,0.01%,0.31%,0.01%,0.10%,0.01%,0.03%,0.01%,0.15%,0.01%,0.04%,0.01%,0.04%,0.01,1.41,0.01,0.77,0.01,0.66,0.01,0.66,0.01,0.44,0.01,0.29,0.01,0.28,0.01,0.21,0.01,0.15,0.01,0.13,0.01,0.10,0.00,0.07,115.70,117.06,118.26,0.36,0.55,0.83,2.25%,0.29,0.12%,1.19%,0.04%,1.77%,0.03%,0.50%,0.02%,0.40%,0.02%,0.11%,0.02%,0.08%,0.01%,0.19%,0.01%,0.04%,0.01%,0.07%,0.01%,0.06%,0.01%,0.03%,0.01%,0.05%,0.00,0.19,0.00,0.18,0.00,0.10,0.00,0.04,0.00,0.01,0.00,0.03,0.00,0.03,0.00,0.02,0.00,0.00,0.00,0.01,0.00,0.01,0.00,0.01,231.96,234.18,235.46,0.00,0.00,0.00,2.25%,0.00,0.12%,1.22%,0.04%,1.71%,0.03%,0.54%,0.02%,0.47%,0.02%,0.07%,0.01%,0.04%,0.01%,0.25%,0.01%,0.06%,0.01%,0.02%,0.01%,0.10%,0.01%,0.02%,0.01%,0.02%,0.00,0.00,0.00,0.00,0.00,0.00,0.00,0.00,0.00,0.00,0.00,0.00,0.00,0.00,0.00,0.00,0.00,0.00,0.00,0.00,0.00,0.00,0.00,0.00,492,0.829,408,36,59.96,60.00,60.05
31-Jul-2018 08:50:00,10.000,Y,115.88,117.74,118.38,3.47,3.68,4.00,2.25%,1.99,0.10%,1.24%,0.04%,1.64%,0.03%,0.61%,0.02%,0.56%,0.02%,0.09%,0.01%,0.09%,0.01%,0.32%,0.01%,0.11%,0.01%,0.03%,0.01%,0.15%,0.01%,0.04%,0.01%,0.03%,0.01,1.43,0.01,0.77,0.01,0.67,0.01,0.66,0.01,0.44,0.01,0.30,0.01,0.28,0.01,0.21,0.01,0.14,0.01,0.13,0.01,0.09,0.00,0.07,115.54,116.96,118.06,0.55,0.72,1.18,2.24%,0.33,0.10%,1.18%,0.04%,1.75%,0.03%,0.53%,0.02%,0.40%,0.02%,0.10%,0.01%,0.08%,0.01%,0.20%,0.01%,0.04%,0.01%,0.08%,0.01%,0.07%,0.01%,0.04%,0.01%,0.05%,0.00,0.24,0.00,0.17,0.00,0.10,0.00,0.05,0.00,0.01,0.00,0.03,0.00,0.03,0.00,0.03,0.00,0.00,0.00,0.01,0.00,0.01,0.00,0.01,231.44,233.92,234.96,0.00,0.00,0.00,2.23%,0.00,0.10%,1.21%,0.04%,1.69%,0.03%,0.57%,0.02%,0.48%,0.02%,0.06%,0.01%,0.04%,0.01%,0.26%,0.01%,0.07%,0.01%,0.03%,0.01%,0.11%,0.01%,0.03%,0.01%,0.03%,0.00,0.00,0.00,0.00,0.00,0.00,0.00,0.00,0.00,0.00,0.00,0.00,0.00,0.00,0.00,0.00,0.00,0.00,0.00,0.00,0.00,0.00,0.00,0.00,516,0.838,432,36,59.94,59.99,60.04
31-Jul-2018 09:00:00,10.000,Y,116.26,117.48,117.94,3.54,3.68,3.97,2.21%,1.99,0.12%,1.25%,0.04%,1.57%,0.03%,0.60%,0.02%,0.56%,0.02%,0.09%,0.01%,0.08%,0.01%,0.30%,0.01%,0.11%,0.01%,0.03%,0.01%,0.14%,0.01%,0.04%,0.01%,0.03%,0.01,1.44,0.01,0.77,0.01,0.66,0.01,0.66,0.01,0.44,0.01,0.29,0.01,0.26,0.01,0.20,0.01,0.13,0.01,0.12,0.01,0.09,0.00,0.06,116.78,117.64,118.28,0.63,0.71,1.10,2.21%,0.32,0.12%,1.22%,0.04%,1.69%,0.03%,0.52%,0.02%,0.42%,0.02%,0.10%,0.01%,0.08%,0.01%,0.20%,0.01%,0.04%,0.01%,0.07%,0.01%,0.07%,0.01%,0.04%,0.01%,0.06%,0.00,0.24,0.00,0.17,0.00,0.10,0.00,0.05,0.00,0.01,0.00,0.03,0.00,0.03,0.00,0.03,0.00,0.00,0.00,0.01,0.00,0.01,0.00,0.01,232.96,234.32,235.30,0.00,0.00,0.00,2.20%,0.00,0.12%,1.23%,0.04%,1.63%,0.03%,0.56%,0.02%,0.49%,0.02%,0.07%,0.01%,0.03%,0.01%,0.25%,0.01%,0.07%,0.01%,0.02%,0.01%,0.10%,0.01%,0.02%,0.01%,0.03%,0.00,0.00,0.00,0.00,0.00,0.00,0.00,0.00,0.00,0.00,0.00,0.00,0.00,0.00,0.00,0.00,0.00,0.00,0.00,0.00,0.00,0.00,0.00,0.00,516,0.839,432,36,59.95,60.00,60.06
31-Jul-2018 09:50:00,10.000,N,0.00,54.72,117.48,0.00,1.78,4.71,0.92%,0.89,0.07%,0.52%,0.02%,0.64%,0.02%,0.26%,0.01%,0.26%,0.01%,0.04%,0.01%,0.03%,0.01%,0.12%,0.01%,0.05%,0.01%,0.02%,0.01%,0.06%,0.00%,0.03%,0.00%,0.01%,0.01,0.66,0.00,0.34,0.00,0.27,0.00,0.28,0.00,0.19,0.00,0.13,0.00,0.12,0.00,0.10,0.00,0.06,0.00,0.05,0.00,0.04,0.00,0.02,0.00,54.58,117.50,0.00,0.39,1.22,0.90%,0.15,0.07%,0.50%,0.02%,0.68%,0.01%,0.21%,0.01%,0.20%,0.01%,0.04%,0.01%,0.04%,0.01%,0.08%,0.01%,0.01%,0.01%,0.03%,0.01%,0.03%,0.00%,0.01%,0.00%,0.02%,0.00,0.11,0.00,0.09,0.00,0.05,0.00,0.03,0.00,0.00,0.00,0.01,0.00,0.01,0.00,0.01,0.00,0.00,0.00,0.00,0.00,0.00,0.00,0.00,0.00,108.94,233.98,0.00,0.00,0.00,0.91%,0.00,0.06%,0.51%,0.02%,0.66%,0.01%,0.23%,0.01%,0.23%,0.01%,0.03%,0.01%,0.02%,0.01%,0.10%,0.01%,0.03%,0.01%,0.01%,0.00%,0.04%,0.00%,0.01%,0.00%,0.01%,0.00,0.00,0.00,0.00,0.00,0.00,0.00,0.00,0.00,0.00,0.00,0.00,0.00,0.00,0.00,0.00,0.00,0.00,0.00,0.00,0.00,0.00,0.00,0.00,252,0.938,216,24,0.00,28.24,60.06
31-Jul-2018 10:00:00,10.000,Y,114.52,116.32,117.00,3.76,9.34,10.81,2.03%,2.12,0.15%,1.20%,0.06%,1.36%,0.04%,0.57%,0.03%,0.57%,0.02%,0.11%,0.02%,0.08%,0.02%,0.27%,0.02%,0.13%,0.01%,0.06%,0.01%,0.13%,0.01%,0.06%,0.01%,0.02%,0.02,1.50,0.01,0.85,0.01,0.72,0.01,0.70,0.01,0.47,0.01,0.31,0.01,0.30,0.01,0.23,0.01,0.15,0.01,0.14,0.01,0.11,0.01,0.07,115.68,116.54,117.04,0.63,0.75,1.24,2.01%,0.33,0.15%,1.15%,0.06%,1.48%,0.04%,0.47%,0.03%,0.43%,0.02%,0.09%,0.02%,0.09%,0.02%,0.17%,0.01%,0.04%,0.01%,0.05%,0.01%,0.07%,0.01%,0.02%,0.01%,0.06%,0.00,0.24,0.00,0.18,0.00,0.11,0.00,0.06,0.00,0.01,0.00,0.03,0.00,0.03,0.00,0.03,0.00,0.01,0.00,0.01,0.00,0.01,0.00,0.01,229.78,232.08,232.70,0.00,0.00,0.00,2.00%,0.00,0.15%,1.18%,0.06%,1.42%,0.04%,0.51%,0.03%,0.50%,0.02%,0.08%,0.02%,0.04%,0.02%,0.21%,0.01%,0.08%,0.01%,0.02%,0.01%,0.09%,0.01%,0.03%,0.01%,0.02%,0.00,0.00,0.00,0.00,0.00,0.00,0.00,0.00,0.00,0.00,0.00,0.00,0.00,0.00,0.00,0.00,0.00,0.00,0.00,0.00,0.00,0.00,0.00,0.00,1164,0.951,1128,12,59.96,60.01,60.08
31-Jul-2018 10:10:00,10.000,Y,114.42,116.10,116.84,3.80,4.75,10.60,2.10%,2.18,0.14%,1.26%,0.06%,1.39%,0.03%,0.58%,0.03%,0.58%,0.02%,0.11%,0.02%,0.08%,0.02%,0.29%,0.01%,0.12%,0.01%,0.05%,0.01%,0.13%,0.01%,0.05%,0.01%,0.02%,0.02,1.58,0.01,0.85,0.01,0.71,0.01,0.71,0.01,0.48,0.01,0.31,0.01,0.30,0.01,0.22,0.01,0.14,0.01,0.13,0.01,0.11,0.00,0.07,115.16,116.28,116.84,0.63,0.72,1.11,2.12%,0.33,0.15%,1.23%,0.06%,1.54%,0.03%,0.52%,0.03%,0.47%,0.02%,0.10%,0.02%,0.09%,0.02%,0.19%,0.01%,0.04%,0.01%,0.06%,0.01%,0.08%,0.01%,0.02%,0.01%,0.06%,0.00,0.24,0.00,0.17,0.00,0.10,0.00,0.05,0.00,0.01,0.00,0.03,0.00,0.04,0.00,0.03,0.00,0.01,0.00,0.01,0.00,0.01,0.00,0.01,229.70,231.60,232.50,0.00,0.00,0.00,2.09%,0.00,0.14%,1.25%,0.06%,1.47%,0.03%,0.54%,0.03%,0.52%,0.02%,0.09%,0.02%,0.04%,0.02%,0.23%,0.01%,0.08%,0.01%,0.02%,0.01%,0.09%,0.01%,0.03%,0.01%,0.03%,0.00,0.00,0.00,0.00,0.00,0.00,0.00,0.00,0.00,0.00,0.00,0.00,0.00,0.00,0.00,0.00,0.00,0.00,0.00,0.00,0.00,0.00,0.00,0.00,636,0.848,552,24,59.96,60.01,60.05
31-Jul-2018 10:20:00,10.000,Y,115.16,116.40,116.84,3.82,4.46,10.67,2.16%,2.23,0.10%,1.29%,0.04%,1.44%,0.02%,0.64%,0.02%,0.62%,0.02%,0.11%,0.01%,0.09%,0.01%,0.30%,0.01%,0.11%,0.01%,0.04%,0.01%,0.14%,0.01%,0.04%,0.01%,0.02%,0.01,1.61,0.01,0.87,0.01,0.74,0.01,0.74,0.01,0.48,0.01,0.31,0.01,0.29,0.01,0.22,0.01,0.14,0.01,0.14,0.00,0.11,0.00,0.08,114.42,115.74,116.34,0.50,0.72,1.20,2.27%,0.32,0.10%,1.34%,0.04%,1.64%,0.02%,0.56%,0.02%,0.46%,0.02%,0.12%,0.01%,0.12%,0.01%,0.22%,0.01%,0.06%,0.01%,0.06%,0.01%,0.09%,0.01%,0.03%,0.01%,0.06%,0.00,0.24,0.00,0.17,0.00,0.11,0.00,0.06,0.00,0.01,0.00,0.03,0.00,0.03,0.00,0.03,0.00,0.01,0.00,0.01,0.00,0.01,0.00,0.01,229.22,231.36,232.08,0.00,0.00,0.00,2.20%,0.00,0.10%,1.32%,0.04%,1.54%,0.02%,0.58%,0.02%,0.53%,0.01%,0.08%,0.01%,0.07%,0.01%,0.25%,0.01%,0.08%,0.01%,0.01%,0.01%,0.11%,0.01%,0.02%,0.01%,0.03%,0.00,0.00,0.00,0.00,0.00,0.00,0.00,0.00,0.00,0.00,0.00,0.00,0.00,0.00,0.00,0.00,0.00,0.00,0.00,0.00,0.00,0.00,0.00,0.00,600,0.841,516,24,59.92,59.99,60.04
31-Jul-2018 10:30:00,10.000,Y,115.36,116.50,116.92,3.52,4.46,11.00,2.20%,2.11,0.10%,1.31%,0.04%,1.47%,0.03%,0.63%,0.02%,0.63%,0.02%,0.09%,0.01%,0.09%,0.01%,0.30%,0.01%,0.11%,0.01%,0.03%,0.01%,0.14%,0.01%,0.04%,0.01%,0.02%,0.02,1.53,0.01,0.81,0.01,0.70,0.01,0.70,0.01,0.46,0.01,0.29,0.01,0.29,0.01,0.21,0.01,0.13,0.00,0.14,0.00,0.10,0.00,0.07,114.24,115.14,115.64,0.49,0.62,1.02,2.30%,0.25,0.10%,1.37%,0.04%,1.65%,0.03%,0.56%,0.02%,0.49%,0.02%,0.12%,0.01%,0.12%,0.01%,0.22%,0.01%,0.06%,0.01%,0.06%,0.01%,0.09%,0.01%,0.04%,0.01%,0.06%,0.00,0.18,0.00,0.13,0.00,0.08,0.00,0.05,0.00,0.02,0.00,0.03,0.00,0.02,0.00,0.02,0.00,0.01,0.00,0.00,0.00,0.01,0.00,0.01,229.52,230.86,231.54,0.00,0.00,0.00,2.23%,0.00,0.10%,1.34%,0.04%,1.56%,0.03%,0.59%,0.02%,0.56%,0.02%,0.08%,0.01%,0.07%,0.01%,0.26%,0.01%,0.08%,0.01%,0.02%,0.01%,0.11%,0.01%,0.02%,0.01%,0.03%,0.00,0.00,0.00,0.00,0.00,0.00,0.00,0.00,0.00,0.00,0.00,0.00,0.00,0.00,0.00,0.00,0.00,0.00,0.00,0.00,0.00,0.00,0.00,0.00,588,0.850,504,24,59.93,59.99,60.06
31-Jul-2018 10:40:00,10.000,Y,115.24,116.28,116.66,3.52,4.00,10.37,2.18%,1.95,0.11%,1.34%,0.04%,1.44%,0.03%,0.62%,0.02%,0.60%,0.02%,0.08%,0.01%,0.09%,0.01%,0.29%,0.01%,0.11%,0.01%,0.04%,0.01%,0.13%,0.01%,0.03%,0.01%,0.02%,0.01,1.42,0.01,0.74,0.01,0.63,0.01,0.64,0.01,0.43,0.01,0.28,0.01,0.27,0.01,0.20,0.01,0.13,0.00,0.12,0.00,0.10,0.00,0.07,114.16,115.12,115.46,0.65,0.74,1.33,2.30%,0.33,0.11%,1.38%,0.04%,1.63%,0.03%,0.60%,0.02%,0.51%,0.02%,0.10%,0.01%,0.11%,0.01%,0.21%,0.01%,0.07%,0.01%,0.06%,0.01%,0.08%,0.01%,0.03%,0.01%,0.06%,0.00,0.25,0.00,0.18,0.00,0.11,0.00,0.05,0.00,0.02,0.00,0.03,0.00,0.03,0.00,0.03,0.00,0.01,0.00,0.01,0.00,0.01,0.00,0.01,228.76,230.62,231.24,0.00,0.00,0.00,2.23%,0.00,0.11%,1.36%,0.04%,1.53%,0.03%,0.60%,0.02%,0.55%,0.02%,0.07%,0.01%,0.07%,0.01%,0.25%,0.01%,0.08%,0.01%,0.02%,0.01%,0.10%,0.01%,0.01%,0.01%,0.03%,0.00,0.00,0.00,0.00,0.00,0.00,0.00,0.00,0.00,0.00,0.00,0.00,0.00,0.00,0.00,0.00,0.00,0.00,0.00,0.00,0.00,0.00,0.00,0.00,552,0.848,468,36,59.93,59.99,60.04
31-Jul-2018 10:50:00,10.000,Y,114.78,116.24,116.74,3.51,4.30,10.67,2.18%,2.09,0.14%,1.35%,0.05%,1.43%,0.03%,0.61%,0.02%,0.61%,0.02%,0.08%,0.02%,0.08%,0.01%,0.29%,0.01%,0.11%,0.01%,0.04%,0.01%,0.13%,0.01%,0.04%,0.01%,0.02%,0.02,1.51,0.01,0.81,0.01,0.70,0.01,0.69,0.01,0.46,0.01,0.30,0.01,0.28,0.01,0.21,0.01,0.13,0.01,0.13,0.01,0.10,0.00,0.07,113.74,114.74,115.38,0.65,0.73,1.19,2.30%,0.34,0.14%,1.40%,0.05%,1.63%,0.03%,0.57%,0.02%,0.49%,0.02%,0.10%,0.02%,0.12%,0.01%,0.22%,0.01%,0.07%,0.01%,0.06%,0.01%,0.08%,0.01%,0.05%,0.01%,0.06%,0.00,0.25,0.00,0.18,0.00,0.11,0.00,0.06,0.00,0.01,0.00,0.03,0.00,0.03,0.00,0.03,0.00,0.01,0.00,0.01,0.00,0.01,0.00,0.01,228.26,230.18,230.96,0.00,0.00,0.00,2.23%,0.00,0.14%,1.38%,0.05%,1.53%,0.03%,0.58%,0.02%,0.55%,0.02%,0.07%,0.02%,0.07%,0.01%,0.25%,0.01%,0.08%,0.01%,0.02%,0.01%,0.11%,0.01%,0.03%,0.01%,0.03%,0.00,0.00,0.00,0.00,0.00,0.00,0.00,0.00,0.00,0.00,0.00,0.00,0.00,0.00,0.00,0.00,0.00,0.00,0.00,0.00,0.00,0.00,0.00,0.00,576,0.845,492,24,59.96,60.01,60.06
31-Jul-2018 11:00:00,10.000,Y,115.20,116.26,116.82,3.49,4.22,10.52,2.20%,2.04,0.14%,1.37%,0.05%,1.43%,0.03%,0.63%,0.02%,0.61%,0.02%,0.09%,0.02%,0.08%,0.02%,0.29%,0.01%,0.11%,0.01%,0.03%,0.01%,0.14%,0.01%,0.04%,0.01%,0.02%,0.02,1.47,0.01,0.78,0.01,0.69,0.01,0.69,0.01,0.45,0.01,0.29,0.01,0.28,0.01,0.21,0.01,0.14,0.01,0.13,0.01,0.10,0.01,0.07,113.14,114.42,115.10,0.64,0.74,1.29,2.33%,0.34,0.14%,1.42%,0.05%,1.64%,0.03%,0.61%,0.02%,0.49%,0.02%,0.09%,0.02%,0.12%,0.01%,0.23%,0.01%,0.08%,0.01%,0.07%,0.01%,0.08%,0.01%,0.06%,0.01%,0.07%,0.00,0.25,0.00,0.18,0.00,0.11,0.00,0.06,0.00,0.01,0.00,0.03,0.00,0.03,0.00,0.03,0.00,0.01,0.00,0.00,0.00,0.01,0.00,0.01,228.52,229.90,230.50,0.00,0.00,0.00,2.25%,0.00,0.14%,1.39%,0.05%,1.53%,0.03%,0.61%,0.02%,0.55%,0.02%,0.06%,0.02%,0.08%,0.01%,0.26%,0.01%,0.09%,0.01%,0.02%,0.01%,0.11%,0.01%,0.03%,0.01%,0.04%,0.00,0.00,0.00,0.00,0.00,0.00,0.00,0.00,0.00,0.00,0.00,0.00,0.00,0.00,0.00,0.00,0.00,0.00,0.00,0.00,0.00,0.00,0.00,0.00,576,0.845,492,24,59.95,60.01,60.08
31-Jul-2018 11:10:00,10.000,Y,115.08,116.46,117.06,3.42,3.84,10.58,2.23%,2.00,0.13%,1.39%,0.05%,1.44%,0.03%,0.64%,0.03%,0.62%,0.02%,0.08%,0.01%,0.08%,0.01%,0.29%,0.01%,0.11%,0.01%,0.03%,0.01%,0.14%,0.01%,0.04%,0.01%,0.02%,0.01,1.43,0.01,0.75,0.01,0.68,0.01,0.68,0.01,0.44,0.01,0.29,0.01,0.28,0.01,0.21,0.01,0.13,0.01,0.12,0.00,0.09,0.00,0.06,112.92,114.92,116.32,0.65,0.76,1.49,2.26%,0.35,0.12%,1.38%,0.04%,1.59%,0.03%,0.59%,0.02%,0.49%,0.02%,0.09%,0.01%,0.11%,0.01%,0.21%,0.01%,0.06%,0.01%,0.06%,0.01%,0.07%,0.01%,0.06%,0.01%,0.06%,0.00,0.26,0.00,0.19,0.00,0.11,0.00,0.06,0.00,0.01,0.00,0.03,0.00,0.03,0.00,0.03,0.00,0.01,0.00,0.00,0.00,0.01,0.00,0.01,227.24,230.60,232.40,0.00,0.00,0.00,2.24%,0.00,0.13%,1.38%,0.04%,1.51%,0.03%,0.61%,0.02%,0.56%,0.02%,0.06%,0.01%,0.07%,0.01%,0.25%,0.01%,0.08%,0.01%,0.02%,0.01%,0.10%,0.01%,0.03%,0.01%,0.03%,0.00,0.00,0.00,0.00,0.00,0.00,0.00,0.00,0.00,0.00,0.00,0.00,0.00,0.00,0.00,0.00,0.00,0.00,0.00,0.00,0.00,0.00,0.00,0.00,528,0.843,444,36,59.95,60.00,60.05
31-Jul-2018 11:20:00,10.000,Y,114.90,116.34,116.88,3.49,3.73,4.07,2.24%,2.01,0.11%,1.44%,0.04%,1.42%,0.03%,0.62%,0.02%,0.62%,0.02%,0.07%,0.01%,0.09%,0.01%,0.29%,0.01%,0.11%,0.01%,0.04%,0.01%,0.13%,0.01%,0.04%,0.01%,0.01%,0.01,1.45,0.01,0.76,0.01,0.67,0.01,0.67,0.01,0.44,0.01,0.29,0.01,0.28,0.01,0.21,0.01,0.13,0.01,0.12,0.00,0.09,0.00,0.06,113.40,114.78,115.74,0.66,0.74,1.29,2.25%,0.34,0.12%,1.43%,0.04%,1.55%,0.03%,0.54%,0.02%,0.46%,0.02%,0.09%,0.01%,0.11%,0.01%,0.20%,0.01%,0.04%,0.01%,0.05%,0.01%,0.07%,0.01%,0.04%,0.01%,0.05%,0.00,0.25,0.00,0.18,0.00,0.12,0.00,0.06,0.00,0.00,0.00,0.03,0.00,0.03,0.00,0.03,0.00,0.01,0.00,0.01,0.00,0.01,0.00,0.01,227.76,230.34,231.80,0.00,0.00,0.00,2.24%,0.00,0.11%,1.44%,0.04%,1.48%,0.03%,0.57%,0.02%,0.54%,0.02%,0.05%,0.01%,0.08%,0.01%,0.24%,0.01%,0.07%,0.01%,0.01%,0.01%,0.10%,0.01%,0.02%,0.01%,0.02%,0.00,0.00,0.00,0.00,0.00,0.00,0.00,0.00,0.00,0.00,0.00,0.00,0.00,0.00,0.00,0.00,0.00,0.00,0.00,0.00,0.00,0.00,0.00,0.00,516,0.838,432,36,59.95,59.99,60.04
31-Jul-2018 11:30:00,10.000,Y,114.02,115.92,116.50,3.67,3.92,4.06,2.28%,2.17,0.10%,1.48%,0.04%,1.45%,0.03%,0.61%,0.02%,0.62%,0.02%,0.08%,0.01%,0.08%,0.01%,0.29%,0.01%,0.11%,0.01%,0.04%,0.01%,0.13%,0.01%,0.04%,0.01%,0.01%,0.02,1.56,0.01,0.84,0.01,0.73,0.01,0.72,0.01,0.47,0.01,0.31,0.01,0.30,0.01,0.22,0.01,0.13,0.01,0.12,0.00,0.09,0.00,0.06,114.06,114.94,115.54,0.66,0.75,1.41,2.28%,0.35,0.10%,1.44%,0.04%,1.58%,0.03%,0.54%,0.02%,0.48%,0.02%,0.09%,0.01%,0.11%,0.01%,0.22%,0.01%,0.05%,0.01%,0.04%,0.01%,0.07%,0.01%,0.04%,0.01%,0.05%,0.00,0.25,0.00,0.19,0.00,0.12,0.00,0.06,0.00,0.01,0.00,0.03,0.00,0.03,0.00,0.03,0.00,0.01,0.00,0.01,0.00,0.01,0.00,0.01,228.30,230.10,230.80,0.00,0.00,0.00,2.27%,0.00,0.10%,1.46%,0.04%,1.52%,0.03%,0.57%,0.02%,0.55%,0.02%,0.05%,0.01%,0.07%,0.01%,0.25%,0.01%,0.08%,0.01%,0.01%,0.01%,0.10%,0.01%,0.03%,0.01%,0.02%,0.00,0.00,0.00,0.00,0.00,0.00,0.00,0.00,0.00,0.00,0.00,0.00,0.00,0.00,0.00,0.00,0.00,0.00,0.00,0.00,0.00,0.00,0.00,0.00,540,0.832,444,24,59.95,59.99,60.03
31-Jul-2018 11:40:00,10.000,Y,114.82,116.14,116.66,3.46,3.82,4.04,2.29%,2.09,0.11%,1.49%,0.05%,1.44%,0.03%,0.63%,0.02%,0.62%,0.02%,0.07%,0.01%,0.08%,0.01%,0.29%,0.01%,0.10%,0.01%,0.04%,0.01%,0.14%,0.01%,0.04%,0.01%,0.02%,0.01,1.51,0.01,0.81,0.01,0.70,0.01,0.70,0.01,0.45,0.01,0.29,0.01,0.28,0.01,0.21,0.01,0.13,0.00,0.12,0.00,0.08,0.00,0.06,114.08,115.10,115.52,0.66,0.77,1.30,2.32%,0.35,0.12%,1.49%,0.05%,1.58%,0.03%,0.56%,0.02%,0.47%,0.02%,0.11%,0.01%,0.11%,0.01%,0.21%,0.01%,0.06%,0.01%,0.05%,0.01%,0.08%,0.01%,0.05%,0.01%,0.05%,0.00,0.25,0.00,0.19,0.00,0.11,0.00,0.06,0.00,0.00,0.00,0.03,0.00,0.03,0.00,0.03,0.00,0.01,0.00,0.01,0.00,0.01,0.00,0.01,229.16,230.48,231.14,0.00,0.00,0.00,2.29%,0.00,0.11%,1.49%,0.05%,1.51%,0.03%,0.59%,0.02%,0.54%,0.02%,0.07%,0.01%,0.08%,0.01%,0.25%,0.01%,0.07%,0.01%,0.01%,0.01%,0.11%,0.01%,0.03%,0.01%,0.02%,0.00,0.00,0.00,0.00,0.00,0.00,0.00,0.00,0.00,0.00,0.00,0.00,0.00,0.00,0.00,0.00,0.00,0.00,0.00,0.00,0.00,0.00,0.00,0.00,528,0.835,444,24,59.96,60.00,60.05
31-Jul-2018 11:50:00,10.000,Y,114.74,116.22,116.82,3.46,3.75,4.07,2.27%,2.04,0.12%,1.48%,0.04%,1.43%,0.03%,0.63%,0.02%,0.62%,0.02%,0.08%,0.01%,0.09%,0.01%,0.28%,0.01%,0.09%,0.01%,0.03%,0.01%,0.13%,0.01%,0.03%,0.01%,0.02%,0.01,1.47,0.01,0.79,0.01,0.69,0.01,0.68,0.01,0.44,0.01,0.28,0.01,0.28,0.01,0.21,0.01,0.13,0.00,0.12,0.00,0.08,0.00,0.06,113.24,115.02,115.52,0.66,0.76,1.34,2.31%,0.34,0.12%,1.48%,0.04%,1.59%,0.03%,0.56%,0.02%,0.46%,0.02%,0.11%,0.01%,0.11%,0.01%,0.20%,0.01%,0.06%,0.01%,0.05%,0.01%,0.07%,0.01%,0.05%,0.01%,0.05%,0.00,0.25,0.00,0.18,0.00,0.11,0.00,0.06,0.00,0.01,0.00,0.03,0.00,0.03,0.00,0.03,0.00,0.01,0.00,0.01,0.00,0.01,0.00,0.01,227.34,230.46,231.06,0.00,0.00,0.00,2.28%,0.00,0.12%,1.48%,0.04%,1.51%,0.03%,0.59%,0.02%,0.54%,0.02%,0.06%,0.01%,0.08%,0.01%,0.24%,0.01%,0.07%,0.01%,0.02%,0.01%,0.10%,0.01%,0.03%,0.01%,0.03%,0.00,0.00,0.00,0.00,0.00,0.00,0.00,0.00,0.00,0.00,0.00,0.00,0.00,0.00,0.00,0.00,0.00,0.00,0.00,0.00,0.00,0.00,0.00,0.00,516,0.837,432,24,59.95,59.99,60.05